1055	1644	
1644	1055	
202	614	
614	202	
1120	3278	
3278	1120	
267	1747	
1747	267	
1914	2933	
2933	1914	
2401	2743	
2743	2401	
1831	2487	
2487	1831	
827	2470	
2470	827	
128	1804	
1804	128	
754	3311	
3311	754	
903	2020	
2020	903	
410	1202	
1202	410	
1344	1845	
1845	1344	
162	1655	
1655	162	
1732	2761	
2761	1732	
830	2114	
2114	830	
1015	3256	
3256	1015	
490	2289	
2289	490	
645	3255	
3255	645	
2100	2390	
2390	2100	
1862	2856	
2856	1862	
1788	2933	
2933	1788	
508	1718	
1718	508	
1111	2916	
2916	1111	
1574	2567	
2567	1574	
164	2693	
2693	164	
702	2304	
2304	702	
585	1541	
1541	585	
1401	2485	
2485	1401	
50	1383	
1383	50	
1353	2394	
2394	1353	
1688	3198	
3198	1688	
110	474	
474	110	
2514	2805	
2805	2514	
1090	1468	
1468	1090	
1404	1644	
1644	1404	
1349	1497	
1497	1349	
2165	2949	
2949	2165	
1583	2187	
2187	1583	
1036	1236	
1236	1036	
167	1737	
1737	167	
1599	2982	
2982	1599	
1193	3219	
3219	1193	
1708	3052	
3052	1708	
1384	3145	
3145	1384	
208	2115	
2115	208	
682	2117	
2117	682	
1649	1950	
1950	1649	
772	1029	
1029	772	
1447	2878	
2878	1447	
2476	2663	
2663	2476	
2068	2474	
2474	2068	
824	2862	
2862	824	
330	658	
658	330	
66	2632	
2632	66	
2338	2867	
2867	2338	
28	374	
374	28	
635	2383	
2383	635	
989	2813	
2813	989	
1453	1812	
1812	1453	
1507	2534	
2534	1507	
130	2635	
2635	130	
1731	2447	
2447	1731	
1781	1962	
1962	1781	
120	243	
243	120	
47	2721	
2721	47	
2122	3081	
3081	2122	
158	1878	
1878	158	
115	2123	
2123	115	
1605	2334	
2334	1605	
1758	2552	
2552	1758	
1772	2291	
2291	1772	
4	2358	
2358	4	
216	3214	
3214	216	
100	1100	
1100	100	
198	2259	
2259	198	
497	2086	
2086	497	
638	1517	
1517	638	
1930	2415	
2415	1930	
2041	2458	
2458	2041	
181	1724	
1724	181	
1607	2267	
2267	1607	
325	2636	
2636	325	
327	2705	
2705	327	
2455	2904	
2904	2455	
1544	2433	
2433	1544	
891	894	
894	891	
1722	1964	
1964	1722	
1591	3233	
3233	1591	
127	3047	
3047	127	
1995	3313	
3313	1995	
734	1049	
1049	734	
641	2801	
2801	641	
949	3002	
3002	949	
412	2003	
2003	412	
759	797	
797	759	
2214	2555	
2555	2214	
2703	3190	
3190	2703	
659	2541	
2541	659	
711	1068	
1068	711	
2545	3249	
3249	2545	
481	2026	
2026	481	
647	1119	
1119	647	
2183	2375	
2375	2183	
942	2552	
2552	942	
1148	1423	
1423	1148	
1127	2271	
2271	1127	
1830	2213	
2213	1830	
932	3255	
3255	932	
893	2604	
2604	893	
1327	1632	
1632	1327	
2174	2541	
2541	2174	
2002	2418	
2418	2002	
2199	2455	
2455	2199	
49	966	
966	49	
470	1483	
1483	470	
2136	3051	
3051	2136	
2126	3098	
3098	2126	
1735	3030	
3030	1735	
2709	2778	
2778	2709	
933	1159	
1159	933	
1794	2518	
2518	1794	
2260	2346	
2346	2260	
2773	3059	
3059	2773	
538	1688	
1688	538	
2634	2892	
2892	2634	
2488	2540	
2540	2488	
78	2791	
2791	78	
251	2094	
2094	251	
1304	1489	
1489	1304	
1906	2037	
2037	1906	
814	1270	
1270	814	
2044	2420	
2420	2044	
313	2730	
2730	313	
240	2012	
2012	240	
799	980	
980	799	
1047	3103	
3103	1047	
1604	2345	
2345	1604	
1402	2043	
2043	1402	
1749	2064	
2064	1749	
120	771	
771	120	
504	2755	
2755	504	
105	1570	
1570	105	
516	1434	
1434	516	
1865	2716	
2716	1865	
871	1000	
1000	871	
437	1429	
1429	437	
823	1770	
1770	823	
226	3233	
3233	226	
948	2801	
2801	948	
46	3244	
3244	46	
1406	2712	
2712	1406	
705	966	
966	705	
1804	2760	
2760	1804	
754	1580	
1580	754	
932	1490	
1490	932	
1025	1277	
1277	1025	
2680	2858	
2858	2680	
393	2132	
2132	393	
1040	1772	
1772	1040	
37	2298	
2298	37	
1294	1589	
1589	1294	
1001	1301	
1301	1001	
421	1287	
1287	421	
2035	2499	
2499	2035	
144	174	
174	144	
2396	2957	
2957	2396	
1776	2912	
2912	1776	
1295	1561	
1561	1295	
553	2889	
2889	553	
1220	3091	
3091	1220	
257	1917	
1917	257	
155	2440	
2440	155	
1670	2928	
2928	1670	
79	1175	
1175	79	
1361	2056	
2056	1361	
569	1362	
1362	569	
1069	1341	
1341	1069	
128	350	
350	128	
1180	1351	
1351	1180	
4	351	
351	4	
2279	2358	
2358	2279	
89	1010	
1010	89	
1007	3037	
3037	1007	
1059	2011	
2011	1059	
559	3031	
3031	559	
1337	1974	
1974	1337	
1881	2382	
2382	1881	
1076	1749	
1749	1076	
547	1213	
1213	547	
361	846	
846	361	
1295	2194	
2194	1295	
1134	2887	
2887	1134	
2196	2908	
2908	2196	
518	2796	
2796	518	
1732	2190	
2190	1732	
105	1042	
1042	105	
413	1562	
1562	413	
226	2892	
2892	226	
1031	2512	
2512	1031	
160	2651	
2651	160	
1405	1899	
1899	1405	
1921	1985	
1985	1921	
1477	2787	
2787	1477	
1693	1717	
1717	1693	
1320	1803	
1803	1320	
241	678	
678	241	
901	938	
938	901	
1895	3272	
3272	1895	
1380	1766	
1766	1380	
913	2839	
2839	913	
492	2355	
2355	492	
2650	2924	
2924	2650	
1410	2762	
2762	1410	
1805	2099	
2099	1805	
355	841	
841	355	
174	525	
525	174	
1619	1984	
1984	1619	
681	2125	
2125	681	
2242	2772	
2772	2242	
592	2671	
2671	592	
2524	2547	
2547	2524	
1037	1333	
1333	1037	
1506	1978	
1978	1506	
2210	3286	
3286	2210	
1897	2077	
2077	1897	
2045	2887	
2887	2045	
754	2514	
2514	754	
284	1635	
1635	284	
1027	1297	
1297	1027	
131	3126	
3126	131	
2573	3065	
3065	2573	
2419	3281	
3281	2419	
668	2898	
2898	668	
969	2732	
2732	969	
2204	2746	
2746	2204	
893	1594	
1594	893	
641	1442	
1442	641	
1081	1491	
1491	1081	
562	694	
694	562	
59	1428	
1428	59	
1824	2119	
2119	1824	
1844	2672	
2672	1844	
551	1849	
1849	551	
1008	2325	
2325	1008	
1488	2335	
2335	1488	
938	2752	
2752	938	
478	2298	
2298	478	
2614	2692	
2692	2614	
1924	2863	
2863	1924	
219	2874	
2874	219	
556	1778	
1778	556	
59	2631	
2631	59	
416	1945	
1945	416	
2928	3297	
3297	2928	
1108	2398	
2398	1108	
52	2449	
2449	52	
1633	2043	
2043	1633	
1730	2542	
2542	1730	
1353	1557	
1557	1353	
447	1721	
1721	447	
1862	1950	
1950	1862	
1173	1187	
1187	1173	
1101	2944	
2944	1101	
357	3239	
3239	357	
1493	2051	
2051	1493	
1424	1573	
1573	1424	
538	959	
959	538	
2100	2731	
2731	2100	
1064	1992	
1992	1064	
1502	2552	
2552	1502	
127	2639	
2639	127	
1191	1884	
1884	1191	
1211	1824	
1824	1211	
61	3160	
3160	61	
1508	2225	
2225	1508	
718	2436	
2436	718	
739	830	
830	739	
721	2549	
2549	721	
824	1041	
1041	824	
197	206	
206	197	
62	2859	
2859	62	
182	2150	
2150	182	
1682	3279	
3279	1682	
683	2401	
2401	683	
2641	3245	
3245	2641	
438	771	
771	438	
1783	2839	
2839	1783	
1838	3302	
3302	1838	
2432	3055	
3055	2432	
2508	2687	
2687	2508	
2156	3064	
3064	2156	
2745	3121	
3121	2745	
722	2909	
2909	722	
944	3191	
3191	944	
286	2201	
2201	286	
633	1488	
1488	633	
2071	2385	
2385	2071	
1789	2676	
2676	1789	
2193	3289	
3289	2193	
591	1415	
1415	591	
316	826	
826	316	
796	2019	
2019	796	
200	474	
474	200	
146	2938	
2938	146	
1941	3205	
3205	1941	
656	1107	
1107	656	
1042	1534	
1534	1042	
1935	2821	
2821	1935	
1095	1443	
1443	1095	
1666	2067	
2067	1666	
1752	2290	
2290	1752	
248	2268	
2268	248	
1786	2342	
2342	1786	
1990	3198	
3198	1990	
469	2609	
2609	469	
220	270	
270	220	
674	2276	
2276	674	
849	3173	
3173	849	
1079	1706	
1706	1079	
659	2644	
2644	659	
1667	1828	
1828	1667	
2082	2300	
2300	2082	
160	1938	
1938	160	
1058	2195	
2195	1058	
669	2810	
2810	669	
1685	1745	
1745	1685	
1620	3314	
3314	1620	
2158	3177	
3177	2158	
1066	1670	
1670	1066	
1833	2659	
2659	1833	
2610	3301	
3301	2610	
46	949	
949	46	
815	1933	
1933	815	
2405	3145	
3145	2405	
1876	2387	
2387	1876	
106	2405	
2405	106	
2041	2267	
2267	2041	
880	912	
912	880	
125	2903	
2903	125	
286	3108	
3108	286	
668	1094	
1094	668	
2319	3054	
3054	2319	
145	1787	
1787	145	
1961	3028	
3028	1961	
7	2600	
2600	7	
1219	1730	
1730	1219	
2557	3144	
3144	2557	
759	2602	
2602	759	
480	1595	
1595	480	
1932	3301	
3301	1932	
1829	2493	
2493	1829	
1190	2974	
2974	1190	
879	2627	
2627	879	
1676	2601	
2601	1676	
471	1462	
1462	471	
3092	3311	
3311	3092	
2666	2782	
2782	2666	
980	2910	
2910	980	
2215	2336	
2336	2215	
1569	2681	
2681	1569	
133	2367	
2367	133	
16	634	
634	16	
1737	2010	
2010	1737	
2087	2514	
2514	2087	
1201	2407	
2407	1201	
227	1619	
1619	227	
278	1888	
1888	278	
288	1748	
1748	288	
306	2181	
2181	306	
1250	1540	
1540	1250	
303	1546	
1546	303	
2562	2827	
2827	2562	
66	110	
110	66	
1305	1768	
1768	1305	
45	2953	
2953	45	
1000	2505	
2505	1000	
711	1734	
1734	711	
88	2475	
2475	88	
936	1775	
1775	936	
558	2793	
2793	558	
390	582	
582	390	
1083	3194	
3194	1083	
730	2796	
2796	730	
177	1325	
1325	177	
987	1017	
1017	987	
1651	2712	
2712	1651	
284	2405	
2405	284	
2338	2997	
2997	2338	
127	1308	
1308	127	
228	762	
762	228	
1180	1491	
1491	1180	
430	1579	
1579	430	
2341	2980	
2980	2341	
1749	3065	
3065	1749	
571	1950	
1950	571	
1879	3315	
3315	1879	
2720	2851	
2851	2720	
808	2367	
2367	808	
1216	2076	
2076	1216	
532	2856	
2856	532	
2194	2500	
2500	2194	
2454	2615	
2615	2454	
2861	3074	
3074	2861	
35	1138	
1138	35	
552	1809	
1809	552	
121	699	
699	121	
1280	1940	
1940	1280	
1052	1651	
1651	1052	
289	1308	
1308	289	
207	483	
483	207	
612	3004	
3004	612	
467	2709	
2709	467	
2160	2921	
2921	2160	
876	2540	
2540	876	
2355	2942	
2942	2355	
1336	3194	
3194	1336	
3158	3168	
3168	3158	
1386	2545	
2545	1386	
230	2611	
2611	230	
104	3066	
3066	104	
1190	2975	
2975	1190	
2025	2347	
2347	2025	
435	1265	
1265	435	
2995	3309	
3309	2995	
501	2119	
2119	501	
427	914	
914	427	
2859	3305	
3305	2859	
175	1579	
1579	175	
1236	1428	
1428	1236	
631	3184	
3184	631	
1430	2695	
2695	1430	
2455	2642	
2642	2455	
624	640	
640	624	
3211	3311	
3311	3211	
590	2031	
2031	590	
2123	2144	
2144	2123	
3264	3275	
3275	3264	
2649	3032	
3032	2649	
1703	3202	
3202	1703	
1055	1717	
1717	1055	
2018	2442	
2442	2018	
2140	3232	
3232	2140	
1421	2613	
2613	1421	
845	1355	
1355	845	
456	1956	
1956	456	
764	3090	
3090	764	
2845	3141	
3141	2845	
985	2457	
2457	985	
582	1311	
1311	582	
1492	2505	
2505	1492	
1715	1950	
1950	1715	
362	1247	
1247	362	
1466	2716	
2716	1466	
496	2231	
2231	496	
1205	1560	
1560	1205	
633	1231	
1231	633	
1865	2952	
2952	1865	
759	884	
884	759	
604	1872	
1872	604	
212	1107	
1107	212	
864	2069	
2069	864	
1548	1916	
1916	1548	
828	1165	
1165	828	
2551	3079	
3079	2551	
589	604	
604	589	
504	1943	
1943	504	
797	2171	
2171	797	
306	1238	
1238	306	
987	1901	
1901	987	
545	2660	
2660	545	
964	1346	
1346	964	
2660	2738	
2738	2660	
381	1769	
1769	381	
1521	1550	
1550	1521	
205	1415	
1415	205	
470	867	
867	470	
202	1695	
1695	202	
2523	3118	
3118	2523	
224	2259	
2259	224	
212	1034	
1034	212	
794	3246	
3246	794	
346	545	
545	346	
1640	1821	
1821	1640	
3052	3163	
3163	3052	
665	722	
722	665	
300	2611	
2611	300	
22	1811	
1811	22	
864	1560	
1560	864	
2973	3298	
3298	2973	
803	2687	
2687	803	
1389	1468	
1468	1389	
387	978	
978	387	
901	1909	
1909	901	
1101	1547	
1547	1101	
1936	2266	
2266	1936	
156	2705	
2705	156	
1101	1872	
1872	1101	
78	935	
935	78	
1820	2521	
2521	1820	
1551	2108	
2108	1551	
2736	3136	
3136	2736	
1151	2380	
2380	1151	
189	2756	
2756	189	
2429	3057	
3057	2429	
1457	2204	
2204	1457	
236	3288	
3288	236	
441	1308	
1308	441	
82	287	
287	82	
1720	3024	
3024	1720	
829	1488	
1488	829	
1970	2099	
2099	1970	
621	3204	
3204	621	
846	2048	
2048	846	
1579	2212	
2212	1579	
157	1340	
1340	157	
2216	3318	
3318	2216	
2410	3280	
3280	2410	
2520	3080	
3080	2520	
1675	1754	
1754	1675	
1163	2722	
2722	1163	
22	353	
353	22	
954	1216	
1216	954	
2134	2909	
2909	2134	
1368	1983	
1983	1368	
1121	2484	
2484	1121	
1984	3239	
3239	1984	
635	1330	
1330	635	
927	1838	
1838	927	
477	2239	
2239	477	
376	2955	
2955	376	
996	1023	
1023	996	
133	785	
785	133	
1103	3298	
3298	1103	
2202	2410	
2410	2202	
908	1870	
1870	908	
648	2861	
2861	648	
1573	1760	
1760	1573	
2535	2877	
2877	2535	
1747	2005	
2005	1747	
885	3262	
3262	885	
1272	1633	
1633	1272	
1320	2802	
2802	1320	
2809	3133	
3133	2809	
207	3079	
3079	207	
208	2425	
2425	208	
437	2495	
2495	437	
952	2450	
2450	952	
570	1869	
1869	570	
1227	2209	
2209	1227	
1000	2301	
2301	1000	
1062	3108	
3108	1062	
1788	2218	
2218	1788	
1506	2390	
2390	1506	
568	1328	
1328	568	
1242	2380	
2380	1242	
371	3296	
3296	371	
3120	3291	
3291	3120	
665	1822	
1822	665	
1642	2693	
2693	1642	
536	2528	
2528	536	
3198	3229	
3229	3198	
1476	2687	
2687	1476	
1087	2018	
2018	1087	
24	658	
658	24	
60	235	
235	60	
1623	2226	
2226	1623	
965	2065	
2065	965	
210	3285	
3285	210	
977	2230	
2230	977	
2422	3029	
3029	2422	
505	1934	
1934	505	
473	625	
625	473	
2039	2713	
2713	2039	
2170	2418	
2418	2170	
316	2503	
2503	316	
2438	3197	
3197	2438	
559	1963	
1963	559	
1471	1508	
1508	1471	
476	3045	
3045	476	
1175	1662	
1662	1175	
1370	2425	
2425	1370	
32	727	
727	32	
527	2045	
2045	527	
1092	1832	
1832	1092	
801	1981	
1981	801	
1418	3101	
3101	1418	
2998	3209	
3209	2998	
1408	3077	
3077	1408	
1600	1970	
1970	1600	
261	1904	
1904	261	
432	2321	
2321	432	
200	2278	
2278	200	
2036	3048	
3048	2036	
865	2204	
2204	865	
578	2101	
2101	578	
655	2836	
2836	655	
178	2984	
2984	178	
2420	2618	
2618	2420	
1100	1925	
1925	1100	
198	1141	
1141	198	
1451	2881	
2881	1451	
946	2921	
2921	946	
1603	2196	
2196	1603	
23	2620	
2620	23	
265	397	
397	265	
715	2717	
2717	715	
335	2987	
2987	335	
750	3197	
3197	750	
2970	3168	
3168	2970	
1146	2883	
2883	1146	
1189	3152	
3152	1189	
502	1017	
1017	502	
642	1727	
1727	642	
2141	3227	
3227	2141	
500	1163	
1163	500	
1055	2876	
2876	1055	
1439	2390	
2390	1439	
1373	2484	
2484	1373	
2808	2923	
2923	2808	
843	2207	
2207	843	
118	2044	
2044	118	
2	719	
719	2	
1874	2440	
2440	1874	
455	711	
711	455	
1947	2761	
2761	1947	
2750	3257	
3257	2750	
86	122	
122	86	
1205	2900	
2900	1205	
883	2056	
2056	883	
2094	2277	
2277	2094	
1317	2624	
2624	1317	
836	2837	
2837	836	
1149	1454	
1454	1149	
438	2854	
2854	438	
204	1746	
1746	204	
1614	2497	
2497	1614	
174	1636	
1636	174	
1154	1421	
1421	1154	
890	1475	
1475	890	
955	3032	
3032	955	
1496	1912	
1912	1496	
1004	1444	
1444	1004	
378	3135	
3135	378	
48	987	
987	48	
930	1863	
1863	930	
1128	2346	
2346	1128	
1422	2488	
2488	1422	
562	1913	
1913	562	
813	2163	
2163	813	
703	1181	
1181	703	
1105	2473	
2473	1105	
183	2287	
2287	183	
1769	3020	
3020	1769	
92	225	
225	92	
634	2669	
2669	634	
1598	2874	
2874	1598	
1052	1207	
1207	1052	
1751	2324	
2324	1751	
391	2665	
2665	391	
1295	2426	
2426	1295	
1443	2007	
2007	1443	
1867	2968	
2968	1867	
1211	1321	
1321	1211	
842	1160	
1160	842	
480	2602	
2602	480	
615	1826	
1826	615	
415	2288	
2288	415	
860	1769	
1769	860	
150	1533	
1533	150	
1113	2026	
2026	1113	
2613	2710	
2710	2613	
1840	2389	
2389	1840	
152	2353	
2353	152	
1189	3240	
3240	1189	
1181	3297	
3297	1181	
401	1176	
1176	401	
2053	2403	
2403	2053	
2167	2862	
2862	2167	
549	1597	
1597	549	
811	1470	
1470	811	
1537	1841	
1841	1537	
1903	2530	
2530	1903	
1919	2819	
2819	1919	
2664	3312	
3312	2664	
1381	2105	
2105	1381	
257	2737	
2737	257	
1533	2885	
2885	1533	
1848	2550	
2550	1848	
1248	2890	
2890	1248	
1999	2706	
2706	1999	
536	2800	
2800	536	
835	2257	
2257	835	
3088	3139	
3139	3088	
2659	3070	
3070	2659	
537	2846	
2846	537	
1157	1939	
1939	1157	
720	2776	
2776	720	
1091	2328	
2328	1091	
1988	2743	
2743	1988	
1804	2373	
2373	1804	
879	2529	
2529	879	
747	3107	
3107	747	
198	3093	
3093	198	
1436	3176	
3176	1436	
1039	1598	
1598	1039	
1962	2126	
2126	1962	
1445	2270	
2270	1445	
753	1754	
1754	753	
2091	3037	
3037	2091	
2710	3233	
3233	2710	
361	3249	
3249	361	
9	600	
600	9	
116	1874	
1874	116	
62	1631	
1631	62	
277	3020	
3020	277	
1612	3117	
3117	1612	
1092	3038	
3038	1092	
1797	2478	
2478	1797	
2295	2889	
2889	2295	
1041	1519	
1519	1041	
153	2434	
2434	153	
871	3070	
3070	871	
2105	2308	
2308	2105	
272	1529	
1529	272	
619	820	
820	619	
499	1531	
1531	499	
618	1899	
1899	618	
1921	3013	
3013	1921	
568	2039	
2039	568	
129	758	
758	129	
190	2812	
2812	190	
1166	2965	
2965	1166	
1904	2479	
2479	1904	
202	364	
364	202	
2896	3069	
3069	2896	
2016	3315	
3315	2016	
2369	2965	
2965	2369	
1424	3163	
3163	1424	
2018	2777	
2777	2018	
361	2701	
2701	361	
1155	2374	
2374	1155	
2754	2899	
2899	2754	
966	1507	
1507	966	
2139	2694	
2694	2139	
403	3109	
3109	403	
538	2696	
2696	538	
553	3183	
3183	553	
1113	2057	
2057	1113	
326	1163	
1163	326	
1968	2062	
2062	1968	
1777	3031	
3031	1777	
87	530	
530	87	
1868	2193	
2193	1868	
1768	3155	
3155	1768	
241	596	
596	241	
1397	3237	
3237	1397	
1771	2224	
2224	1771	
903	2667	
2667	903	
771	3248	
3248	771	
1841	1948	
1948	1841	
1655	1752	
1752	1655	
995	1092	
1092	995	
475	510	
510	475	
486	1516	
1516	486	
171	1799	
1799	171	
2287	2386	
2386	2287	
982	2687	
2687	982	
863	2691	
2691	863	
1401	2510	
2510	1401	
1491	2738	
2738	1491	
735	2383	
2383	735	
5	1610	
1610	5	
972	2594	
2594	972	
1951	2191	
2191	1951	
749	2113	
2113	749	
611	2396	
2396	611	
1933	2644	
2644	1933	
1243	1880	
1880	1243	
1617	3010	
3010	1617	
613	1715	
1715	613	
899	1371	
1371	899	
860	1282	
1282	860	
2796	2991	
2991	2796	
1681	2268	
2268	1681	
2307	3060	
3060	2307	
1926	2481	
2481	1926	
539	1891	
1891	539	
1004	3301	
3301	1004	
1499	2641	
2641	1499	
449	1847	
1847	449	
2753	3185	
3185	2753	
1229	1889	
1889	1229	
406	2653	
2653	406	
1546	2653	
2653	1546	
1425	1790	
1790	1425	
112	1117	
1117	112	
1412	2358	
2358	1412	
156	1813	
1813	156	
1841	3209	
3209	1841	
1374	3179	
3179	1374	
946	2171	
2171	946	
1078	2120	
2120	1078	
275	2024	
2024	275	
1190	3050	
3050	1190	
1849	2909	
2909	1849	
2238	2954	
2954	2238	
1316	3044	
3044	1316	
107	3085	
3085	107	
1134	2991	
2991	1134	
1703	2873	
2873	1703	
432	2528	
2528	432	
263	1070	
1070	263	
2188	2391	
2391	2188	
291	547	
547	291	
434	2203	
2203	434	
688	3158	
3158	688	
169	1928	
1928	169	
691	2543	
2543	691	
1337	2179	
2179	1337	
1420	3155	
3155	1420	
2248	2656	
2656	2248	
319	1084	
1084	319	
347	2084	
2084	347	
47	2002	
2002	47	
392	1260	
1260	392	
1277	2936	
2936	1277	
318	1886	
1886	318	
3060	3062	
3062	3060	
2196	2575	
2575	2196	
2303	2940	
2940	2303	
1981	2829	
2829	1981	
245	832	
832	245	
1196	1376	
1376	1196	
148	2326	
2326	148	
356	433	
433	356	
304	767	
767	304	
1520	3193	
3193	1520	
1781	3051	
3051	1781	
95	671	
671	95	
417	463	
463	417	
2452	2555	
2555	2452	
308	484	
484	308	
3157	3174	
3174	3157	
1242	2442	
2442	1242	
214	1910	
1910	214	
2996	3282	
3282	2996	
428	2705	
2705	428	
1900	3250	
3250	1900	
1675	2225	
2225	1675	
598	2348	
2348	598	
2291	2525	
2525	2291	
772	2026	
2026	772	
2944	3065	
3065	2944	
27	2097	
2097	27	
211	898	
898	211	
2923	3221	
3221	2923	
68	428	
428	68	
1216	1263	
1263	1216	
831	2255	
2255	831	
422	2806	
2806	422	
2623	3033	
3033	2623	
2959	3318	
3318	2959	
1165	2125	
2125	1165	
2145	2199	
2199	2145	
958	2801	
2801	958	
330	1023	
1023	330	
961	1523	
1523	961	
2320	2918	
2918	2320	
1836	2266	
2266	1836	
62	2117	
2117	62	
1371	2134	
2134	1371	
2452	3186	
3186	2452	
712	1059	
1059	712	
2827	2898	
2898	2827	
2002	2078	
2078	2002	
431	928	
928	431	
451	1376	
1376	451	
1152	2739	
2739	1152	
246	2684	
2684	246	
753	1019	
1019	753	
2619	2947	
2947	2619	
13	411	
411	13	
1190	1594	
1594	1190	
1550	2772	
2772	1550	
1118	2233	
2233	1118	
1798	2784	
2784	1798	
2972	3275	
3275	2972	
274	944	
944	274	
1663	2786	
2786	1663	
404	2509	
2509	404	
1368	1950	
1950	1368	
717	2283	
2283	717	
3055	3318	
3318	3055	
1594	1862	
1862	1594	
142	2073	
2073	142	
860	1952	
1952	860	
1402	1573	
1573	1402	
790	2310	
2310	790	
1006	3046	
3046	1006	
12	934	
934	12	
88	1725	
1725	88	
350	2687	
2687	350	
2122	2657	
2657	2122	
973	1472	
1472	973	
537	2824	
2824	537	
398	2716	
2716	398	
918	977	
977	918	
2182	2351	
2351	2182	
429	2334	
2334	429	
1170	1605	
1605	1170	
2708	3290	
3290	2708	
475	2728	
2728	475	
417	1852	
1852	417	
172	2743	
2743	172	
890	3088	
3088	890	
678	1763	
1763	678	
389	2020	
2020	389	
1349	1802	
1802	1349	
301	1972	
1972	301	
1309	3011	
3011	1309	
294	2378	
2378	294	
2121	3007	
3007	2121	
387	399	
399	387	
378	1174	
1174	378	
1773	2589	
2589	1773	
1752	2342	
2342	1752	
1885	2104	
2104	1885	
764	1422	
1422	764	
1330	1999	
1999	1330	
566	1073	
1073	566	
1045	2790	
2790	1045	
682	1403	
1403	682	
1686	2459	
2459	1686	
521	845	
845	521	
1195	2069	
2069	1195	
2403	2859	
2859	2403	
1296	2414	
2414	1296	
2233	2313	
2313	2233	
134	2845	
2845	134	
193	1658	
1658	193	
1834	2508	
2508	1834	
820	1929	
1929	820	
412	821	
821	412	
1239	1608	
1608	1239	
206	1569	
1569	206	
914	2524	
2524	914	
611	2011	
2011	611	
798	1311	
1311	798	
2249	3314	
3314	2249	
2471	2765	
2765	2471	
2304	3005	
3005	2304	
1600	1676	
1676	1600	
1402	2476	
2476	1402	
2699	2945	
2945	2699	
1371	2073	
2073	1371	
999	1885	
1885	999	
2871	3053	
3053	2871	
1109	2656	
2656	1109	
467	2368	
2368	467	
345	3210	
3210	345	
983	2142	
2142	983	
917	2487	
2487	917	
1654	2952	
2952	1654	
431	934	
934	431	
1892	2565	
2565	1892	
2424	3015	
3015	2424	
1999	2096	
2096	1999	
2187	2222	
2222	2187	
1032	2804	
2804	1032	
1414	1722	
1722	1414	
265	2181	
2181	265	
1451	3301	
3301	1451	
1229	2120	
2120	1229	
2108	2169	
2169	2108	
1593	2411	
2411	1593	
1674	2228	
2228	1674	
1296	2834	
2834	1296	
441	1456	
1456	441	
2246	3195	
3195	2246	
1395	3100	
3100	1395	
645	1857	
1857	645	
796	1059	
1059	796	
177	2580	
2580	177	
209	1387	
1387	209	
1303	3018	
3018	1303	
711	1376	
1376	711	
809	881	
881	809	
81	2922	
2922	81	
1471	1541	
1541	1471	
1709	2963	
2963	1709	
869	2437	
2437	869	
521	3084	
3084	521	
2635	2701	
2701	2635	
216	2204	
2204	216	
297	2962	
2962	297	
2348	3044	
3044	2348	
1488	1707	
1707	1488	
232	1798	
1798	232	
1810	2735	
2735	1810	
1585	2400	
2400	1585	
1507	3301	
3301	1507	
749	813	
813	749	
1913	3238	
3238	1913	
954	1046	
1046	954	
1172	2848	
2848	1172	
763	805	
805	763	
1867	3099	
3099	1867	
1305	1326	
1326	1305	
255	813	
813	255	
593	1210	
1210	593	
101	2465	
2465	101	
603	3265	
3265	603	
233	748	
748	233	
3019	3204	
3204	3019	
2777	3302	
3302	2777	
3047	3146	
3146	3047	
2022	2753	
2753	2022	
828	2635	
2635	828	
1843	2737	
2737	1843	
707	2435	
2435	707	
474	1259	
1259	474	
194	2038	
2038	194	
862	1658	
1658	862	
253	2843	
2843	253	
1844	2660	
2660	1844	
2052	2962	
2962	2052	
583	3222	
3222	583	
586	3009	
3009	586	
1826	3107	
3107	1826	
1695	2728	
2728	1695	
113	272	
272	113	
285	1702	
1702	285	
125	3220	
3220	125	
759	2995	
2995	759	
1027	2935	
2935	1027	
1	2961	
2961	1	
120	3234	
3234	120	
335	1103	
1103	335	
1095	1531	
1531	1095	
1643	2144	
2144	1643	
2671	2817	
2817	2671	
409	2196	
2196	409	
885	3200	
3200	885	
1056	1759	
1759	1056	
1782	3088	
3088	1782	
1871	2241	
2241	1871	
4	706	
706	4	
1287	2372	
2372	1287	
2219	3308	
3308	2219	
1138	1383	
1383	1138	
2096	2451	
2451	2096	
390	398	
398	390	
192	2542	
2542	192	
39	184	
184	39	
839	2666	
2666	839	
1925	2386	
2386	1925	
514	870	
870	514	
1697	2387	
2387	1697	
130	2120	
2120	130	
90	2241	
2241	90	
1795	2449	
2449	1795	
474	1971	
1971	474	
176	1351	
1351	176	
1435	2213	
2213	1435	
2858	3163	
3163	2858	
612	2410	
2410	612	
762	2385	
2385	762	
1806	2723	
2723	1806	
56	2236	
2236	56	
1485	1978	
1978	1485	
1702	1957	
1957	1702	
1268	2998	
2998	1268	
1836	2069	
2069	1836	
1967	2492	
2492	1967	
1375	2030	
2030	1375	
623	1825	
1825	623	
1476	1890	
1890	1476	
1491	2148	
2148	1491	
1468	2891	
2891	1468	
811	2669	
2669	811	
835	1107	
1107	835	
1449	2386	
2386	1449	
1800	2959	
2959	1800	
347	2818	
2818	347	
1140	2195	
2195	1140	
2640	2821	
2821	2640	
566	1796	
1796	566	
116	435	
435	116	
799	812	
812	799	
363	1857	
1857	363	
868	1737	
1737	868	
2699	2865	
2865	2699	
291	639	
639	291	
208	1723	
1723	208	
997	2303	
2303	997	
1597	3306	
3306	1597	
1580	2828	
2828	1580	
657	2612	
2612	657	
267	1671	
1671	267	
2452	3152	
3152	2452	
657	2129	
2129	657	
10	2167	
2167	10	
1493	3166	
3166	1493	
694	1598	
1598	694	
493	2782	
2782	493	
2434	2615	
2615	2434	
421	1680	
1680	421	
66	1557	
1557	66	
892	1207	
1207	892	
2037	3011	
3011	2037	
965	2189	
2189	965	
353	1618	
1618	353	
1348	2595	
2595	1348	
248	1643	
1643	248	
882	2412	
2412	882	
1029	2159	
2159	1029	
1828	1838	
1838	1828	
198	1781	
1781	198	
2240	3026	
3026	2240	
2247	2443	
2443	2247	
1190	2667	
2667	1190	
682	2583	
2583	682	
1454	2270	
2270	1454	
659	2584	
2584	659	
800	1884	
1884	800	
915	1718	
1718	915	
638	2918	
2918	638	
4	398	
398	4	
506	1926	
1926	506	
142	743	
743	142	
631	2689	
2689	631	
2362	3060	
3060	2362	
2611	2799	
2799	2611	
508	1076	
1076	508	
822	1029	
1029	822	
2950	2992	
2992	2950	
445	1998	
1998	445	
2232	2249	
2249	2232	
1276	2332	
2332	1276	
1145	3013	
3013	1145	
1545	2125	
2125	1545	
1694	3211	
3211	1694	
338	3295	
3295	338	
2626	2673	
2673	2626	
74	1863	
1863	74	
618	688	
688	618	
540	1963	
1963	540	
2198	2884	
2884	2198	
234	1571	
1571	234	
1490	2798	
2798	1490	
1908	3253	
3253	1908	
1905	2792	
2792	1905	
416	2801	
2801	416	
386	2087	
2087	386	
2254	2608	
2608	2254	
1177	2727	
2727	1177	
802	1586	
1586	802	
3059	3282	
3282	3059	
1567	1657	
1657	1567	
1121	2853	
2853	1121	
860	2590	
2590	860	
1748	2628	
2628	1748	
234	2303	
2303	234	
1857	2027	
2027	1857	
108	327	
327	108	
40	253	
253	40	
661	1780	
1780	661	
1619	2512	
2512	1619	
462	1912	
1912	462	
1930	2370	
2370	1930	
2030	2989	
2989	2030	
1797	2151	
2151	1797	
1363	3006	
3006	1363	
333	2741	
2741	333	
2000	2023	
2023	2000	
1997	2512	
2512	1997	
319	397	
397	319	
373	2579	
2579	373	
292	963	
963	292	
2017	3230	
3230	2017	
1619	2416	
2416	1619	
854	3294	
3294	854	
3196	3272	
3272	3196	
540	1042	
1042	540	
1061	1113	
1113	1061	
72	2526	
2526	72	
562	1261	
1261	562	
1122	2436	
2436	1122	
432	2185	
2185	432	
2869	3234	
3234	2869	
1339	2982	
2982	1339	
2393	3255	
3255	2393	
646	2539	
2539	646	
1605	2840	
2840	1605	
2284	2348	
2348	2284	
1510	2953	
2953	1510	
794	3230	
3230	794	
846	1656	
1656	846	
329	3117	
3117	329	
799	2042	
2042	799	
2484	3095	
3095	2484	
298	1204	
1204	298	
593	1673	
1673	593	
418	2062	
2062	418	
1514	1864	
1864	1514	
2123	2373	
2373	2123	
461	2893	
2893	461	
1096	2966	
2966	1096	
1234	3130	
3130	1234	
42	2359	
2359	42	
1477	2588	
2588	1477	
377	2295	
2295	377	
1743	1772	
1772	1743	
180	304	
304	180	
708	2718	
2718	708	
1179	2857	
2857	1179	
1	269	
269	1	
873	1881	
1881	873	
1073	2629	
2629	1073	
155	2334	
2334	155	
508	1602	
1602	508	
325	925	
925	325	
1606	2926	
2926	1606	
1756	1805	
1805	1756	
1215	1455	
1455	1215	
502	750	
750	502	
119	1917	
1917	119	
852	3276	
3276	852	
2098	2867	
2867	2098	
129	210	
210	129	
311	1203	
1203	311	
71	2886	
2886	71	
403	2287	
2287	403	
2009	2949	
2949	2009	
2562	3080	
3080	2562	
704	2456	
2456	704	
881	1825	
1825	881	
940	2639	
2639	940	
2642	2652	
2652	2642	
2050	3022	
3022	2050	
572	2528	
2528	572	
2315	3079	
3079	2315	
38	3023	
3023	38	
630	2058	
2058	630	
889	1232	
1232	889	
1012	1914	
1914	1012	
1091	1860	
1860	1091	
119	2320	
2320	119	
1739	1879	
1879	1739	
360	2324	
2324	360	
107	1398	
1398	107	
2515	3135	
3135	2515	
2622	3309	
3309	2622	
534	2702	
2702	534	
984	2276	
2276	984	
297	1844	
1844	297	
1024	2033	
2033	1024	
31	2655	
2655	31	
2168	2853	
2853	2168	
1142	2956	
2956	1142	
1905	2081	
2081	1905	
1040	1489	
1489	1040	
1587	3097	
3097	1587	
30	2366	
2366	30	
617	1330	
1330	617	
946	1967	
1967	946	
151	1613	
1613	151	
151	2730	
2730	151	
220	683	
683	220	
2060	2474	
2474	2060	
2459	3318	
3318	2459	
1626	2196	
2196	1626	
322	1842	
1842	322	
152	3222	
3222	152	
1934	2596	
2596	1934	
1327	2077	
2077	1327	
2825	3201	
3201	2825	
2328	2567	
2567	2328	
2561	3155	
3155	2561	
996	3323	
3323	996	
1603	1780	
1780	1603	
552	976	
976	552	
1404	1741	
1741	1404	
697	1017	
1017	697	
1139	2179	
2179	1139	
186	2807	
2807	186	
397	1538	
1538	397	
525	2257	
2257	525	
278	1421	
1421	278	
121	1375	
1375	121	
869	2586	
2586	869	
27	213	
213	27	
240	877	
877	240	
776	883	
883	776	
1685	2740	
2740	1685	
947	2102	
2102	947	
2076	2834	
2834	2076	
645	2176	
2176	645	
1677	2531	
2531	1677	
1539	2133	
2133	1539	
1377	2074	
2074	1377	
205	1325	
1325	205	
134	1304	
1304	134	
902	1840	
1840	902	
220	2276	
2276	220	
1553	1585	
1585	1553	
615	2437	
2437	615	
138	2758	
2758	138	
2135	2843	
2843	2135	
2460	3087	
3087	2460	
342	2006	
2006	342	
297	3281	
3281	297	
1782	2284	
2284	1782	
1186	3053	
3053	1186	
1608	3231	
3231	1608	
1395	2611	
2611	1395	
2026	3143	
3143	2026	
2237	2270	
2270	2237	
904	1473	
1473	904	
2741	2749	
2749	2741	
356	930	
930	356	
38	49	
49	38	
2704	3014	
3014	2704	
86	2708	
2708	86	
262	681	
681	262	
2009	3029	
3029	2009	
1202	3229	
3229	1202	
1333	3173	
3173	1333	
1797	3273	
3273	1797	
668	3184	
3184	668	
2065	2701	
2701	2065	
58	1342	
1342	58	
154	3077	
3077	154	
440	1598	
1598	440	
1346	2290	
2290	1346	
1087	1782	
1782	1087	
970	2328	
2328	970	
1865	2304	
2304	1865	
1379	1717	
1717	1379	
583	893	
893	583	
1124	1628	
1628	1124	
2117	2575	
2575	2117	
1146	1296	
1296	1146	
738	2081	
2081	738	
1667	2310	
2310	1667	
564	1538	
1538	564	
1135	1183	
1183	1135	
961	2318	
2318	961	
1073	1636	
1636	1073	
132	2213	
2213	132	
2853	3095	
3095	2853	
1098	2630	
2630	1098	
1647	1983	
1983	1647	
233	2113	
2113	233	
1418	2256	
2256	1418	
2008	3134	
3134	2008	
517	812	
812	517	
661	1115	
1115	661	
189	2598	
2598	189	
807	1879	
1879	807	
303	920	
920	303	
617	2263	
2263	617	
1359	2779	
2779	1359	
677	1950	
1950	677	
821	1423	
1423	821	
789	2567	
2567	789	
1814	3222	
3222	1814	
1478	3243	
3243	1478	
1307	2692	
2692	1307	
809	3059	
3059	809	
496	1284	
1284	496	
157	2205	
2205	157	
1736	2734	
2734	1736	
160	2585	
2585	160	
1128	2573	
2573	1128	
249	2993	
2993	249	
820	3142	
3142	820	
799	1891	
1891	799	
1233	2913	
2913	1233	
1442	2337	
2337	1442	
180	1482	
1482	180	
851	2070	
2070	851	
926	3040	
3040	926	
1044	2891	
2891	1044	
456	3215	
3215	456	
1719	2268	
2268	1719	
1021	2737	
2737	1021	
2578	2712	
2712	2578	
248	3132	
3132	248	
507	1917	
1917	507	
856	1053	
1053	856	
1274	2734	
2734	1274	
1977	2688	
2688	1977	
191	2694	
2694	191	
1281	1287	
1287	1281	
2812	2972	
2972	2812	
231	543	
543	231	
154	2582	
2582	154	
465	1938	
1938	465	
1862	2111	
2111	1862	
966	1572	
1572	966	
1233	3023	
3023	1233	
1216	1710	
1710	1216	
446	1741	
1741	446	
2037	3284	
3284	2037	
621	1798	
1798	621	
18	2234	
2234	18	
807	967	
967	807	
1760	2535	
2535	1760	
141	2089	
2089	141	
1357	1408	
1408	1357	
1737	2277	
2277	1737	
134	1561	
1561	134	
819	1660	
1660	819	
244	2269	
2269	244	
1829	2073	
2073	1829	
1239	2701	
2701	1239	
2159	2978	
2978	2159	
1098	3241	
3241	1098	
2073	3044	
3044	2073	
212	2456	
2456	212	
2358	2533	
2533	2358	
550	1227	
1227	550	
186	2111	
2111	186	
104	109	
109	104	
790	1900	
1900	790	
3001	3146	
3146	3001	
2063	3152	
3152	2063	
1513	2517	
2517	1513	
274	1943	
1943	274	
404	3213	
3213	404	
1676	3201	
3201	1676	
19	1293	
1293	19	
842	1410	
1410	842	
1971	2295	
2295	1971	
114	1201	
1201	114	
1556	1751	
1751	1556	
59	1469	
1469	59	
330	3031	
3031	330	
681	1799	
1799	681	
149	1760	
1760	149	
491	2197	
2197	491	
2742	2992	
2992	2742	
1230	1681	
1681	1230	
1497	2756	
2756	1497	
2160	3280	
3280	2160	
791	2166	
2166	791	
4	3110	
3110	4	
1895	3289	
3289	1895	
235	644	
644	235	
73	1756	
1756	73	
1777	2084	
2084	1777	
716	1390	
1390	716	
1422	1838	
1838	1422	
2804	3117	
3117	2804	
81	2678	
2678	81	
856	3227	
3227	856	
320	1105	
1105	320	
708	827	
827	708	
954	1188	
1188	954	
344	2055	
2055	344	
422	455	
455	422	
382	2302	
2302	382	
188	2199	
2199	188	
688	2630	
2630	688	
1207	3280	
3280	1207	
344	2852	
2852	344	
821	2465	
2465	821	
1705	3142	
3142	1705	
1551	1981	
1981	1551	
1961	2887	
2887	1961	
1392	2147	
2147	1392	
416	3122	
3122	416	
1379	3033	
3033	1379	
808	1303	
1303	808	
686	1282	
1282	686	
56	890	
890	56	
195	2281	
2281	195	
693	820	
820	693	
403	1057	
1057	403	
679	2862	
2862	679	
961	2981	
2981	961	
321	3138	
3138	321	
870	898	
898	870	
1983	2231	
2231	1983	
55	1549	
1549	55	
1070	3059	
3059	1070	
2412	3231	
3231	2412	
484	1232	
1232	484	
1477	1601	
1601	1477	
1767	2474	
2474	1767	
182	2725	
2725	182	
1879	2776	
2776	1879	
407	1898	
1898	407	
1043	1906	
1906	1043	
2716	3207	
3207	2716	
119	2969	
2969	119	
389	965	
965	389	
763	1261	
1261	763	
1162	1882	
1882	1162	
25	1971	
1971	25	
1212	1612	
1612	1212	
1499	1696	
1696	1499	
1792	3147	
3147	1792	
1026	1879	
1879	1026	
1248	1846	
1846	1248	
568	2841	
2841	568	
920	1111	
1111	920	
1954	2474	
2474	1954	
2790	3151	
3151	2790	
21	1641	
1641	21	
341	1110	
1110	341	
398	883	
883	398	
1231	1477	
1477	1231	
1394	2588	
2588	1394	
1910	2825	
2825	1910	
950	2998	
2998	950	
670	683	
683	670	
1084	1524	
1524	1084	
994	2545	
2545	994	
792	2058	
2058	792	
356	937	
937	356	
494	1340	
1340	494	
438	1497	
1497	438	
296	1488	
1488	296	
380	1862	
1862	380	
424	2004	
2004	424	
2753	3220	
3220	2753	
770	912	
912	770	
2537	3194	
3194	2537	
740	2362	
2362	740	
110	1698	
1698	110	
509	2716	
2716	509	
1117	2167	
2167	1117	
1492	2038	
2038	1492	
1	1625	
1625	1	
189	2758	
2758	189	
1433	2897	
2897	1433	
21	214	
214	21	
320	2339	
2339	320	
789	1547	
1547	789	
526	2958	
2958	526	
17	566	
566	17	
130	3275	
3275	130	
1977	2138	
2138	1977	
648	806	
806	648	
14	878	
878	14	
2077	3085	
3085	2077	
1653	3075	
3075	1653	
749	1305	
1305	749	
2719	3262	
3262	2719	
1942	2060	
2060	1942	
3026	3075	
3075	3026	
311	3214	
3214	311	
1112	3183	
3183	1112	
2309	3221	
3221	2309	
1356	1764	
1764	1356	
366	1051	
1051	366	
1164	3096	
3096	1164	
1238	1652	
1652	1238	
742	2501	
2501	742	
120	966	
966	120	
1170	2486	
2486	1170	
1566	1790	
1790	1566	
802	2550	
2550	802	
16	1630	
1630	16	
1626	3273	
3273	1626	
1049	2839	
2839	1049	
1166	3241	
3241	1166	
1168	1621	
1621	1168	
1715	2750	
2750	1715	
14	2490	
2490	14	
1821	2833	
2833	1821	
1405	2591	
2591	1405	
1132	1606	
1606	1132	
2631	3252	
3252	2631	
539	1995	
1995	539	
3093	3256	
3256	3093	
2121	2259	
2259	2121	
770	3032	
3032	770	
411	2350	
2350	411	
2702	3039	
3039	2702	
1007	3185	
3185	1007	
779	3290	
3290	779	
2535	3203	
3203	2535	
135	1240	
1240	135	
220	1451	
1451	220	
1536	2626	
2626	1536	
895	2847	
2847	895	
1255	2727	
2727	1255	
1753	2708	
2708	1753	
79	680	
680	79	
8	381	
381	8	
195	659	
659	195	
1359	2858	
2858	1359	
1692	2784	
2784	1692	
693	1548	
1548	693	
379	2049	
2049	379	
610	3257	
3257	610	
244	284	
284	244	
1080	2996	
2996	1080	
944	2255	
2255	944	
161	478	
478	161	
917	1974	
1974	917	
596	2246	
2246	596	
767	3188	
3188	767	
1897	2683	
2683	1897	
12	1027	
1027	12	
1716	3277	
3277	1716	
2224	2352	
2352	2224	
135	932	
932	135	
165	2431	
2431	165	
158	1010	
1010	158	
1633	3027	
3027	1633	
94	1101	
1101	94	
2461	3123	
3123	2461	
299	321	
321	299	
824	2154	
2154	824	
1336	1640	
1640	1336	
719	2670	
2670	719	
327	2881	
2881	327	
138	257	
257	138	
1044	2899	
2899	1044	
857	2958	
2958	857	
952	3272	
3272	952	
234	675	
675	234	
1360	2064	
2064	1360	
1552	1908	
1908	1552	
2728	2817	
2817	2728	
1353	3299	
3299	1353	
477	2588	
2588	477	
419	1087	
1087	419	
750	2593	
2593	750	
228	422	
422	228	
455	603	
603	455	
0	2179	
2179	0	
1677	2375	
2375	1677	
736	2418	
2418	736	
666	675	
675	666	
52	2829	
2829	52	
2	1484	
1484	2	
1934	2036	
2036	1934	
1522	2165	
2165	1522	
1424	2796	
2796	1424	
1033	2230	
2230	1033	
289	3208	
3208	289	
770	1385	
1385	770	
3045	3286	
3286	3045	
466	800	
800	466	
270	1612	
1612	270	
834	2634	
2634	834	
788	3082	
3082	788	
860	3061	
3061	860	
1344	1810	
1810	1344	
971	3314	
3314	971	
426	747	
747	426	
915	2281	
2281	915	
789	2137	
2137	789	
300	306	
306	300	
17	2085	
2085	17	
866	1013	
1013	866	
2094	2128	
2128	2094	
584	1930	
1930	584	
605	695	
695	605	
282	1041	
1041	282	
1414	1436	
1436	1414	
1226	2389	
2389	1226	
442	3010	
3010	442	
129	286	
286	129	
748	2267	
2267	748	
1516	1827	
1827	1516	
321	1683	
1683	321	
527	2694	
2694	527	
414	1000	
1000	414	
2395	3308	
3308	2395	
845	2494	
2494	845	
1645	2282	
2282	1645	
1635	2698	
2698	1635	
1149	1221	
1221	1149	
416	795	
795	416	
978	2472	
2472	978	
470	1019	
1019	470	
470	2825	
2825	470	
578	1136	
1136	578	
894	3229	
3229	894	
2302	2645	
2645	2302	
589	3149	
3149	589	
1531	1782	
1782	1531	
378	1213	
1213	378	
318	2275	
2275	318	
943	2283	
2283	943	
907	2565	
2565	907	
972	2115	
2115	972	
2626	3201	
3201	2626	
3217	3247	
3247	3217	
2361	3193	
3193	2361	
2003	2558	
2558	2003	
763	2871	
2871	763	
1248	1271	
1271	1248	
77	1118	
1118	77	
390	556	
556	390	
78	1340	
1340	78	
851	1449	
1449	851	
1696	1850	
1850	1696	
269	354	
354	269	
284	1652	
1652	284	
573	1410	
1410	573	
212	2426	
2426	212	
1292	1800	
1800	1292	
730	2276	
2276	730	
794	1494	
1494	794	
105	3095	
3095	105	
2994	3068	
3068	2994	
14	2945	
2945	14	
1290	2617	
2617	1290	
1276	3022	
3022	1276	
1395	1443	
1443	1395	
1586	1992	
1992	1586	
167	893	
893	167	
2571	3075	
3075	2571	
834	2057	
2057	834	
485	758	
758	485	
611	3157	
3157	611	
2371	2379	
2379	2371	
1743	3110	
3110	1743	
2147	2336	
2336	2147	
1326	2019	
2019	1326	
2132	2789	
2789	2132	
1769	2329	
2329	1769	
2789	2882	
2882	2789	
1933	2927	
2927	1933	
404	3240	
3240	404	
938	2542	
2542	938	
607	963	
963	607	
2636	3123	
3123	2636	
1648	2942	
2942	1648	
54	3053	
3053	54	
1287	1583	
1583	1287	
2813	2848	
2848	2813	
805	2939	
2939	805	
850	2845	
2845	850	
54	750	
750	54	
92	1507	
1507	92	
538	2946	
2946	538	
1101	2989	
2989	1101	
175	1639	
1639	175	
1606	1817	
1817	1606	
1014	3315	
3315	1014	
830	3293	
3293	830	
810	939	
939	810	
1351	1734	
1734	1351	
412	3113	
3113	412	
1582	2758	
2758	1582	
595	3066	
3066	595	
2020	2795	
2795	2020	
568	1109	
1109	568	
2685	3267	
3267	2685	
746	2386	
2386	746	
2148	3297	
3297	2148	
393	3119	
3119	393	
1095	1980	
1980	1095	
122	504	
504	122	
972	1774	
1774	972	
413	630	
630	413	
824	2026	
2026	824	
844	3060	
3060	844	
404	1761	
1761	404	
265	2769	
2769	265	
469	2048	
2048	469	
1065	2994	
2994	1065	
1081	2400	
2400	1081	
763	2404	
2404	763	
1394	2413	
2413	1394	
1064	1334	
1334	1064	
526	2505	
2505	526	
157	2048	
2048	157	
2917	3086	
3086	2917	
1452	2749	
2749	1452	
1240	2355	
2355	1240	
2274	3242	
3242	2274	
1008	1022	
1022	1008	
20	1981	
1981	20	
444	2396	
2396	444	
2617	2875	
2875	2617	
265	2444	
2444	265	
2087	2967	
2967	2087	
1991	2351	
2351	1991	
790	3260	
3260	790	
363	2289	
2289	363	
620	2876	
2876	620	
1971	2954	
2954	1971	
667	3154	
3154	667	
2957	3044	
3044	2957	
16	253	
253	16	
1375	2909	
2909	1375	
531	1390	
1390	531	
1429	2056	
2056	1429	
49	856	
856	49	
174	2679	
2679	174	
246	620	
620	246	
311	2716	
2716	311	
2501	2699	
2699	2501	
813	1748	
1748	813	
616	2934	
2934	616	
866	1568	
1568	866	
739	3264	
3264	739	
2179	2965	
2965	2179	
1544	2328	
2328	1544	
586	1647	
1647	586	
283	1386	
1386	283	
2360	2941	
2941	2360	
343	1271	
1271	343	
1355	2299	
2299	1355	
1872	2540	
2540	1872	
1383	1654	
1654	1383	
1755	3100	
3100	1755	
947	1025	
1025	947	
633	1342	
1342	633	
830	1668	
1668	830	
238	893	
893	238	
824	1390	
1390	824	
2289	2491	
2491	2289	
1026	2639	
2639	1026	
2941	3269	
3269	2941	
1280	1602	
1602	1280	
1773	2635	
2635	1773	
54	480	
480	54	
660	2126	
2126	660	
783	2697	
2697	783	
140	348	
348	140	
573	2760	
2760	573	
1687	2941	
2941	1687	
1184	2359	
2359	1184	
667	1373	
1373	667	
1409	1486	
1486	1409	
417	1210	
1210	417	
663	695	
695	663	
644	3284	
3284	644	
51	3071	
3071	51	
1378	3066	
3066	1378	
1158	2701	
2701	1158	
1269	3168	
3168	1269	
442	2561	
2561	442	
1365	2482	
2482	1365	
1617	2340	
2340	1617	
535	3233	
3233	535	
1051	1531	
1531	1051	
1516	2765	
2765	1516	
241	453	
453	241	
1028	1945	
1945	1028	
327	2776	
2776	327	
378	1418	
1418	378	
1915	2569	
2569	1915	
2366	2960	
2960	2366	
603	728	
728	603	
252	307	
307	252	
527	660	
660	527	
692	1203	
1203	692	
1703	2857	
2857	1703	
463	2541	
2541	463	
1380	2678	
2678	1380	
1351	2294	
2294	1351	
588	3012	
3012	588	
159	413	
413	159	
422	705	
705	422	
876	922	
922	876	
315	2262	
2262	315	
486	2883	
2883	486	
293	933	
933	293	
455	3132	
3132	455	
655	3161	
3161	655	
784	1826	
1826	784	
1005	1317	
1317	1005	
699	2303	
2303	699	
169	2486	
2486	169	
200	287	
287	200	
341	1582	
1582	341	
1373	2596	
2596	1373	
42	264	
264	42	
1712	1895	
1895	1712	
700	1345	
1345	700	
480	3289	
3289	480	
1345	1915	
1915	1345	
1517	3278	
3278	1517	
540	3112	
3112	540	
427	1357	
1357	427	
1077	1364	
1364	1077	
1639	2511	
2511	1639	
170	2570	
2570	170	
271	1119	
1119	271	
132	1831	
1831	132	
2233	2845	
2845	2233	
348	2734	
2734	348	
449	1177	
1177	449	
586	1567	
1567	586	
431	1801	
1801	431	
509	2817	
2817	509	
124	1836	
1836	124	
2245	2498	
2498	2245	
2636	3302	
3302	2636	
2549	3003	
3003	2549	
185	1439	
1439	185	
1265	3097	
3097	1265	
422	2987	
2987	422	
2496	3198	
3198	2496	
1177	2435	
2435	1177	
452	2543	
2543	452	
2651	3096	
3096	2651	
1736	2442	
2442	1736	
1706	3324	
3324	1706	
1224	1864	
1864	1224	
158	279	
279	158	
900	1597	
1597	900	
124	298	
298	124	
1069	2149	
2149	1069	
2633	3307	
3307	2633	
731	1944	
1944	731	
322	2838	
2838	322	
411	2907	
2907	411	
49	1696	
1696	49	
1680	3290	
3290	1680	
2944	3114	
3114	2944	
344	2617	
2617	344	
277	751	
751	277	
115	3294	
3294	115	
1146	1973	
1973	1146	
1694	2429	
2429	1694	
1329	1444	
1444	1329	
361	1135	
1135	361	
704	1820	
1820	704	
831	2508	
2508	831	
724	733	
733	724	
279	2582	
2582	279	
2901	3122	
3122	2901	
2161	2852	
2852	2161	
2114	2858	
2858	2114	
150	1036	
1036	150	
1704	1721	
1721	1704	
658	1339	
1339	658	
2006	2332	
2332	2006	
708	2081	
2081	708	
1355	1599	
1599	1355	
2765	3210	
3210	2765	
1373	2764	
2764	1373	
19	488	
488	19	
2296	2487	
2487	2296	
1979	2586	
2586	1979	
255	553	
553	255	
392	2987	
2987	392	
1196	3165	
3165	1196	
1114	3159	
3159	1114	
2267	2393	
2393	2267	
1152	2777	
2777	1152	
1278	2779	
2779	1278	
2139	2339	
2339	2139	
173	1971	
1971	173	
2157	2492	
2492	2157	
1588	3044	
3044	1588	
497	1282	
1282	497	
259	548	
548	259	
2222	2842	
2842	2222	
2159	2932	
2932	2159	
1041	2197	
2197	1041	
138	275	
275	138	
2545	2680	
2680	2545	
532	1398	
1398	532	
1729	2240	
2240	1729	
1042	1657	
1657	1042	
2932	3016	
3016	2932	
1131	2580	
2580	1131	
3037	3049	
3049	3037	
341	1799	
1799	341	
604	3067	
3067	604	
2254	3254	
3254	2254	
390	3084	
3084	390	
1092	3094	
3094	1092	
708	2756	
2756	708	
1154	1438	
1438	1154	
490	3143	
3143	490	
377	908	
908	377	
1413	2648	
2648	1413	
447	1757	
1757	447	
1854	2490	
2490	1854	
2847	3326	
3326	2847	
231	3282	
3282	231	
1904	2078	
2078	1904	
2143	2623	
2623	2143	
671	1474	
1474	671	
1486	2582	
2582	1486	
2450	2698	
2698	2450	
1519	2579	
2579	1519	
590	934	
934	590	
477	2765	
2765	477	
2881	3233	
3233	2881	
157	214	
214	157	
1588	2878	
2878	1588	
2093	2604	
2604	2093	
525	2263	
2263	525	
2800	2835	
2835	2800	
1290	2055	
2055	1290	
1190	3019	
3019	1190	
221	754	
754	221	
1207	2882	
2882	1207	
275	660	
660	275	
2913	3302	
3302	2913	
437	2260	
2260	437	
290	2071	
2071	290	
1441	3325	
3325	1441	
2772	3248	
3248	2772	
589	1511	
1511	589	
147	1582	
1582	147	
209	1849	
1849	209	
2570	2952	
2952	2570	
938	2835	
2835	938	
261	805	
805	261	
521	2702	
2702	521	
1075	2409	
2409	1075	
2467	2469	
2469	2467	
2624	3300	
3300	2624	
1548	1844	
1844	1548	
456	2407	
2407	456	
458	1377	
1377	458	
275	2188	
2188	275	
142	2608	
2608	142	
58	2825	
2825	58	
2880	3041	
3041	2880	
869	1761	
1761	869	
1282	1534	
1534	1282	
1810	2352	
2352	1810	
2153	2533	
2533	2153	
945	3251	
3251	945	
1688	2805	
2805	1688	
491	2654	
2654	491	
496	2434	
2434	496	
280	3236	
3236	280	
2020	2482	
2482	2020	
1093	2989	
2989	1093	
429	2952	
2952	429	
122	3182	
3182	122	
13	3057	
3057	13	
1739	3044	
3044	1739	
118	870	
870	118	
1936	2916	
2916	1936	
1045	1993	
1993	1045	
2376	2387	
2387	2376	
729	1949	
1949	729	
1618	2099	
2099	1618	
1856	3050	
3050	1856	
1255	3274	
3274	1255	
1845	3224	
3224	1845	
486	2881	
2881	486	
104	1268	
1268	104	
76	2291	
2291	76	
368	1376	
1376	368	
1987	2411	
2411	1987	
1020	2793	
2793	1020	
1544	2701	
2701	1544	
1612	3117	
3117	1612	
375	3012	
3012	375	
2196	2394	
2394	2196	
1394	2666	
2666	1394	
975	1599	
1599	975	
817	2008	
2008	817	
1253	3062	
3062	1253	
8	2778	
2778	8	
965	2216	
2216	965	
564	2256	
2256	564	
1892	2111	
2111	1892	
1703	2004	
2004	1703	
2203	2897	
2897	2203	
1491	2212	
2212	1491	
474	1304	
1304	474	
2069	2793	
2793	2069	
884	2117	
2117	884	
358	1671	
1671	358	
460	1400	
1400	460	
2591	2667	
2667	2591	
271	3035	
3035	271	
385	406	
406	385	
487	2085	
2085	487	
2296	2888	
2888	2296	
115	2671	
2671	115	
757	1365	
1365	757	
851	3015	
3015	851	
2152	2686	
2686	2152	
2619	2867	
2867	2619	
876	931	
931	876	
691	1072	
1072	691	
227	313	
313	227	
2126	2544	
2544	2126	
2119	2620	
2620	2119	
2621	3218	
3218	2621	
2241	3100	
3100	2241	
1722	2107	
2107	1722	
305	1893	
1893	305	
115	1082	
1082	115	
126	2239	
2239	126	
682	2515	
2515	682	
566	1525	
1525	566	
172	1795	
1795	172	
883	2193	
2193	883	
65	613	
613	65	
2054	2257	
2257	2054	
1211	3192	
3192	1211	
696	1784	
1784	696	
23	3291	
3291	23	
145	2255	
2255	145	
536	962	
962	536	
492	2187	
2187	492	
262	2833	
2833	262	
264	2002	
2002	264	
1435	2058	
2058	1435	
330	1344	
1344	330	
395	2809	
2809	395	
755	1792	
1792	755	
939	2458	
2458	939	
322	1419	
1419	322	
308	2893	
2893	308	
1591	2381	
2381	1591	
2408	2730	
2730	2408	
2237	2908	
2908	2237	
1527	3316	
3316	1527	
1495	3136	
3136	1495	
1902	2468	
2468	1902	
169	660	
660	169	
2786	3206	
3206	2786	
591	2401	
2401	591	
1023	3214	
3214	1023	
201	449	
449	201	
639	2165	
2165	639	
2601	2892	
2892	2601	
3	3207	
3207	3	
1144	1903	
1903	1144	
2296	2307	
2307	2296	
1878	3269	
3269	1878	
250	1776	
1776	250	
687	1988	
1988	687	
548	2989	
2989	548	
238	296	
296	238	
1119	2680	
2680	1119	
9	3227	
3227	9	
990	1013	
1013	990	
834	2208	
2208	834	
1442	1491	
1491	1442	
2338	2934	
2934	2338	
1533	2538	
2538	1533	
1811	2748	
2748	1811	
426	2503	
2503	426	
112	3209	
3209	112	
1449	3092	
3092	1449	
147	2087	
2087	147	
678	2177	
2177	678	
1476	1934	
1934	1476	
1807	2208	
2208	1807	
2432	2984	
2984	2432	
304	2048	
2048	304	
1598	2616	
2616	1598	
1686	2507	
2507	1686	
1249	3097	
3097	1249	
1054	2271	
2271	1054	
1786	2749	
2749	1786	
1224	1601	
1601	1224	
378	1939	
1939	378	
1823	3055	
3055	1823	
591	956	
956	591	
369	957	
957	369	
1087	2959	
2959	1087	
670	1351	
1351	670	
75	166	
166	75	
276	898	
898	276	
1080	2682	
2682	1080	
1481	2633	
2633	1481	
287	763	
763	287	
1036	2102	
2102	1036	
1884	2294	
2294	1884	
2410	3061	
3061	2410	
313	2216	
2216	313	
1037	1969	
1969	1037	
669	2077	
2077	669	
2287	2607	
2607	2287	
1739	2625	
2625	1739	
1794	2968	
2968	1794	
1183	1683	
1683	1183	
500	947	
947	500	
173	1143	
1143	173	
1507	2307	
2307	1507	
889	1652	
1652	889	
1345	1715	
1715	1345	
2204	2977	
2977	2204	
2087	2536	
2536	2087	
956	1488	
1488	956	
918	1048	
1048	918	
164	585	
585	164	
1616	1865	
1865	1616	
1110	2217	
2217	1110	
296	744	
744	296	
1102	2180	
2180	1102	
834	1000	
1000	834	
1430	1958	
1958	1430	
2408	2526	
2526	2408	
593	2288	
2288	593	
226	2114	
2114	226	
1699	3225	
3225	1699	
1729	2156	
2156	1729	
939	1724	
1724	939	
1170	2189	
2189	1170	
469	1829	
1829	469	
626	1765	
1765	626	
880	2814	
2814	880	
1460	2899	
2899	1460	
1283	1731	
1731	1283	
24	2792	
2792	24	
1577	2436	
2436	1577	
726	1085	
1085	726	
1153	2594	
2594	1153	
544	2140	
2140	544	
138	169	
169	138	
1539	2548	
2548	1539	
158	1799	
1799	158	
1431	2029	
2029	1431	
1134	1751	
1751	1134	
96	2173	
2173	96	
750	2007	
2007	750	
1241	1446	
1446	1241	
2642	3080	
3080	2642	
874	2955	
2955	874	
406	1205	
1205	406	
2372	3316	
3316	2372	
3055	3270	
3270	3055	
207	1269	
1269	207	
499	998	
998	499	
156	1706	
1706	156	
1248	2849	
2849	1248	
905	2794	
2794	905	
1647	2959	
2959	1647	
436	2349	
2349	436	
512	2714	
2714	512	
11	234	
234	11	
374	3077	
3077	374	
105	1911	
1911	105	
170	1666	
1666	170	
1745	2565	
2565	1745	
2298	2874	
2874	2298	
28	2555	
2555	28	
2600	3134	
3134	2600	
522	1314	
1314	522	
1957	2452	
2452	1957	
1175	1577	
1577	1175	
1484	2411	
2411	1484	
1180	1543	
1543	1180	
2	2736	
2736	2	
1970	2684	
2684	1970	
147	1455	
1455	147	
2424	2736	
2736	2424	
588	2706	
2706	588	
415	2042	
2042	415	
223	1783	
1783	223	
839	1510	
1510	839	
2595	3285	
3285	2595	
1941	2630	
2630	1941	
629	2500	
2500	629	
110	1315	
1315	110	
723	2722	
2722	723	
1645	2678	
2678	1645	
2586	2896	
2896	2586	
1492	1551	
1551	1492	
2586	2873	
2873	2586	
44	1994	
1994	44	
2291	2622	
2622	2291	
129	1775	
1775	129	
134	3285	
3285	134	
2005	3000	
3000	2005	
826	3211	
3211	826	
1758	2094	
2094	1758	
3077	3185	
3185	3077	
1261	1834	
1834	1261	
356	1625	
1625	356	
1153	3087	
3087	1153	
568	909	
909	568	
787	1138	
1138	787	
646	1445	
1445	646	
1954	2316	
2316	1954	
136	1025	
1025	136	
1669	2671	
2671	1669	
756	2710	
2710	756	
167	406	
406	167	
14	1148	
1148	14	
76	2725	
2725	76	
3142	3155	
3155	3142	
1434	1477	
1477	1434	
1467	3259	
3259	1467	
1366	1878	
1878	1366	
388	2810	
2810	388	
1727	1886	
1886	1727	
930	1163	
1163	930	
1769	3289	
3289	1769	
954	1134	
1134	954	
816	3021	
3021	816	
2546	3009	
3009	2546	
193	831	
831	193	
94	2396	
2396	94	
1350	1763	
1763	1350	
1271	1551	
1551	1271	
1018	1226	
1226	1018	
1710	2059	
2059	1710	
746	3147	
3147	746	
1542	2888	
2888	1542	
888	1439	
1439	888	
3109	3153	
3153	3109	
528	2959	
2959	528	
2173	2229	
2229	2173	
1332	2843	
2843	1332	
328	2971	
2971	328	
1323	2517	
2517	1323	
2233	2873	
2873	2233	
1374	2264	
2264	1374	
29	659	
659	29	
1865	3187	
3187	1865	
1455	2250	
2250	1455	
310	1278	
1278	310	
1340	2796	
2796	1340	
1774	2238	
2238	1774	
1481	1752	
1752	1481	
845	2900	
2900	845	
2306	3311	
3311	2306	
622	2332	
2332	622	
2211	2605	
2605	2211	
101	3148	
3148	101	
537	3316	
3316	537	
1239	2291	
2291	1239	
2231	3197	
3197	2231	
466	1303	
1303	466	
2144	2334	
2334	2144	
2234	2984	
2984	2234	
2540	3066	
3066	2540	
563	743	
743	563	
154	3037	
3037	154	
1904	2654	
2654	1904	
2881	3116	
3116	2881	
696	2594	
2594	696	
226	235	
235	226	
698	1076	
1076	698	
1849	3113	
3113	1849	
2564	3033	
3033	2564	
412	1499	
1499	412	
687	1342	
1342	687	
1934	3177	
3177	1934	
2235	3204	
3204	2235	
144	3076	
3076	144	
615	2872	
2872	615	
2608	2703	
2703	2608	
2777	3126	
3126	2777	
444	2121	
2121	444	
1656	1782	
1782	1656	
820	1090	
1090	820	
904	1819	
1819	904	
1919	2311	
2311	1919	
692	1600	
1600	692	
1270	2475	
2475	1270	
2098	2501	
2501	2098	
165	438	
438	165	
835	2472	
2472	835	
2529	3120	
3120	2529	
390	2724	
2724	390	
962	1783	
1783	962	
246	839	
839	246	
1474	2805	
2805	1474	
2769	2911	
2911	2769	
710	2049	
2049	710	
476	2608	
2608	476	
817	3054	
3054	817	
617	908	
908	617	
1065	1497	
1497	1065	
898	2756	
2756	898	
1367	1906	
1906	1367	
1207	3022	
3022	1207	
1755	2655	
2655	1755	
1079	1698	
1698	1079	
665	1481	
1481	665	
623	832	
832	623	
178	3037	
3037	178	
733	3276	
3276	733	
254	1487	
1487	254	
683	2706	
2706	683	
714	2280	
2280	714	
2	2549	
2549	2	
2286	2404	
2404	2286	
1975	2511	
2511	1975	
305	2112	
2112	305	
648	2148	
2148	648	
1147	2136	
2136	1147	
1786	3249	
3249	1786	
3159	3301	
3301	3159	
320	3227	
3227	320	
2065	2485	
2485	2065	
270	794	
794	270	
742	1315	
1315	742	
1652	1801	
1801	1652	
2673	3139	
3139	2673	
1063	1607	
1607	1063	
211	1593	
1593	211	
1261	1953	
1953	1261	
139	1513	
1513	139	
933	2628	
2628	933	
991	3160	
3160	991	
542	2737	
2737	542	
1377	2560	
2560	1377	
720	2243	
2243	720	
1786	2337	
2337	1786	
860	1129	
1129	860	
1118	2774	
2774	1118	
1222	2039	
2039	1222	
2184	2817	
2817	2184	
55	1838	
1838	55	
1383	1627	
1627	1383	
156	890	
890	156	
1286	2673	
2673	1286	
887	2813	
2813	887	
1208	2863	
2863	1208	
1979	2244	
2244	1979	
1559	1781	
1781	1559	
1983	2762	
2762	1983	
2118	3040	
3040	2118	
177	2762	
2762	177	
90	2697	
2697	90	
328	1642	
1642	328	
1781	2105	
2105	1781	
292	896	
896	292	
313	2948	
2948	313	
652	3237	
3237	652	
530	2338	
2338	530	
1245	1644	
1644	1245	
1020	2505	
2505	1020	
1971	2996	
2996	1971	
1809	3246	
3246	1809	
823	2547	
2547	823	
162	1634	
1634	162	
633	1282	
1282	633	
283	3212	
3212	283	
47	2600	
2600	47	
603	2990	
2990	603	
3098	3168	
3168	3098	
1436	1866	
1866	1436	
77	1948	
1948	77	
336	3035	
3035	336	
1601	3082	
3082	1601	
641	2696	
2696	641	
148	563	
563	148	
768	2294	
2294	768	
330	1982	
1982	330	
1325	2333	
2333	1325	
1482	2410	
2410	1482	
1243	1502	
1502	1243	
1428	2165	
2165	1428	
3	204	
204	3	
1623	2429	
2429	1623	
531	2646	
2646	531	
577	1905	
1905	577	
1254	2155	
2155	1254	
2159	3226	
3226	2159	
135	1421	
1421	135	
415	2253	
2253	415	
93	3266	
3266	93	
896	2662	
2662	896	
29	2934	
2934	29	
809	1088	
1088	809	
1810	3300	
3300	1810	
931	1757	
1757	931	
718	2567	
2567	718	
462	779	
779	462	
1473	1966	
1966	1473	
311	1482	
1482	311	
2537	3113	
3113	2537	
2124	3304	
3304	2124	
173	1180	
1180	173	
635	1322	
1322	635	
1880	3177	
3177	1880	
1091	1341	
1341	1091	
882	2897	
2897	882	
432	991	
991	432	
1235	2554	
2554	1235	
497	2562	
2562	497	
2494	2864	
2864	2494	
657	3097	
3097	657	
473	2612	
2612	473	
907	1165	
1165	907	
710	1272	
1272	710	
520	1442	
1442	520	
798	949	
949	798	
323	1928	
1928	323	
1553	1888	
1888	1553	
587	2824	
2824	587	
2385	3080	
3080	2385	
2169	3093	
3093	2169	
2230	2240	
2240	2230	
1609	3239	
3239	1609	
2357	2395	
2395	2357	
738	2834	
2834	738	
325	1834	
1834	325	
1232	2802	
2802	1232	
771	2215	
2215	771	
1261	2575	
2575	1261	
155	1481	
1481	155	
264	2824	
2824	264	
2546	3231	
3231	2546	
64	3078	
3078	64	
154	910	
910	154	
797	1955	
1955	797	
1128	2264	
2264	1128	
539	1398	
1398	539	
1885	1931	
1931	1885	
775	1589	
1589	775	
833	1069	
1069	833	
1951	3099	
3099	1951	
536	2401	
2401	536	
80	498	
498	80	
148	594	
594	148	
968	2204	
2204	968	
209	572	
572	209	
1200	3094	
3094	1200	
1765	1826	
1826	1765	
361	1157	
1157	361	
488	503	
503	488	
327	473	
473	327	
776	2234	
2234	776	
326	2488	
2488	326	
439	663	
663	439	
871	2743	
2743	871	
1472	2895	
2895	1472	
1676	2630	
2630	1676	
672	904	
904	672	
174	1830	
1830	174	
823	2680	
2680	823	
429	1844	
1844	429	
1700	2320	
2320	1700	
1359	2976	
2976	1359	
1100	2816	
2816	1100	
1881	1941	
1941	1881	
2354	2601	
2601	2354	
170	2077	
2077	170	
309	2209	
2209	309	
714	2130	
2130	714	
618	3132	
3132	618	
80	473	
473	80	
1509	2506	
2506	1509	
141	1690	
1690	141	
1254	3126	
3126	1254	
214	1938	
1938	214	
771	2906	
2906	771	
853	2599	
2599	853	
1181	2623	
2623	1181	
1251	2323	
2323	1251	
475	899	
899	475	
2410	3089	
3089	2410	
410	793	
793	410	
1007	2808	
2808	1007	
1635	1989	
1989	1635	
36	534	
534	36	
1180	1587	
1587	1180	
2607	3042	
3042	2607	
691	2829	
2829	691	
1759	2905	
2905	1759	
1362	2227	
2227	1362	
543	868	
868	543	
2490	3123	
3123	2490	
1787	2439	
2439	1787	
1736	2185	
2185	1736	
126	1767	
1767	126	
1685	2928	
2928	1685	
659	3119	
3119	659	
307	946	
946	307	
16	3173	
3173	16	
236	1211	
1211	236	
574	2067	
2067	574	
202	3321	
3321	202	
1321	3225	
3225	1321	
1151	2944	
2944	1151	
1804	2482	
2482	1804	
916	1783	
1783	916	
1772	3030	
3030	1772	
759	1692	
1692	759	
1493	2919	
2919	1493	
946	1422	
1422	946	
59	1655	
1655	59	
448	2501	
2501	448	
376	1254	
1254	376	
626	1568	
1568	626	
2232	2460	
2460	2232	
1228	2845	
2845	1228	
279	1718	
1718	279	
66	776	
776	66	
2630	2686	
2686	2630	
946	2616	
2616	946	
805	2323	
2323	805	
969	1844	
1844	969	
837	2231	
2231	837	
1666	2113	
2113	1666	
398	1535	
1535	398	
1297	2028	
2028	1297	
220	390	
390	220	
1862	3108	
3108	1862	
592	2330	
2330	592	
393	1716	
1716	393	
73	839	
839	73	
2568	2993	
2993	2568	
2014	3246	
3246	2014	
1393	3082	
3082	1393	
1784	3086	
3086	1784	
2413	2449	
2449	2413	
1836	2535	
2535	1836	
249	1668	
1668	249	
111	3272	
3272	111	
301	1682	
1682	301	
1974	3027	
3027	1974	
1506	1754	
1754	1506	
868	1436	
1436	868	
680	1507	
1507	680	
802	2593	
2593	802	
2138	2636	
2636	2138	
182	1371	
1371	182	
821	859	
859	821	
1516	3179	
3179	1516	
2385	3321	
3321	2385	
2765	3226	
3226	2765	
984	2420	
2420	984	
1116	2414	
2414	1116	
1626	2213	
2213	1626	
790	2409	
2409	790	
1288	2839	
2839	1288	
2798	2799	
2799	2798	
2635	2890	
2890	2635	
67	1132	
1132	67	
1620	2228	
2228	1620	
610	2457	
2457	610	
36	826	
826	36	
2647	3039	
3039	2647	
2333	3124	
3124	2333	
616	715	
715	616	
8	1431	
1431	8	
1904	2952	
2952	1904	
949	1971	
1971	949	
1260	3188	
3188	1260	
2884	3213	
3213	2884	
2822	2837	
2837	2822	
28	2472	
2472	28	
484	943	
943	484	
2441	2600	
2600	2441	
1963	3118	
3118	1963	
2624	2757	
2757	2624	
2228	2238	
2238	2228	
1563	2414	
2414	1563	
592	1592	
1592	592	
171	1254	
1254	171	
1178	3134	
3134	1178	
1938	2615	
2615	1938	
747	993	
993	747	
1969	2959	
2959	1969	
668	1165	
1165	668	
271	562	
562	271	
1236	1507	
1507	1236	
2559	2945	
2945	2559	
1652	1899	
1899	1652	
265	412	
412	265	
1839	2696	
2696	1839	
1316	2071	
2071	1316	
905	3038	
3038	905	
265	3123	
3123	265	
375	1676	
1676	375	
2593	3244	
3244	2593	
189	2365	
2365	189	
953	2589	
2589	953	
192	1941	
1941	192	
621	2415	
2415	621	
1940	2800	
2800	1940	
530	855	
855	530	
611	3118	
3118	611	
581	2329	
2329	581	
203	3019	
3019	203	
950	2565	
2565	950	
841	1422	
1422	841	
1654	2635	
2635	1654	
3010	3182	
3182	3010	
398	1706	
1706	398	
997	2324	
2324	997	
795	2485	
2485	795	
1637	3058	
3058	1637	
1606	2826	
2826	1606	
93	2663	
2663	93	
2645	2904	
2904	2645	
363	744	
744	363	
440	837	
837	440	
136	1349	
1349	136	
40	2787	
2787	40	
741	3130	
3130	741	
1923	2886	
2886	1923	
1602	1840	
1840	1602	
56	2761	
2761	56	
2807	3024	
3024	2807	
814	2311	
2311	814	
463	3012	
3012	463	
1180	1925	
1925	1180	
230	2038	
2038	230	
2508	2847	
2847	2508	
968	3179	
3179	968	
162	2042	
2042	162	
1114	2603	
2603	1114	
509	600	
600	509	
732	1285	
1285	732	
1262	2394	
2394	1262	
110	2081	
2081	110	
236	3324	
3324	236	
919	1259	
1259	919	
2900	3317	
3317	2900	
975	2979	
2979	975	
48	1069	
1069	48	
179	1326	
1326	179	
717	2773	
2773	717	
1518	2014	
2014	1518	
2207	2564	
2564	2207	
1569	2553	
2553	1569	
1174	1689	
1689	1174	
30	2091	
2091	30	
2130	2617	
2617	2130	
1037	2547	
2547	1037	
385	2564	
2564	385	
2130	2685	
2685	2130	
1014	3236	
3236	1014	
1979	2907	
2907	1979	
113	448	
448	113	
1046	1317	
1317	1046	
288	2375	
2375	288	
908	2075	
2075	908	
2195	2226	
2226	2195	
721	2331	
2331	721	
1496	2528	
2528	1496	
2284	2801	
2801	2284	
283	2845	
2845	283	
2445	2695	
2695	2445	
2827	3187	
3187	2827	
1357	2793	
2793	1357	
875	1850	
1850	875	
819	2339	
2339	819	
1265	2696	
2696	1265	
177	2896	
2896	177	
1775	2321	
2321	1775	
1205	2860	
2860	1205	
125	2972	
2972	125	
2266	2628	
2628	2266	
331	1892	
1892	331	
1930	3264	
3264	1930	
975	976	
976	975	
2248	2580	
2580	2248	
3074	3111	
3111	3074	
1379	1973	
1973	1379	
1316	1702	
1702	1316	
1017	1772	
1772	1017	
256	1382	
1382	256	
245	2765	
2765	245	
1674	3133	
3133	1674	
196	2503	
2503	196	
435	2847	
2847	435	
3094	3242	
3242	3094	
156	501	
501	156	
222	2947	
2947	222	
1293	2794	
2794	1293	
2690	3170	
3170	2690	
1853	3118	
3118	1853	
1642	2523	
2523	1642	
1192	2547	
2547	1192	
845	3291	
3291	845	
749	2181	
2181	749	
1384	2629	
2629	1384	
599	1680	
1680	599	
1401	2975	
2975	1401	
1739	3276	
3276	1739	
291	1776	
1776	291	
1416	2013	
2013	1416	
10	3229	
3229	10	
200	2847	
2847	200	
534	2437	
2437	534	
418	1300	
1300	418	
390	2413	
2413	390	
1179	2934	
2934	1179	
1690	2721	
2721	1690	
787	1996	
1996	787	
1306	2775	
2775	1306	
548	2137	
2137	548	
2325	2968	
2968	2325	
119	1106	
1106	119	
1357	1482	
1482	1357	
1986	2055	
2055	1986	
25	2496	
2496	25	
955	2258	
2258	955	
498	535	
535	498	
1169	2200	
2200	1169	
1446	1678	
1678	1446	
1555	2098	
2098	1555	
471	2538	
2538	471	
2893	3159	
3159	2893	
1951	2335	
2335	1951	
1338	3184	
3184	1338	
982	1191	
1191	982	
1424	2204	
2204	1424	
1546	2183	
2183	1546	
2896	2924	
2924	2896	
458	2225	
2225	458	
1760	2953	
2953	1760	
127	1802	
1802	127	
1231	1379	
1379	1231	
3296	3312	
3312	3296	
277	1367	
1367	277	
155	3004	
3004	155	
40	2987	
2987	40	
1460	2694	
2694	1460	
2395	2961	
2961	2395	
1842	1993	
1993	1842	
1152	2692	
2692	1152	
1200	2819	
2819	1200	
874	2188	
2188	874	
1366	2900	
2900	1366	
2264	2724	
2724	2264	
334	1933	
1933	334	
622	2245	
2245	622	
980	1301	
1301	980	
1285	1970	
1970	1285	
909	1469	
1469	909	
348	2734	
2734	348	
610	2635	
2635	610	
1331	2035	
2035	1331	
2307	2915	
2915	2307	
760	2829	
2829	760	
727	3155	
3155	727	
410	1043	
1043	410	
1	1311	
1311	1	
2381	2533	
2533	2381	
1030	2208	
2208	1030	
664	2585	
2585	664	
2142	3244	
3244	2142	
2452	2816	
2816	2452	
647	653	
653	647	
2516	3170	
3170	2516	
1016	2897	
2897	1016	
1728	2061	
2061	1728	
2547	2725	
2725	2547	
3003	3027	
3027	3003	
2401	2743	
2743	2401	
49	2395	
2395	49	
1643	2573	
2573	1643	
1161	1457	
1457	1161	
1107	2644	
2644	1107	
2221	2560	
2560	2221	
645	2472	
2472	645	
1087	2321	
2321	1087	
144	402	
402	144	
1374	2841	
2841	1374	
2679	2993	
2993	2679	
1205	1209	
1209	1205	
2592	2843	
2843	2592	
382	3237	
3237	382	
366	1354	
1354	366	
504	848	
848	504	
3296	3313	
3313	3296	
2072	2954	
2954	2072	
2525	3283	
3283	2525	
314	653	
653	314	
624	2386	
2386	624	
1813	2897	
2897	1813	
564	1816	
1816	564	
487	2306	
2306	487	
974	3255	
3255	974	
2235	2555	
2555	2235	
1541	1706	
1706	1541	
1860	2778	
2778	1860	
1057	2066	
2066	1057	
331	1728	
1728	331	
81	1351	
1351	81	
2333	3268	
3268	2333	
81	1790	
1790	81	
1155	2122	
2122	1155	
902	2287	
2287	902	
2022	2286	
2286	2022	
42	1785	
1785	42	
1695	1943	
1943	1695	
2355	2764	
2764	2355	
292	565	
565	292	
85	628	
628	85	
2801	2839	
2839	2801	
1570	2325	
2325	1570	
1001	1080	
1080	1001	
2548	2981	
2981	2548	
1488	3317	
3317	1488	
867	881	
881	867	
195	340	
340	195	
1005	3188	
3188	1005	
1519	2170	
2170	1519	
1538	1799	
1799	1538	
720	1372	
1372	720	
665	950	
950	665	
2131	3201	
3201	2131	
1041	1799	
1799	1041	
468	1882	
1882	468	
375	404	
404	375	
177	2269	
2269	177	
2308	3241	
3241	2308	
1347	1449	
1449	1347	
17	2693	
2693	17	
1867	1945	
1945	1867	
399	777	
777	399	
1153	2392	
2392	1153	
319	2150	
2150	319	
1621	1759	
1759	1621	
434	570	
570	434	
51	1721	
1721	51	
957	3117	
3117	957	
1126	2197	
2197	1126	
371	1821	
1821	371	
1223	2763	
2763	1223	
245	340	
340	245	
735	3320	
3320	735	
149	2634	
2634	149	
2013	2501	
2501	2013	
1223	1316	
1316	1223	
1043	3134	
3134	1043	
2507	3170	
3170	2507	
2144	2494	
2494	2144	
581	2049	
2049	581	
470	1133	
1133	470	
2400	3304	
3304	2400	
1458	1509	
1509	1458	
173	1575	
1575	173	
310	1789	
1789	310	
2388	3213	
3213	2388	
564	2672	
2672	564	
250	1071	
1071	250	
1363	2189	
2189	1363	
1386	2534	
2534	1386	
1065	3244	
3244	1065	
1112	2067	
2067	1112	
673	1486	
1486	673	
1902	2801	
2801	1902	
970	1053	
1053	970	
177	2486	
2486	177	
1788	2112	
2112	1788	
1310	3178	
3178	1310	
1994	2378	
2378	1994	
523	1266	
1266	523	
512	3326	
3326	512	
2556	3168	
3168	2556	
2172	2711	
2711	2172	
41	1870	
1870	41	
402	1764	
1764	402	
244	1362	
1362	244	
1768	2859	
2859	1768	
1627	1652	
1652	1627	
192	1628	
1628	192	
781	2630	
2630	781	
483	1103	
1103	483	
53	351	
351	53	
2267	2842	
2842	2267	
60	686	
686	60	
942	2979	
2979	942	
1306	2265	
2265	1306	
651	788	
788	651	
640	945	
945	640	
2394	2768	
2768	2394	
925	928	
928	925	
695	1123	
1123	695	
2681	3197	
3197	2681	
328	2204	
2204	328	
159	1420	
1420	159	
1379	2854	
2854	1379	
162	444	
444	162	
272	1552	
1552	272	
316	1604	
1604	316	
2305	2321	
2321	2305	
2749	2933	
2933	2749	
2424	2937	
2937	2424	
1577	1611	
1611	1577	
1669	1723	
1723	1669	
1644	2653	
2653	1644	
524	901	
901	524	
262	3075	
3075	262	
247	407	
407	247	
1742	3178	
3178	1742	
795	3107	
3107	795	
1096	1446	
1446	1096	
3	2204	
2204	3	
627	2795	
2795	627	
138	1550	
1550	138	
255	3291	
3291	255	
1883	1900	
1900	1883	
464	2651	
2651	464	
1919	3316	
3316	1919	
1555	2566	
2566	1555	
626	3200	
3200	626	
283	498	
498	283	
194	475	
475	194	
477	2960	
2960	477	
1508	2680	
2680	1508	
36	734	
734	36	
1275	1332	
1332	1275	
1344	3073	
3073	1344	
2137	2182	
2182	2137	
749	2977	
2977	749	
1470	3244	
3244	1470	
2258	2746	
2746	2258	
1558	1729	
1729	1558	
109	1524	
1524	109	
2132	2466	
2466	2132	
1681	2170	
2170	1681	
1385	3059	
3059	1385	
2433	3236	
3236	2433	
1716	3036	
3036	1716	
1646	3160	
3160	1646	
544	1819	
1819	544	
1293	1515	
1515	1293	
61	3010	
3010	61	
318	996	
996	318	
1213	1272	
1272	1213	
1050	3154	
3154	1050	
1035	2153	
2153	1035	
644	2138	
2138	644	
264	1087	
1087	264	
320	1728	
1728	320	
1023	1742	
1742	1023	
862	2881	
2881	862	
538	2912	
2912	538	
526	2064	
2064	526	
337	2932	
2932	337	
991	2535	
2535	991	
2573	3107	
3107	2573	
277	929	
929	277	
236	3086	
3086	236	
1576	3294	
3294	1576	
437	2370	
2370	437	
2728	3059	
3059	2728	
303	2708	
2708	303	
180	2877	
2877	180	
1769	1774	
1774	1769	
1725	2248	
2248	1725	
1591	2615	
2615	1591	
737	1177	
1177	737	
1298	1848	
1848	1298	
1083	3128	
3128	1083	
1902	2114	
2114	1902	
752	3244	
3244	752	
623	1601	
1601	623	
2461	3240	
3240	2461	
495	1686	
1686	495	
669	2519	
2519	669	
30	687	
687	30	
118	1656	
1656	118	
948	2787	
2787	948	
1007	2653	
2653	1007	
1693	2841	
2841	1693	
40	648	
648	40	
1517	3289	
3289	1517	
257	2944	
2944	257	
267	2848	
2848	267	
612	909	
909	612	
1873	2617	
2617	1873	
1224	1819	
1819	1224	
512	1784	
1784	512	
146	1808	
1808	146	
2221	2965	
2965	2221	
1162	2284	
2284	1162	
839	2473	
2473	839	
65	736	
736	65	
1316	1751	
1751	1316	
2120	2781	
2781	2120	
459	1535	
1535	459	
1974	3247	
3247	1974	
251	1021	
1021	251	
1993	3136	
3136	1993	
956	2979	
2979	956	
2130	2363	
2363	2130	
2443	2639	
2639	2443	
2684	3137	
3137	2684	
147	1111	
1111	147	
2805	3221	
3221	2805	
2001	3136	
3136	2001	
132	2900	
2900	132	
335	676	
676	335	
2425	3111	
3111	2425	
1276	1465	
1465	1276	
209	1601	
1601	209	
357	1207	
1207	357	
1657	2341	
2341	1657	
1708	3006	
3006	1708	
867	2934	
2934	867	
2357	2653	
2653	2357	
830	1574	
1574	830	
2502	3271	
3271	2502	
1336	2341	
2341	1336	
2109	2152	
2152	2109	
1521	2327	
2327	1521	
1213	2073	
2073	1213	
2261	2825	
2825	2261	
16	1534	
1534	16	
1558	3324	
3324	1558	
1326	2961	
2961	1326	
1780	2466	
2466	1780	
344	3169	
3169	344	
147	1455	
1455	147	
122	1076	
1076	122	
1906	2433	
2433	1906	
706	1935	
1935	706	
7	3074	
3074	7	
1250	2023	
2023	1250	
1481	3251	
3251	1481	
526	1399	
1399	526	
607	2673	
2673	607	
2388	2951	
2951	2388	
956	2566	
2566	956	
1873	2466	
2466	1873	
8	1081	
1081	8	
1782	2843	
2843	1782	
3003	3267	
3267	3003	
1574	2855	
2855	1574	
1001	3040	
3040	1001	
1012	3202	
3202	1012	
1663	1725	
1725	1663	
988	1270	
1270	988	
1444	3143	
3143	1444	
55	3295	
3295	55	
1345	3239	
3239	1345	
185	2734	
2734	185	
1982	2552	
2552	1982	
412	1216	
1216	412	
347	1288	
1288	347	
1227	1814	
1814	1227	
1692	3242	
3242	1692	
927	2750	
2750	927	
391	767	
767	391	
251	1016	
1016	251	
2907	3067	
3067	2907	
471	2334	
2334	471	
37	912	
912	37	
302	2678	
2678	302	
1646	2899	
2899	1646	
1294	2283	
2283	1294	
1201	2488	
2488	1201	
879	1134	
1134	879	
717	1775	
1775	717	
515	894	
894	515	
784	1165	
1165	784	
712	2543	
2543	712	
107	710	
710	107	
936	2224	
2224	936	
473	642	
642	473	
1401	1663	
1663	1401	
97	3198	
3198	97	
1667	1732	
1732	1667	
1061	3045	
3045	1061	
1187	2183	
2183	1187	
599	2606	
2606	599	
2813	3146	
3146	2813	
1096	1453	
1453	1096	
2789	2871	
2871	2789	
480	3321	
3321	480	
1381	2382	
2382	1381	
2470	3258	
3258	2470	
238	2918	
2918	238	
988	1055	
1055	988	
620	732	
732	620	
1740	3236	
3236	1740	
411	3035	
3035	411	
1382	1390	
1390	1382	
251	2597	
2597	251	
954	1444	
1444	954	
1317	1740	
1740	1317	
2478	2506	
2506	2478	
567	1336	
1336	567	
1515	2007	
2007	1515	
323	398	
398	323	
2603	3279	
3279	2603	
85	3127	
3127	85	
1822	2522	
2522	1822	
1032	2298	
2298	1032	
2322	3155	
3155	2322	
1368	3192	
3192	1368	
417	1859	
1859	417	
815	845	
845	815	
1580	1598	
1598	1580	
2824	2865	
2865	2824	
1554	1581	
1581	1554	
1264	2945	
2945	1264	
250	3270	
3270	250	
1437	2368	
2368	1437	
974	2839	
2839	974	
843	1529	
1529	843	
1247	1936	
1936	1247	
1576	2606	
2606	1576	
460	1329	
1329	460	
1154	1468	
1468	1154	
1780	3235	
3235	1780	
87	1080	
1080	87	
773	1381	
1381	773	
255	1117	
1117	255	
1512	2495	
2495	1512	
23	2015	
2015	23	
1701	3079	
3079	1701	
573	2734	
2734	573	
382	2588	
2588	382	
1912	2069	
2069	1912	
3005	3068	
3068	3005	
1585	1810	
1810	1585	
20	669	
669	20	
966	1067	
1067	966	
1041	2717	
2717	1041	
891	2463	
2463	891	
1368	2638	
2638	1368	
1705	2507	
2507	1705	
2159	2693	
2693	2159	
320	2825	
2825	320	
658	744	
744	658	
46	921	
921	46	
2878	2890	
2890	2878	
2252	3269	
3269	2252	
284	2673	
2673	284	
283	526	
526	283	
532	2628	
2628	532	
1298	2326	
2326	1298	
1900	2360	
2360	1900	
125	2737	
2737	125	
1226	2370	
2370	1226	
1594	3265	
3265	1594	
1703	2196	
2196	1703	
2789	3169	
3169	2789	
272	1253	
1253	272	
271	311	
311	271	
9	2077	
2077	9	
2732	3097	
3097	2732	
2109	3288	
3288	2109	
1826	2453	
2453	1826	
633	2886	
2886	633	
1311	1565	
1565	1311	
997	1204	
1204	997	
169	2394	
2394	169	
1594	2406	
2406	1594	
110	902	
902	110	
1626	2023	
2023	1626	
1816	3005	
3005	1816	
1099	1120	
1120	1099	
101	1431	
1431	101	
1973	2286	
2286	1973	
1707	1966	
1966	1707	
1394	3275	
3275	1394	
1857	2673	
2673	1857	
2813	2873	
2873	2813	
482	1665	
1665	482	
393	1869	
1869	393	
2384	2465	
2465	2384	
547	970	
970	547	
137	3286	
3286	137	
2223	3155	
3155	2223	
822	2331	
2331	822	
1844	2524	
2524	1844	
459	1460	
1460	459	
971	2169	
2169	971	
1150	2636	
2636	1150	
2105	2711	
2711	2105	
406	2794	
2794	406	
1822	3236	
3236	1822	
16	2477	
2477	16	
817	2810	
2810	817	
1400	1783	
1783	1400	
1135	1179	
1179	1135	
1727	2769	
2769	1727	
2263	3225	
3225	2263	
380	2143	
2143	380	
122	740	
740	122	
983	2843	
2843	983	
300	2827	
2827	300	
531	1983	
1983	531	
91	1705	
1705	91	
2567	3219	
3219	2567	
637	657	
657	637	
2351	2573	
2573	2351	
30	461	
461	30	
303	3109	
3109	303	
1004	3297	
3297	1004	
57	3133	
3133	57	
584	1905	
1905	584	
1556	2500	
2500	1556	
177	3041	
3041	177	
1458	3307	
3307	1458	
1099	2990	
2990	1099	
2969	3013	
3013	2969	
194	1894	
1894	194	
133	1939	
1939	133	
2058	2540	
2540	2058	
677	3218	
3218	677	
1628	3177	
3177	1628	
1714	3081	
3081	1714	
2050	2646	
2646	2050	
2046	2049	
2049	2046	
1018	1327	
1327	1018	
2066	3076	
3076	2066	
1277	2141	
2141	1277	
2742	2821	
2821	2742	
297	3291	
3291	297	
2393	3164	
3164	2393	
308	1602	
1602	308	
1421	2254	
2254	1421	
965	1730	
1730	965	
846	2207	
2207	846	
322	3187	
3187	322	
570	1518	
1518	570	
2172	2927	
2927	2172	
2036	2495	
2495	2036	
268	1808	
1808	268	
318	1173	
1173	318	
419	1238	
1238	419	
708	1505	
1505	708	
94	2738	
2738	94	
576	2140	
2140	576	
134	285	
285	134	
1003	1700	
1700	1003	
485	1144	
1144	485	
2965	3272	
3272	2965	
259	2504	
2504	259	
1357	1579	
1579	1357	
710	2474	
2474	710	
116	2141	
2141	116	
329	759	
759	329	
1641	2931	
2931	1641	
394	2154	
2154	394	
2002	3308	
3308	2002	
627	2524	
2524	627	
2153	2301	
2301	2153	
340	679	
679	340	
2389	3028	
3028	2389	
1262	3088	
3088	1262	
1953	3160	
3160	1953	
265	2294	
2294	265	
100	3040	
3040	100	
3203	3211	
3211	3203	
239	2632	
2632	239	
2404	3316	
3316	2404	
2838	3307	
3307	2838	
2844	2913	
2913	2844	
90	1095	
1095	90	
731	2340	
2340	731	
1255	2941	
2941	1255	
1630	2171	
2171	1630	
748	2670	
2670	748	
2382	3306	
3306	2382	
1905	2064	
2064	1905	
37	1075	
1075	37	
379	2884	
2884	379	
692	2752	
2752	692	
901	1577	
1577	901	
366	1410	
1410	366	
1742	2008	
2008	1742	
521	1115	
1115	521	
389	2445	
2445	389	
49	85	
85	49	
1449	3293	
3293	1449	
297	1949	
1949	297	
605	3315	
3315	605	
1242	1329	
1329	1242	
1886	2254	
2254	1886	
169	1888	
1888	169	
1142	2955	
2955	1142	
2782	2965	
2965	2782	
1102	3250	
3250	1102	
751	2603	
2603	751	
173	2137	
2137	173	
183	931	
931	183	
1618	2597	
2597	1618	
2214	2927	
2927	2214	
991	2437	
2437	991	
2023	2943	
2943	2023	
1217	2016	
2016	1217	
1104	1939	
1939	1104	
3246	3285	
3285	3246	
1871	2023	
2023	1871	
765	3247	
3247	765	
128	1068	
1068	128	
1371	2216	
2216	1371	
60	822	
822	60	
1451	1959	
1959	1451	
149	1243	
1243	149	
1231	1856	
1856	1231	
576	784	
784	576	
1006	2457	
2457	1006	
1647	2803	
2803	1647	
1428	1513	
1513	1428	
326	1126	
1126	326	
861	2559	
2559	861	
2137	2997	
2997	2137	
20	1669	
1669	20	
612	2674	
2674	612	
2405	2556	
2556	2405	
1668	2810	
2810	1668	
1855	3325	
3325	1855	
2799	2899	
2899	2799	
1957	2572	
2572	1957	
1354	3075	
3075	1354	
166	1109	
1109	166	
761	1576	
1576	761	
1223	2332	
2332	1223	
1169	2267	
2267	1169	
1308	1771	
1771	1308	
857	2356	
2356	857	
2306	2995	
2995	2306	
1696	2547	
2547	1696	
192	213	
213	192	
861	3043	
3043	861	
682	1145	
1145	682	
364	2613	
2613	364	
861	1604	
1604	861	
55	1893	
1893	55	
1500	2082	
2082	1500	
1264	2384	
2384	1264	
1868	2696	
2696	1868	
2039	2359	
2359	2039	
1072	2048	
2048	1072	
375	2304	
2304	375	
222	1717	
1717	222	
2808	3181	
3181	2808	
182	3009	
3009	182	
2589	2888	
2888	2589	
115	786	
786	115	
942	1361	
1361	942	
1745	2322	
2322	1745	
1638	2847	
2847	1638	
648	2512	
2512	648	
438	1940	
1940	438	
1196	1787	
1787	1196	
932	1342	
1342	932	
2033	2523	
2523	2033	
2416	2511	
2511	2416	
1146	2747	
2747	1146	
1507	2892	
2892	1507	
913	1378	
1378	913	
1747	2868	
2868	1747	
329	653	
653	329	
1156	2996	
2996	1156	
1483	2961	
2961	1483	
788	1686	
1686	788	
609	2611	
2611	609	
1144	1528	
1528	1144	
796	3101	
3101	796	
1340	1762	
1762	1340	
525	626	
626	525	
2102	2712	
2712	2102	
2765	3325	
3325	2765	
903	1897	
1897	903	
2002	3027	
3027	2002	
1663	2321	
2321	1663	
1812	2214	
2214	1812	
1581	2118	
2118	1581	
601	953	
953	601	
299	306	
306	299	
2948	3144	
3144	2948	
1436	1663	
1663	1436	
49	932	
932	49	
912	1617	
1617	912	
1685	2829	
2829	1685	
811	1049	
1049	811	
220	633	
633	220	
256	1643	
1643	256	
1983	2650	
2650	1983	
606	2794	
2794	606	
2890	3041	
3041	2890	
140	1241	
1241	140	
715	2036	
2036	715	
280	3206	
3206	280	
81	1350	
1350	81	
1290	2829	
2829	1290	
1445	2633	
2633	1445	
696	1583	
1583	696	
390	3226	
3226	390	
807	1348	
1348	807	
456	3232	
3232	456	
1821	3027	
3027	1821	
2394	3305	
3305	2394	
727	2912	
2912	727	
1154	1628	
1628	1154	
188	3012	
3012	188	
1936	2726	
2726	1936	
2596	2921	
2921	2596	
2288	2454	
2454	2288	
820	1642	
1642	820	
1533	1637	
1637	1533	
549	2965	
2965	549	
431	1062	
1062	431	
1361	3037	
3037	1361	
188	1349	
1349	188	
882	2353	
2353	882	
1784	2829	
2829	1784	
324	971	
971	324	
1640	2472	
2472	1640	
224	2535	
2535	224	
178	1564	
1564	178	
842	1652	
1652	842	
1580	1753	
1753	1580	
2647	3295	
3295	2647	
2139	2495	
2495	2139	
1705	1805	
1805	1705	
2944	3055	
3055	2944	
2947	3094	
3094	2947	
458	1441	
1441	458	
1354	2281	
2281	1354	
2012	2565	
2565	2012	
580	2078	
2078	580	
423	1515	
1515	423	
2408	2934	
2934	2408	
1520	3149	
3149	1520	
3213	3221	
3221	3213	
1368	1847	
1847	1368	
1430	2310	
2310	1430	
2096	2854	
2854	2096	
1242	1410	
1410	1242	
500	2621	
2621	500	
42	1319	
1319	42	
2814	2858	
2858	2814	
648	3004	
3004	648	
925	1464	
1464	925	
1331	2297	
2297	1331	
1615	1930	
1930	1615	
20	2749	
2749	20	
1324	2317	
2317	1324	
799	3309	
3309	799	
1134	1653	
1653	1134	
1014	1623	
1623	1014	
690	2027	
2027	690	
1503	2107	
2107	1503	
32	701	
701	32	
1044	2440	
2440	1044	
1357	1750	
1750	1357	
2658	2671	
2671	2658	
75	2435	
2435	75	
306	665	
665	306	
356	1858	
1858	356	
1620	1621	
1621	1620	
597	1804	
1804	597	
278	425	
425	278	
1558	2265	
2265	1558	
1615	1836	
1836	1615	
2583	3191	
3191	2583	
600	2507	
2507	600	
1838	2704	
2704	1838	
309	3286	
3286	309	
219	2294	
2294	219	
1406	1722	
1722	1406	
2026	3105	
3105	2026	
1805	2433	
2433	1805	
2116	2765	
2765	2116	
1755	2555	
2555	1755	
459	1490	
1490	459	
1607	1852	
1852	1607	
678	726	
726	678	
2652	2874	
2874	2652	
2205	2757	
2757	2205	
501	1067	
1067	501	
1909	2477	
2477	1909	
2132	2486	
2486	2132	
857	2694	
2694	857	
252	632	
632	252	
879	2881	
2881	879	
318	3189	
3189	318	
453	2549	
2549	453	
765	804	
804	765	
180	2339	
2339	180	
345	597	
597	345	
265	897	
897	265	
1460	1498	
1498	1460	
2428	3215	
3215	2428	
579	2771	
2771	579	
2012	3032	
3032	2012	
800	1815	
1815	800	
556	1241	
1241	556	
3021	3043	
3043	3021	
71	1239	
1239	71	
1835	2665	
2665	1835	
2019	3088	
3088	2019	
2926	3152	
3152	2926	
883	954	
954	883	
492	3038	
3038	492	
2110	2500	
2500	2110	
613	677	
677	613	
754	1864	
1864	754	
509	1103	
1103	509	
477	2361	
2361	477	
2423	3165	
3165	2423	
205	1995	
1995	205	
1611	2049	
2049	1611	
1158	2600	
2600	1158	
1093	1794	
1794	1093	
1504	1787	
1787	1504	
963	1146	
1146	963	
1037	3298	
3298	1037	
608	2436	
2436	608	
971	2672	
2672	971	
2735	3009	
3009	2735	
345	2418	
2418	345	
2041	2488	
2488	2041	
569	1865	
1865	569	
418	732	
732	418	
1273	2344	
2344	1273	
2012	2925	
2925	2012	
1891	3107	
3107	1891	
1407	1634	
1634	1407	
725	2418	
2418	725	
2046	2984	
2984	2046	
1374	3268	
3268	1374	
2694	2936	
2936	2694	
441	2034	
2034	441	
332	1011	
1011	332	
520	1677	
1677	520	
1115	2283	
2283	1115	
1058	3265	
3265	1058	
1931	2428	
2428	1931	
1250	1845	
1845	1250	
412	2947	
2947	412	
1606	2529	
2529	1606	
487	705	
705	487	
525	2784	
2784	525	
104	2403	
2403	104	
1462	2009	
2009	1462	
86	1692	
1692	86	
128	1485	
1485	128	
300	818	
818	300	
1783	2074	
2074	1783	
1966	3271	
3271	1966	
1489	2776	
2776	1489	
1913	2831	
2831	1913	
1003	2400	
2400	1003	
1265	2464	
2464	1265	
1655	2861	
2861	1655	
1045	2982	
2982	1045	
307	1334	
1334	307	
865	2556	
2556	865	
436	2346	
2346	436	
500	950	
950	500	
963	1196	
1196	963	
1777	2909	
2909	1777	
268	2523	
2523	268	
380	2233	
2233	380	
1894	2927	
2927	1894	
1165	1654	
1654	1165	
693	1714	
1714	693	
807	1161	
1161	807	
178	646	
646	178	
58	2732	
2732	58	
1895	2402	
2402	1895	
1655	3163	
3163	1655	
876	2913	
2913	876	
497	515	
515	497	
422	1771	
1771	422	
100	1436	
1436	100	
1000	1913	
1913	1000	
2964	3180	
3180	2964	
393	3292	
3292	393	
666	1940	
1940	666	
1529	2936	
2936	1529	
525	2917	
2917	525	
1224	2866	
2866	1224	
1118	2612	
2612	1118	
263	1255	
1255	263	
1292	1356	
1356	1292	
116	2186	
2186	116	
405	1850	
1850	405	
1543	2397	
2397	1543	
78	2352	
2352	78	
604	925	
925	604	
911	1766	
1766	911	
450	1383	
1383	450	
477	2233	
2233	477	
197	2315	
2315	197	
1214	2382	
2382	1214	
241	1670	
1670	241	
379	2186	
2186	379	
486	1234	
1234	486	
1086	1936	
1936	1086	
49	3035	
3035	49	
1026	2962	
2962	1026	
268	2672	
2672	268	
2322	2724	
2724	2322	
654	1398	
1398	654	
867	2101	
2101	867	
591	2500	
2500	591	
114	2214	
2214	114	
1695	1824	
1824	1695	
2633	3292	
3292	2633	
66	1834	
1834	66	
1047	1446	
1446	1047	
525	2469	
2469	525	
865	931	
931	865	
737	976	
976	737	
1152	1372	
1372	1152	
1368	2048	
2048	1368	
249	2981	
2981	249	
1130	2046	
2046	1130	
603	656	
656	603	
1568	1692	
1692	1568	
1246	2692	
2692	1246	
685	2801	
2801	685	
1249	1989	
1989	1249	
1171	2439	
2439	1171	
3204	3261	
3261	3204	
2537	2576	
2576	2537	
740	2684	
2684	740	
3043	3091	
3091	3043	
1203	1299	
1299	1203	
96	2933	
2933	96	
1918	2659	
2659	1918	
2265	2869	
2869	2265	
330	3105	
3105	330	
117	1779	
1779	117	
69	1135	
1135	69	
477	2145	
2145	477	
1496	1723	
1723	1496	
1088	2025	
2025	1088	
5	1209	
1209	5	
742	920	
920	742	
2254	2912	
2912	2254	
809	3177	
3177	809	
882	2604	
2604	882	
409	3162	
3162	409	
231	1174	
1174	231	
1294	2645	
2645	1294	
59	358	
358	59	
1901	2650	
2650	1901	
717	3106	
3106	717	
2973	3279	
3279	2973	
1771	2065	
2065	1771	
1267	2041	
2041	1267	
964	1287	
1287	964	
618	1552	
1552	618	
2105	3010	
3010	2105	
1618	2619	
2619	1618	
1765	2072	
2072	1765	
1004	1400	
1400	1004	
40	772	
772	40	
2312	2531	
2531	2312	
116	2733	
2733	116	
190	1391	
1391	190	
1248	3326	
3326	1248	
2071	2607	
2607	2071	
910	2529	
2529	910	
244	3203	
3203	244	
1579	2965	
2965	1579	
2029	2686	
2686	2029	
617	1410	
1410	617	
343	2247	
2247	343	
171	2777	
2777	171	
497	1878	
1878	497	
465	1309	
1309	465	
1597	3082	
3082	1597	
849	2452	
2452	849	
2928	3309	
3309	2928	
654	1997	
1997	654	
2040	2534	
2534	2040	
1834	2686	
2686	1834	
1748	1916	
1916	1748	
1213	1249	
1249	1213	
1486	2670	
2670	1486	
371	2687	
2687	371	
1228	3102	
3102	1228	
268	361	
361	268	
246	3321	
3321	246	
1699	3287	
3287	1699	
1107	1600	
1600	1107	
239	3192	
3192	239	
559	2699	
2699	559	
295	687	
687	295	
1648	2261	
2261	1648	
1100	2419	
2419	1100	
1651	1848	
1848	1651	
920	2609	
2609	920	
1405	2667	
2667	1405	
1635	2084	
2084	1635	
2101	2531	
2531	2101	
416	1504	
1504	416	
211	1154	
1154	211	
699	1688	
1688	699	
371	2310	
2310	371	
1327	2547	
2547	1327	
857	2709	
2709	857	
2091	2427	
2427	2091	
1337	2648	
2648	1337	
1947	3166	
3166	1947	
2123	2832	
2832	2123	
485	2449	
2449	485	
992	1274	
1274	992	
621	1216	
1216	621	
2412	2429	
2429	2412	
601	1451	
1451	601	
2155	2887	
2887	2155	
1909	2062	
2062	1909	
118	536	
536	118	
1682	2887	
2887	1682	
549	861	
861	549	
540	3298	
3298	540	
795	3199	
3199	795	
1295	2666	
2666	1295	
561	1254	
1254	561	
454	1405	
1405	454	
1790	2293	
2293	1790	
813	2395	
2395	813	
2735	2931	
2931	2735	
2622	3183	
3183	2622	
810	2584	
2584	810	
2941	3222	
3222	2941	
2931	3183	
3183	2931	
134	1488	
1488	134	
2152	2367	
2367	2152	
1793	3003	
3003	1793	
6	1791	
1791	6	
695	1010	
1010	695	
484	2233	
2233	484	
2978	3100	
3100	2978	
263	1330	
1330	263	
604	3170	
3170	604	
2239	3034	
3034	2239	
242	2585	
2585	242	
770	3014	
3014	770	
1009	1842	
1842	1009	
1242	1715	
1715	1242	
1769	2011	
2011	1769	
133	1988	
1988	133	
1524	3181	
3181	1524	
433	1603	
1603	433	
134	1479	
1479	134	
730	2756	
2756	730	
1186	1486	
1486	1186	
1345	2411	
2411	1345	
79	188	
188	79	
1691	2862	
2862	1691	
785	2738	
2738	785	
170	2405	
2405	170	
1422	1772	
1772	1422	
431	2399	
2399	431	
856	2290	
2290	856	
1683	1892	
1892	1683	
1314	2600	
2600	1314	
1526	2202	
2202	1526	
1418	1964	
1964	1418	
1309	2673	
2673	1309	
1769	3152	
3152	1769	
1536	2092	
2092	1536	
1619	2197	
2197	1619	
1838	2654	
2654	1838	
1018	2955	
2955	1018	
329	1688	
1688	329	
422	3202	
3202	422	
1108	3016	
3016	1108	
24	2410	
2410	24	
2343	2833	
2833	2343	
2183	2633	
2633	2183	
84	130	
130	84	
479	548	
548	479	
305	3053	
3053	305	
2271	3145	
3145	2271	
3169	3285	
3285	3169	
2037	3169	
3169	2037	
122	1029	
1029	122	
2790	2897	
2897	2790	
1275	2892	
2892	1275	
111	399	
399	111	
1323	1623	
1623	1323	
1132	1481	
1481	1132	
741	2157	
2157	741	
435	801	
801	435	
796	1281	
1281	796	
670	3274	
3274	670	
117	3304	
3304	117	
2620	2937	
2937	2620	
1128	1552	
1552	1128	
3033	3086	
3086	3033	
891	1117	
1117	891	
790	2322	
2322	790	
344	1697	
1697	344	
2869	3233	
3233	2869	
1221	1955	
1955	1221	
287	1799	
1799	287	
1914	2931	
2931	1914	
2029	2560	
2560	2029	
1249	2418	
2418	1249	
416	2340	
2340	416	
468	706	
706	468	
682	1222	
1222	682	
2838	2862	
2862	2838	
130	2452	
2452	130	
2285	3074	
3074	2285	
2733	2964	
2964	2733	
1302	1978	
1978	1302	
2090	2590	
2590	2090	
1495	2004	
2004	1495	
1811	3054	
3054	1811	
2025	2373	
2373	2025	
697	2768	
2768	697	
709	2662	
2662	709	
430	3236	
3236	430	
197	3007	
3007	197	
343	2136	
2136	343	
117	1993	
1993	117	
929	1599	
1599	929	
344	1932	
1932	344	
399	1817	
1817	399	
160	1750	
1750	160	
2262	3142	
3142	2262	
231	1344	
1344	231	
2276	3151	
3151	2276	
415	2828	
2828	415	
1140	1373	
1373	1140	
837	3011	
3011	837	
2300	3311	
3311	2300	
2503	2703	
2703	2503	
1833	2098	
2098	1833	
1367	3126	
3126	1367	
2702	3315	
3315	2702	
910	1304	
1304	910	
1135	2863	
2863	1135	
64	1830	
1830	64	
638	772	
772	638	
507	1379	
1379	507	
352	1389	
1389	352	
2092	3085	
3085	2092	
912	1788	
1788	912	
1232	1726	
1726	1232	
1127	2713	
2713	1127	
2547	2840	
2840	2547	
2104	2258	
2258	2104	
1728	2923	
2923	1728	
2416	3097	
3097	2416	
845	2774	
2774	845	
824	2284	
2284	824	
1305	1580	
1580	1305	
1810	2664	
2664	1810	
1232	2281	
2281	1232	
1811	2568	
2568	1811	
665	3224	
3224	665	
91	1736	
1736	91	
1361	3323	
3323	1361	
337	1281	
1281	337	
1582	1643	
1643	1582	
1112	3100	
3100	1112	
2367	2719	
2719	2367	
294	782	
782	294	
2347	2991	
2991	2347	
1851	3184	
3184	1851	
2473	3277	
3277	2473	
931	2491	
2491	931	
2180	2857	
2857	2180	
1375	1977	
1977	1375	
328	2331	
2331	328	
736	1659	
1659	736	
1606	3056	
3056	1606	
550	2604	
2604	550	
904	3252	
3252	904	
282	2163	
2163	282	
2172	3003	
3003	2172	
89	3129	
3129	89	
2648	2817	
2817	2648	
626	1605	
1605	626	
2092	2978	
2978	2092	
842	2313	
2313	842	
1346	2426	
2426	1346	
258	1271	
1271	258	
365	783	
783	365	
1071	2451	
2451	1071	
232	2946	
2946	232	
909	1378	
1378	909	
2459	3289	
3289	2459	
81	3005	
3005	81	
2383	2939	
2939	2383	
879	2389	
2389	879	
187	2198	
2198	187	
769	1049	
1049	769	
3030	3063	
3063	3030	
0	1946	
1946	0	
1164	2028	
2028	1164	
1805	2466	
2466	1805	
2373	2861	
2861	2373	
992	2802	
2802	992	
435	541	
541	435	
7	448	
448	7	
17	2061	
2061	17	
1876	3206	
3206	1876	
1209	2523	
2523	1209	
788	3005	
3005	788	
1994	2202	
2202	1994	
1101	2429	
2429	1101	
1292	2960	
2960	1292	
2661	2888	
2888	2661	
647	2689	
2689	647	
2847	2971	
2971	2847	
1102	2996	
2996	1102	
647	2093	
2093	647	
269	661	
661	269	
1646	1869	
1869	1646	
1157	1406	
1406	1157	
126	1501	
1501	126	
2418	2421	
2421	2418	
828	1175	
1175	828	
268	2183	
2183	268	
2629	2926	
2926	2629	
2025	2927	
2927	2025	
1951	3069	
3069	1951	
54	1482	
1482	54	
1646	2322	
2322	1646	
2379	2750	
2750	2379	
1191	1234	
1234	1191	
920	2260	
2260	920	
2186	2495	
2495	2186	
482	1379	
1379	482	
1946	2709	
2709	1946	
668	2692	
2692	668	
465	1459	
1459	465	
946	2420	
2420	946	
944	2696	
2696	944	
1932	2290	
2290	1932	
1997	2743	
2743	1997	
502	2520	
2520	502	
81	1537	
1537	81	
412	550	
550	412	
3244	3314	
3314	3244	
205	2637	
2637	205	
2547	2753	
2753	2547	
357	2946	
2946	357	
1151	2602	
2602	1151	
1162	2974	
2974	1162	
467	1003	
1003	467	
2581	3220	
3220	2581	
2486	3003	
3003	2486	
2989	3237	
3237	2989	
2213	2437	
2437	2213	
1615	1839	
1839	1615	
495	2147	
2147	495	
832	1847	
1847	832	
183	2920	
2920	183	
146	2660	
2660	146	
561	2583	
2583	561	
232	3171	
3171	232	
1006	3321	
3321	1006	
759	2557	
2557	759	
482	3034	
3034	482	
1130	2136	
2136	1130	
643	1063	
1063	643	
407	1419	
1419	407	
722	3291	
3291	722	
2666	3298	
3298	2666	
2486	2489	
2489	2486	
950	1694	
1694	950	
746	1832	
1832	746	
1586	1699	
1699	1586	
228	2048	
2048	228	
1757	2419	
2419	1757	
117	2527	
2527	117	
481	2473	
2473	481	
654	1689	
1689	654	
501	1973	
1973	501	
545	2987	
2987	545	
701	1068	
1068	701	
2894	3054	
3054	2894	
372	1533	
1533	372	
1610	3214	
3214	1610	
1380	1601	
1601	1380	
1095	1326	
1326	1095	
1009	1875	
1875	1009	
1314	1911	
1911	1314	
61	1118	
1118	61	
1676	3317	
3317	1676	
719	3116	
3116	719	
1819	3250	
3250	1819	
1618	2023	
2023	1618	
2158	2583	
2583	2158	
1676	2156	
2156	1676	
1427	2913	
2913	1427	
2528	2972	
2972	2528	
441	1509	
1509	441	
111	3175	
3175	111	
1812	3060	
3060	1812	
154	1079	
1079	154	
2652	3070	
3070	2652	
49	335	
335	49	
403	3095	
3095	403	
1792	2318	
2318	1792	
906	2877	
2877	906	
263	1266	
1266	263	
1582	1769	
1769	1582	
1271	3237	
3237	1271	
813	2244	
2244	813	
1283	3121	
3121	1283	
2683	3021	
3021	2683	
1418	3125	
3125	1418	
571	1574	
1574	571	
1516	2047	
2047	1516	
402	3037	
3037	402	
1215	1358	
1358	1215	
1139	1300	
1300	1139	
