1307	1865	
1865	1307	
1620	3026	
3026	1620	
569	624	
624	569	
2703	2706	
2706	2703	
2166	2637	
2637	2166	
922	1246	
1246	922	
291	873	
873	291	
895	1290	
1290	895	
303	3186	
3186	303	
2573	2574	
2574	2573	
2832	2833	
2833	2832	
3037	3038	
3038	3037	
928	1326	
1326	928	
200	2843	
2843	200	
472	2269	
2269	472	
2014	2172	
2172	2014	
2401	2959	
2959	2401	
649	2495	
2495	649	
361	2185	
2185	361	
429	541	
541	429	
968	2633	
2633	968	
130	1004	
1004	130	
1033	2112	
2112	1033	
266	3298	
3298	266	
884	1992	
1992	884	
523	2349	
2349	523	
1649	1805	
1805	1649	
19	3308	
3308	19	
610	3039	
3039	610	
2926	2927	
2927	2926	
582	2973	
2973	582	
263	525	
525	263	
2190	2207	
2207	2190	
2012	2746	
2746	2012	
2369	2370	
2370	2369	
153	2925	
2925	153	
101	825	
825	101	
1772	2222	
2222	1772	
101	3161	
3161	101	
2259	2278	
2278	2259	
1620	2721	
2721	1620	
1301	2774	
2774	1301	
2333	2334	
2334	2333	
1152	2414	
2414	1152	
147	1647	
1647	147	
2458	2461	
2461	2458	
243	1812	
1812	243	
157	2507	
2507	157	
982	1130	
1130	982	
771	1103	
1103	771	
1227	2642	
2642	1227	
955	3144	
3144	955	
241	1414	
1414	241	
2237	2867	
2867	2237	
1766	3183	
3183	1766	
2462	3224	
3224	2462	
1926	2945	
2945	1926	
985	2443	
2443	985	
2358	2431	
2431	2358	
1422	1663	
1663	1422	
2174	2861	
2861	2174	
536	2477	
2477	536	
512	620	
620	512	
733	1296	
1296	733	
2371	2874	
2874	2371	
787	1413	
1413	787	
582	1525	
1525	582	
874	2866	
2866	874	
993	2774	
2774	993	
1721	2473	
2473	1721	
1687	3220	
3220	1687	
127	143	
143	127	
1069	2504	
2504	1069	
2070	2736	
2736	2070	
2380	2402	
2402	2380	
1760	3114	
3114	1760	
2464	3120	
3120	2464	
307	1943	
1943	307	
961	1405	
1405	961	
1044	2434	
2434	1044	
583	2384	
2384	583	
876	3025	
3025	876	
2329	2613	
2613	2329	
150	557	
557	150	
2686	3132	
3132	2686	
528	2829	
2829	528	
1235	2335	
2335	1235	
2736	3034	
3034	2736	
2196	3266	
3266	2196	
2092	3222	
3222	2092	
925	995	
995	925	
1189	3021	
3021	1189	
1130	2331	
2331	1130	
1211	1585	
1585	1211	
626	2126	
2126	626	
783	2296	
2296	783	
1214	2230	
2230	1214	
170	2583	
2583	170	
1395	2861	
2861	1395	
938	3251	
3251	938	
195	1407	
1407	195	
61	2063	
2063	61	
1832	2163	
2163	1832	
3030	3263	
3263	3030	
2747	2748	
2748	2747	
637	1967	
1967	637	
1117	1605	
1605	1117	
1910	2925	
2925	1910	
1348	2276	
2276	1348	
136	1561	
1561	136	
3019	3159	
3159	3019	
634	2899	
2899	634	
1293	3261	
3261	1293	
1705	2559	
2559	1705	
412	2440	
2440	412	
1652	2733	
2733	1652	
691	931	
931	691	
265	2220	
2220	265	
1205	2830	
2830	1205	
1523	3172	
3172	1523	
3203	3204	
3204	3203	
2269	3274	
3274	2269	
2281	2651	
2651	2281	
2174	2439	
2439	2174	
2206	2868	
2868	2206	
801	1391	
1391	801	
1311	2316	
2316	1311	
872	1665	
1665	872	
567	2005	
2005	567	
49	2455	
2455	49	
420	1933	
1933	420	
1567	2204	
2204	1567	
2614	3292	
3292	2614	
541	703	
703	541	
1542	2558	
2558	1542	
312	2644	
2644	312	
2667	2786	
2786	2667	
1818	1992	
1992	1818	
2589	3066	
3066	2589	
51	1214	
1214	51	
919	1425	
1425	919	
218	1482	
1482	218	
1260	1981	
1981	1260	
2396	2398	
2398	2396	
1135	2683	
2683	1135	
597	3174	
3174	597	
569	3153	
3153	569	
31	1759	
1759	31	
2739	2741	
2741	2739	
2149	2789	
2789	2149	
807	2667	
2667	807	
227	1809	
1809	227	
1448	1971	
1971	1448	
968	3086	
3086	968	
750	1065	
1065	750	
1004	2920	
2920	1004	
2264	2638	
2638	2264	
783	2837	
2837	783	
1422	2823	
2823	1422	
1672	1971	
1971	1672	
815	2339	
2339	815	
3193	3195	
3195	3193	
535	641	
641	535	
1190	2828	
2828	1190	
114	2074	
2074	114	
533	1764	
1764	533	
273	468	
468	273	
1224	2348	
2348	1224	
576	1887	
1887	576	
713	1676	
1676	713	
1313	3246	
3246	1313	
2775	2925	
2925	2775	
2548	2549	
2549	2548	
450	1817	
1817	450	
648	2574	
2574	648	
2509	2875	
2875	2509	
2418	2597	
2597	2418	
2804	2805	
2805	2804	
123	1992	
1992	123	
428	2404	
2404	428	
540	2911	
2911	540	
1087	1620	
1620	1087	
1626	1897	
1897	1626	
106	2189	
2189	106	
1497	2336	
2336	1497	
342	678	
678	342	
2316	2547	
2547	2316	
613	2603	
2603	613	
1887	2232	
2232	1887	
1555	2015	
2015	1555	
1548	2271	
2271	1548	
904	2369	
2369	904	
1956	2759	
2759	1956	
1900	3111	
3111	1900	
1030	2062	
2062	1030	
755	2622	
2622	755	
616	1943	
1943	616	
1170	2726	
2726	1170	
709	2320	
2320	709	
686	2827	
2827	686	
59	968	
968	59	
340	2597	
2597	340	
450	2295	
2295	450	
1545	2400	
2400	1545	
16	616	
616	16	
2181	2828	
2828	2181	
254	2067	
2067	254	
2899	2900	
2900	2899	
1894	2052	
2052	1894	
990	1207	
1207	990	
2473	2868	
2868	2473	
1192	2793	
2793	1192	
228	2815	
2815	228	
1822	1903	
1903	1822	
205	3076	
3076	205	
302	1943	
1943	302	
1624	3037	
3037	1624	
13	1167	
1167	13	
1489	1805	
1805	1489	
590	2185	
2185	590	
1867	2351	
2351	1867	
245	1066	
1066	245	
1965	2886	
2886	1965	
552	2412	
2412	552	
1918	2650	
2650	1918	
1767	2168	
2168	1767	
1364	2184	
2184	1364	
179	1860	
1860	179	
1219	2667	
2667	1219	
52	1617	
1617	52	
41	606	
606	41	
2132	2899	
2899	2132	
2292	2913	
2913	2292	
887	2021	
2021	887	
624	1335	
1335	624	
1246	2776	
2776	1246	
1136	2196	
2196	1136	
1768	1964	
1964	1768	
1980	2655	
2655	1980	
3003	3004	
3004	3003	
1281	2234	
2234	1281	
2608	2609	
2609	2608	
1092	3185	
3185	1092	
1097	2427	
2427	1097	
1087	2054	
2054	1087	
161	2735	
2735	161	
468	1736	
1736	468	
148	1770	
1770	148	
1392	3212	
3212	1392	
1440	2124	
2124	1440	
101	3087	
3087	101	
1274	1739	
1739	1274	
1409	2738	
2738	1409	
453	2475	
2475	453	
390	1916	
1916	390	
654	2515	
2515	654	
582	676	
676	582	
1853	2488	
2488	1853	
368	1199	
1199	368	
1097	2648	
2648	1097	
2905	3175	
3175	2905	
989	1033	
1033	989	
1441	1762	
1762	1441	
1903	2493	
2493	1903	
95	822	
822	95	
721	2683	
2683	721	
1212	1473	
1473	1212	
3	3219	
3219	3	
2209	2554	
2554	2209	
2911	3317	
3317	2911	
2497	3288	
3288	2497	
1033	1234	
1234	1033	
1083	1709	
1709	1083	
1871	2478	
2478	1871	
603	1471	
1471	603	
965	2234	
2234	965	
1610	3022	
3022	1610	
1486	1864	
1864	1486	
545	1046	
1046	545	
1808	2202	
2202	1808	
1262	2978	
2978	1262	
487	2108	
2108	487	
1379	2375	
2375	1379	
2782	2783	
2783	2782	
28	1678	
1678	28	
644	2282	
2282	644	
1435	2729	
2729	1435	
1447	2560	
2560	1447	
1495	1929	
1929	1495	
2519	2719	
2719	2519	
2835	3076	
3076	2835	
204	3087	
3087	204	
1159	2086	
2086	1159	
135	2080	
2080	135	
781	2375	
2375	781	
2230	2784	
2784	2230	
1043	3274	
3274	1043	
1167	1493	
1493	1167	
524	2787	
2787	524	
1664	3297	
3297	1664	
114	553	
553	114	
52	274	
274	52	
464	1853	
1853	464	
1907	3232	
3232	1907	
1034	1617	
1617	1034	
946	1584	
1584	946	
638	2218	
2218	638	
300	2763	
2763	300	
2509	2511	
2511	2509	
137	2782	
2782	137	
2455	2861	
2861	2455	
330	3184	
3184	330	
1971	2062	
2062	1971	
1904	2666	
2666	1904	
554	799	
799	554	
1811	2091	
2091	1811	
162	1070	
1070	162	
578	2367	
2367	578	
1311	2607	
2607	1311	
918	3080	
3080	918	
1981	2340	
2340	1981	
1252	3118	
3118	1252	
347	1853	
1853	347	
1557	3227	
3227	1557	
1620	1826	
1826	1620	
436	2317	
2317	436	
234	2993	
2993	234	
3230	3254	
3254	3230	
1605	2416	
2416	1605	
3017	3046	
3046	3017	
2524	3249	
3249	2524	
877	940	
940	877	
1758	2527	
2527	1758	
2787	2788	
2788	2787	
1094	2052	
2052	1094	
2062	2378	
2378	2062	
216	1655	
1655	216	
1802	2174	
2174	1802	
213	528	
528	213	
980	1645	
1645	980	
1264	2174	
2174	1264	
972	1736	
1736	972	
1696	3114	
3114	1696	
923	2911	
2911	923	
2066	2189	
2189	2066	
97	1201	
1201	97	
329	1889	
1889	329	
1	486	
486	1	
1261	2481	
2481	1261	
2185	3150	
3150	2185	
884	2512	
2512	884	
1836	2578	
2578	1836	
1596	3253	
3253	1596	
3133	3134	
3134	3133	
2458	2459	
2459	2458	
1112	2522	
2522	1112	
858	1803	
1803	858	
642	2464	
2464	642	
3106	3107	
3107	3106	
1180	3025	
3025	1180	
55	186	
186	55	
1169	1209	
1209	1169	
2051	2465	
2465	2051	
247	2643	
2643	247	
269	3235	
3235	269	
2308	2341	
2341	2308	
755	1961	
1961	755	
675	2827	
2827	675	
96	339	
339	96	
232	252	
252	232	
667	1243	
1243	667	
1241	1694	
1694	1241	
931	1025	
1025	931	
46	3237	
3237	46	
374	3286	
3286	374	
318	717	
717	318	
38	2228	
2228	38	
1399	1666	
1666	1399	
1587	1625	
1625	1587	
607	1879	
1879	607	
388	2254	
2254	388	
2761	2763	
2763	2761	
1245	2482	
2482	1245	
28	2313	
2313	28	
2114	2559	
2559	2114	
847	1666	
1666	847	
1239	2210	
2210	1239	
2494	2861	
2861	2494	
411	1033	
1033	411	
1539	2653	
2653	1539	
757	2099	
2099	757	
1981	3071	
3071	1981	
534	2287	
2287	534	
1012	2023	
2023	1012	
767	1321	
1321	767	
819	1200	
1200	819	
1666	2427	
2427	1666	
150	1622	
1622	150	
1971	2354	
2354	1971	
340	1050	
1050	340	
1875	2205	
2205	1875	
332	2259	
2259	332	
1122	2991	
2991	1122	
1702	1774	
1774	1702	
2569	3250	
3250	2569	
2080	2662	
2662	2080	
2949	3011	
3011	2949	
2050	3304	
3304	2050	
2323	2434	
2434	2323	
723	1088	
1088	723	
1548	3268	
3268	1548	
3252	3253	
3253	3252	
1399	2675	
2675	1399	
371	1981	
1981	371	
1949	3075	
3075	1949	
1138	2767	
2767	1138	
1156	1738	
1738	1156	
1678	2316	
2316	1678	
719	755	
755	719	
59	2826	
2826	59	
102	1016	
1016	102	
1617	3014	
3014	1617	
33	3193	
3193	33	
1201	2572	
2572	1201	
1230	1666	
1666	1230	
1369	1981	
1981	1369	
912	1708	
1708	912	
2311	2880	
2880	2311	
1019	1875	
1875	1019	
1018	2514	
2514	1018	
49	1510	
1510	49	
1328	3162	
3162	1328	
2048	2710	
2710	2048	
1159	2755	
2755	1159	
806	1537	
1537	806	
102	1748	
1748	102	
1402	2243	
2243	1402	
1815	2885	
2885	1815	
942	1863	
1863	942	
1352	1829	
1829	1352	
449	1543	
1543	449	
851	2863	
2863	851	
708	3156	
3156	708	
1971	2479	
2479	1971	
1176	2226	
2226	1176	
2080	2346	
2346	2080	
670	1311	
1311	670	
1079	1555	
1555	1079	
83	3018	
3018	83	
482	3156	
3156	482	
308	3221	
3221	308	
494	1620	
1620	494	
1116	1836	
1836	1116	
716	1366	
1366	716	
1890	2884	
2884	1890	
2643	2776	
2776	2643	
641	1080	
1080	641	
582	879	
879	582	
3256	3281	
3281	3256	
2334	2538	
2538	2334	
404	1718	
1718	404	
457	1438	
1438	457	
138	680	
680	138	
953	2736	
2736	953	
2107	2398	
2398	2107	
491	2994	
2994	491	
81	2414	
2414	81	
596	3191	
3191	596	
1062	2232	
2232	1062	
165	944	
944	165	
568	1839	
1839	568	
2109	2906	
2906	2109	
611	620	
620	611	
1004	2816	
2816	1004	
1640	1923	
1923	1640	
1519	3226	
3226	1519	
1657	2868	
2868	1657	
1160	1432	
1432	1160	
356	3156	
3156	356	
43	1429	
1429	43	
1184	2186	
2186	1184	
1443	2013	
2013	1443	
1071	1422	
1422	1071	
1840	2349	
2349	1840	
544	1915	
1915	544	
1039	1170	
1170	1039	
1676	2604	
2604	1676	
530	664	
664	530	
1902	2976	
2976	1902	
902	1201	
1201	902	
794	1041	
1041	794	
1666	2110	
2110	1666	
351	1112	
1112	351	
847	2520	
2520	847	
198	1453	
1453	198	
564	3048	
3048	564	
338	1227	
1227	338	
139	958	
958	139	
622	1708	
1708	622	
1889	2751	
2751	1889	
2363	3164	
3164	2363	
2440	2441	
2441	2440	
673	2445	
2445	673	
2631	3009	
3009	2631	
903	2145	
2145	903	
821	2591	
2591	821	
951	1638	
1638	951	
173	519	
519	173	
1670	3256	
3256	1670	
1461	2601	
2601	1461	
850	2024	
2024	850	
212	2836	
2836	212	
1382	3038	
3038	1382	
749	1259	
1259	749	
1391	2756	
2756	1391	
1471	2861	
2861	1471	
3139	3244	
3244	3139	
250	2083	
2083	250	
550	3009	
3009	550	
909	2268	
2268	909	
470	1982	
1982	470	
344	2238	
2238	344	
497	2974	
2974	497	
1073	3303	
3303	1073	
2646	3018	
3018	2646	
1185	2955	
2955	1185	
1084	2343	
2343	1084	
1870	2945	
2945	1870	
3	1431	
1431	3	
474	3056	
3056	474	
12	113	
113	12	
865	2692	
2692	865	
921	3017	
3017	921	
2805	2908	
2908	2805	
1210	1531	
1531	1210	
176	2750	
2750	176	
208	1718	
1718	208	
1737	2243	
2243	1737	
1967	2066	
2066	1967	
504	624	
624	504	
1557	2322	
2322	1557	
2773	3272	
3272	2773	
1372	1841	
1841	1372	
588	2537	
2537	588	
530	1966	
1966	530	
1106	2403	
2403	1106	
1253	1510	
1510	1253	
311	2803	
2803	311	
786	2216	
2216	786	
110	541	
541	110	
2950	2951	
2951	2950	
441	2812	
2812	441	
886	2768	
2768	886	
585	1943	
1943	585	
794	1357	
1357	794	
540	1945	
1945	540	
1861	2530	
2530	1861	
812	1437	
1437	812	
2653	3291	
3291	2653	
604	2458	
2458	604	
154	1131	
1131	154	
1146	1896	
1896	1146	
2743	2744	
2744	2743	
974	1891	
1891	974	
582	3218	
3218	582	
304	1620	
1620	304	
466	3138	
3138	466	
406	1296	
1296	406	
465	2345	
2345	465	
2967	2968	
2968	2967	
497	2975	
2975	497	
1319	1770	
1770	1319	
1162	3010	
3010	1162	
2011	2076	
2076	2011	
582	1660	
1660	582	
579	1410	
1410	579	
962	2226	
2226	962	
12	2474	
2474	12	
460	992	
992	460	
1585	2020	
2020	1585	
2443	2444	
2444	2443	
1032	3241	
3241	1032	
882	2519	
2519	882	
1000	3120	
3120	1000	
813	2770	
2770	813	
1633	2622	
2622	1633	
1039	2531	
2531	1039	
1625	2680	
2680	1625	
371	2463	
2463	371	
314	1943	
1943	314	
1009	1422	
1422	1009	
166	667	
667	166	
1849	2400	
2400	1849	
224	1622	
1622	224	
907	1706	
1706	907	
899	2123	
2123	899	
400	862	
862	400	
956	1461	
1461	956	
475	3295	
3295	475	
844	1154	
1154	844	
941	2564	
2564	941	
1969	3307	
3307	1969	
1829	2035	
2035	1829	
1461	2215	
2215	1461	
1410	3294	
3294	1410	
458	2233	
2233	458	
48	2185	
2185	48	
764	1424	
1424	764	
1845	2746	
2746	1845	
1183	2643	
2643	1183	
855	983	
983	855	
119	1829	
1829	119	
410	3106	
3106	410	
2248	2285	
2285	2248	
70	2245	
2245	70	
402	2861	
2861	402	
1351	2121	
2121	1351	
2244	2868	
2868	2244	
1349	2528	
2528	1349	
1401	2790	
2790	1401	
1078	2848	
2848	1078	
1102	2602	
2602	1102	
2094	2974	
2974	2094	
5	648	
648	5	
1414	2861	
2861	1414	
2029	3205	
3205	2029	
2095	2335	
2335	2095	
789	3176	
3176	789	
2422	2655	
2655	2422	
890	2454	
2454	890	
39	1412	
1412	39	
1343	1422	
1422	1343	
999	2351	
2351	999	
2481	2597	
2597	2481	
1985	2909	
2909	1985	
2424	2425	
2425	2424	
485	1052	
1052	485	
2228	2363	
2363	2228	
1068	2899	
2899	1068	
239	1321	
1321	239	
409	1341	
1341	409	
2984	2994	
2994	2984	
1654	2312	
2312	1654	
261	288	
288	261	
1733	3305	
3305	1733	
694	2965	
2965	694	
927	1135	
1135	927	
2233	2372	
2372	2233	
772	1546	
1546	772	
69	1178	
1178	69	
1513	2300	
2300	1513	
34	75	
75	34	
822	2498	
2498	822	
2320	2322	
2322	2320	
2517	2751	
2751	2517	
2014	3088	
3088	2014	
234	2391	
2391	234	
117	367	
367	117	
2554	2555	
2555	2554	
1918	2797	
2797	1918	
203	2899	
2899	203	
1725	2404	
2404	1725	
396	2217	
2217	396	
476	1247	
1247	476	
2622	2830	
2830	2622	
573	670	
670	573	
292	2854	
2854	292	
1986	2594	
2594	1986	
975	1295	
1295	975	
1131	2681	
2681	1131	
864	1346	
1346	864	
336	3002	
3002	336	
217	1319	
1319	217	
2660	3255	
3255	2660	
443	857	
857	443	
1170	2819	
2819	1170	
602	1858	
1858	602	
1590	1943	
1943	1590	
542	1020	
1020	542	
812	2963	
2963	812	
1189	2060	
2060	1189	
2772	3272	
3272	2772	
793	916	
916	793	
486	2891	
2891	486	
935	2590	
2590	935	
286	1835	
1835	286	
493	1214	
1214	493	
175	2941	
2941	175	
220	755	
755	220	
1066	3036	
3036	1066	
145	3121	
3121	145	
2681	2886	
2886	2681	
582	2840	
2840	582	
603	3128	
3128	603	
2366	3286	
3286	2366	
2367	2549	
2549	2367	
901	3037	
3037	901	
2339	3071	
3071	2339	
661	2641	
2641	661	
2067	2790	
2790	2067	
2224	2676	
2676	2224	
2416	2490	
2490	2416	
27	2282	
2282	27	
194	397	
397	194	
1214	2860	
2860	1214	
1342	2396	
2396	1342	
1970	2909	
2909	1970	
2089	2217	
2217	2089	
286	1466	
1466	286	
1908	3302	
3302	1908	
396	2887	
2887	396	
1505	3273	
3273	1505	
1428	3037	
3037	1428	
1445	2020	
2020	1445	
934	1616	
1616	934	
601	3192	
3192	601	
1746	2339	
2339	1746	
1524	3032	
3032	1524	
1517	2183	
2183	1517	
100	1026	
1026	100	
78	2366	
2366	78	
390	2105	
2105	390	
1529	1925	
1925	1529	
1643	3325	
3325	1643	
2167	3131	
3131	2167	
1324	2816	
2816	1324	
107	3193	
3193	107	
2764	2765	
2765	2764	
1373	1885	
1885	1373	
639	1893	
1893	639	
526	2163	
2163	526	
56	2609	
2609	56	
1613	2058	
2058	1613	
285	1418	
1418	285	
1611	2071	
2071	1611	
500	3249	
3249	500	
1842	2646	
2646	1842	
66	1062	
1062	66	
1818	2030	
2030	1818	
682	2494	
2494	682	
777	1691	
1691	777	
2097	2774	
2774	2097	
860	2177	
2177	860	
1092	1579	
1579	1092	
792	1671	
1671	792	
1535	1763	
1763	1535	
1740	2638	
2638	1740	
1226	2853	
2853	1226	
3301	3302	
3302	3301	
150	966	
966	150	
2435	2564	
2564	2435	
99	2571	
2571	99	
1006	2762	
2762	1006	
1336	1681	
1681	1336	
2361	2443	
2443	2361	
1855	2343	
2343	1855	
861	2178	
2178	861	
1367	2947	
2947	1367	
802	1854	
1854	802	
1251	2483	
2483	1251	
677	2199	
2199	677	
1831	2377	
2377	1831	
1757	3030	
3030	1757	
533	2691	
2691	533	
875	2797	
2797	875	
2193	2742	
2742	2193	
229	1230	
1230	229	
591	1145	
1145	591	
1673	3112	
3112	1673	
1813	2184	
2184	1813	
1788	2251	
2251	1788	
103	2130	
2130	103	
227	2619	
2619	227	
859	1795	
1795	859	
923	3099	
3099	923	
1618	1864	
1864	1618	
661	2639	
2639	661	
896	1081	
1081	896	
655	3201	
3201	655	
1377	1438	
1438	1377	
161	3070	
3070	161	
2989	2990	
2990	2989	
167	1904	
1904	167	
1591	2622	
2622	1591	
2306	3156	
3156	2306	
887	2859	
2859	887	
1943	2396	
2396	1943	
134	874	
874	134	
1231	1390	
1390	1231	
1249	2280	
2280	1249	
1103	1116	
1116	1103	
1554	3044	
3044	1554	
566	2212	
2212	566	
695	2791	
2791	695	
863	1780	
1780	863	
773	1725	
1725	773	
2208	3128	
3128	2208	
577	1971	
1971	577	
1390	2173	
2173	1390	
627	2564	
2564	627	
1429	2421	
2421	1429	
2480	2481	
2481	2480	
1551	2269	
2269	1551	
1711	1774	
1774	1711	
808	2562	
2562	808	
1655	2506	
2506	1655	
1022	1302	
1302	1022	
630	1757	
1757	630	
75	1879	
1879	75	
116	3310	
3310	116	
529	1724	
1724	529	
582	1516	
1516	582	
1339	2758	
2758	1339	
525	648	
648	525	
2690	2691	
2691	2690	
997	1035	
1035	997	
2162	2622	
2622	2162	
1494	2239	
2239	1494	
2379	2380	
2380	2379	
8	1033	
1033	8	
1007	1208	
1208	1007	
1143	3053	
3053	1143	
803	3019	
3019	803	
584	1039	
1039	584	
172	1557	
1557	172	
1365	1504	
1504	1365	
1222	2434	
2434	1222	
463	2539	
2539	463	
2599	3300	
3300	2599	
1422	2821	
2821	1422	
1865	2283	
2283	1865	
378	3272	
3272	378	
1852	2018	
2018	1852	
2174	2413	
2413	2174	
679	1979	
1979	679	
182	2262	
2262	182	
1724	2253	
2253	1724	
1571	3119	
3119	1571	
843	2551	
2551	843	
999	1754	
1754	999	
1052	3215	
3215	1052	
565	904	
904	565	
717	3311	
3311	717	
2507	2520	
2520	2507	
1027	2608	
2608	1027	
831	3063	
3063	831	
2141	2854	
2854	2141	
609	684	
684	609	
2585	2828	
2828	2585	
1120	2654	
2654	1120	
743	2140	
2140	743	
77	1222	
1222	77	
2022	3312	
3312	2022	
1064	2527	
2527	1064	
331	1083	
1083	331	
327	1382	
1382	327	
484	1531	
1531	484	
503	1529	
1529	503	
3057	3059	
3059	3057	
2255	3221	
3221	2255	
660	1481	
1481	660	
222	567	
567	222	
823	1909	
1909	823	
2417	2637	
2637	2417	
260	2749	
2749	260	
2284	2297	
2297	2284	
305	2929	
2929	305	
3146	3147	
3147	3146	
339	2789	
2789	339	
1584	2379	
2379	1584	
1392	2634	
2634	1392	
1193	1841	
1841	1193	
718	2241	
2241	718	
507	2834	
2834	507	
746	3028	
3028	746	
2596	2598	
2598	2596	
671	1960	
1960	671	
1447	2811	
2811	1447	
2469	2470	
2470	2469	
1273	1422	
1422	1273	
2044	2518	
2518	2044	
1118	1194	
1194	1118	
1411	2367	
2367	1411	
2239	2632	
2632	2239	
1422	2663	
2663	1422	
207	270	
270	207	
68	2411	
2411	68	
492	1034	
1034	492	
155	2776	
2776	155	
840	2477	
2477	840	
650	1655	
1655	650	
398	1843	
1843	398	
1835	2063	
2063	1835	
547	582	
582	547	
18	812	
812	18	
2032	2299	
2299	2032	
1608	2192	
2192	1608	
1001	1577	
1577	1001	
1540	2363	
2363	1540	
3286	3287	
3287	3286	
92	582	
582	92	
1366	2581	
2581	1366	
3117	3118	
3118	3117	
1137	2544	
2544	1137	
615	2673	
2673	615	
2580	2581	
2581	2580	
1627	1938	
1938	1627	
515	1383	
1383	515	
2896	2897	
2897	2896	
495	1262	
1262	495	
83	3318	
3318	83	
713	2588	
2588	713	
188	2619	
2619	188	
1026	2158	
2158	1026	
1718	2433	
2433	1718	
1175	2958	
2958	1175	
2774	2829	
2829	2774	
2023	2782	
2782	2023	
1058	1366	
1366	1058	
917	1036	
1036	917	
2713	3232	
3232	2713	
1777	2224	
2224	1777	
1385	2452	
2452	1385	
275	1297	
1297	275	
619	2290	
2290	619	
180	2638	
2638	180	
365	1150	
1150	365	
128	1041	
1041	128	
1364	2240	
2240	1364	
1883	2678	
2678	1883	
1953	2848	
2848	1953	
1063	1675	
1675	1063	
409	2584	
2584	409	
1932	2447	
2447	1932	
736	2339	
2339	736	
76	2530	
2530	76	
1085	3244	
3244	1085	
2492	2733	
2733	2492	
144	847	
847	144	
427	1705	
1705	427	
461	1508	
1508	461	
797	2305	
2305	797	
1255	2537	
2537	1255	
1262	2825	
2825	1262	
530	1017	
1017	530	
847	2592	
2592	847	
1757	2319	
2319	1757	
1604	3104	
3104	1604	
308	2930	
2930	308	
1509	3056	
3056	1509	
784	1822	
1822	784	
369	580	
580	369	
943	2010	
2010	943	
1699	2369	
2369	1699	
310	2936	
2936	310	
1891	3046	
3046	1891	
288	1361	
1361	288	
333	777	
777	333	
1721	2672	
2672	1721	
29	1422	
1422	29	
1287	2940	
2940	1287	
105	976	
976	105	
977	2699	
2699	977	
1896	2702	
2702	1896	
1028	2320	
2320	1028	
1937	2069	
2069	1937	
380	2155	
2155	380	
2959	3025	
3025	2959	
226	2713	
2713	226	
2445	2955	
2955	2445	
1072	1309	
1309	1072	
1491	1767	
1767	1491	
2581	2848	
2848	2581	
193	572	
572	193	
191	1927	
1927	191	
2000	2635	
2635	2000	
32	118	
118	32	
2324	2506	
2506	2324	
1663	2396	
2396	1663	
1787	2209	
2209	1787	
281	646	
646	281	
688	1928	
1928	688	
2507	2883	
2883	2507	
383	1033	
1033	383	
1348	1574	
1574	1348	
963	3158	
3158	963	
324	3116	
3116	324	
1877	1973	
1973	1877	
1798	2526	
2526	1798	
887	2247	
2247	887	
1965	2964	
2964	1965	
3072	3080	
3080	3072	
1462	3246	
3246	1462	
559	1097	
1097	559	
1326	2245	
2245	1326	
2146	2500	
2500	2146	
359	3029	
3029	359	
2478	2919	
2919	2478	
2497	3296	
3296	2497	
474	3055	
3055	474	
1524	3064	
3064	1524	
1999	2212	
2212	1999	
483	2624	
2624	483	
541	3047	
3047	541	
1846	3247	
3247	1846	
1275	2506	
2506	1275	
1308	1769	
1769	1308	
648	2575	
2575	648	
1423	2059	
2059	1423	
2388	2389	
2389	2388	
1045	3252	
3252	1045	
2506	2507	
2507	2506	
829	2411	
2411	829	
1345	1892	
1892	1345	
444	2655	
2655	444	
47	1098	
1098	47	
1800	2847	
2847	1800	
752	1204	
1204	752	
2603	2669	
2669	2603	
2558	3193	
3193	2558	
1940	2405	
2405	1940	
835	2021	
2021	835	
394	2711	
2711	394	
437	2922	
2922	437	
1996	2880	
2880	1996	
2731	3232	
3232	2731	
2955	2957	
2957	2955	
17	879	
879	17	
1417	2645	
2645	1417	
1601	2700	
2700	1601	
2899	2902	
2902	2899	
412	3257	
3257	412	
370	2157	
2157	370	
146	1248	
1248	146	
1728	3193	
3193	1728	
159	465	
465	159	
1153	2968	
2968	1153	
1948	2350	
2350	1948	
1613	2727	
2727	1613	
818	1202	
1202	818	
438	2705	
2705	438	
2916	2917	
2917	2916	
1599	2116	
2116	1599	
364	1991	
1991	364	
1634	2208	
2208	1634	
317	411	
411	317	
873	3225	
3225	873	
2980	2981	
2981	2980	
620	709	
709	620	
2212	2578	
2578	2212	
1002	2085	
2085	1002	
1623	1627	
1627	1623	
906	2568	
2568	906	
1259	2510	
2510	1259	
230	1968	
1968	230	
87	1710	
1710	87	
1430	1973	
1973	1430	
416	2645	
2645	416	
1320	2629	
2629	1320	
382	696	
696	382	
1708	2418	
2418	1708	
1439	2638	
2638	1439	
293	1585	
1585	293	
2702	2703	
2703	2702	
1279	2627	
2627	1279	
73	1779	
1779	73	
3322	3323	
3323	3322	
1283	1370	
1370	1283	
141	1036	
1036	141	
1415	1835	
1835	1415	
1896	2707	
2707	1896	
2153	3202	
3202	2153	
58	740	
740	58	
1476	2655	
2655	1476	
508	1822	
1822	508	
1667	3286	
3286	1667	
1120	1659	
1659	1120	
215	582	
582	215	
749	1195	
1195	749	
1052	2752	
2752	1052	
867	1173	
1173	867	
3171	3172	
3172	3171	
1220	1721	
1721	1220	
639	2753	
2753	639	
748	2668	
2668	748	
122	2421	
2421	122	
1254	2722	
2722	1254	
551	749	
749	551	
422	2867	
2867	422	
1499	3135	
3135	1499	
1677	1737	
1737	1677	
2705	2966	
2966	2705	
1035	1206	
1206	1035	
531	2610	
2610	531	
1179	1707	
1707	1179	
113	1533	
1533	113	
1093	2423	
2423	1093	
480	571	
571	480	
1450	1505	
1505	1450	
734	1651	
1651	734	
186	2507	
2507	186	
171	425	
425	171	
1341	3151	
3151	1341	
413	805	
805	413	
1063	2543	
2543	1063	
2227	3080	
3080	2227	
2277	2655	
2655	2277	
1398	2110	
2110	1398	
2673	3284	
3284	2673	
81	1527	
1527	81	
1988	2408	
2408	1988	
699	1347	
1347	699	
362	2339	
2339	362	
745	2921	
2921	745	
2925	2967	
2967	2925	
1473	2964	
2964	1473	
1378	2907	
2907	1378	
1609	1877	
1877	1609	
1316	3015	
3015	1316	
349	2760	
2760	349	
1105	1894	
1894	1105	
1709	2948	
2948	1709	
187	199	
199	187	
1580	2880	
2880	1580	
1690	2221	
2221	1690	
1655	3209	
3209	1655	
293	1874	
1874	293	
3200	3201	
3201	3200	
2487	2489	
2489	2487	
588	2536	
2536	588	
414	1625	
1625	414	
2357	2358	
2358	2357	
1747	2390	
2390	1747	
1141	1241	
1241	1141	
861	1171	
1171	861	
343	1773	
1773	343	
248	297	
297	248	
891	2087	
2087	891	
2219	2339	
2339	2219	
2159	2894	
2894	2159	
2004	3143	
3143	2004	
2365	3163	
3163	2365	
998	1315	
1315	998	
1665	1670	
1670	1665	
462	476	
476	462	
574	1109	
1109	574	
1321	3229	
3229	1321	
921	1280	
1280	921	
1054	1943	
1943	1054	
132	3134	
3134	132	
2262	3295	
3295	2262	
623	1506	
1506	623	
768	2964	
2964	768	
1919	2259	
2259	1919	
268	3242	
3242	268	
561	1180	
1180	561	
1492	1625	
1625	1492	
381	1457	
1457	381	
950	2292	
2292	950	
1730	2795	
2795	1730	
1330	1699	
1699	1330	
624	1318	
1318	624	
1239	1265	
1265	1239	
693	2182	
2182	693	
445	509	
509	445	
417	1335	
1335	417	
1104	2871	
2871	1104	
2104	3276	
3276	2104	
2434	2654	
2654	2434	
1005	1816	
1816	1005	
2782	2785	
2785	2782	
2447	2449	
2449	2447	
2252	3231	
3231	2252	
1976	2827	
2827	1976	
363	800	
800	363	
108	2137	
2137	108	
930	2196	
2196	930	
1285	1523	
1523	1285	
133	1631	
1631	133	
774	2606	
2606	774	
2868	2869	
2869	2868	
1213	2325	
2325	1213	
722	1334	
1334	722	
887	2839	
2839	887	
672	3133	
3133	672	
856	1621	
1621	856	
471	2588	
2588	471	
1350	1399	
1399	1350	
1008	1668	
1668	1008	
1576	2174	
2174	1576	
612	1316	
1316	612	
1023	1493	
1493	1023	
2561	2949	
2949	2561	
2125	2821	
2821	2125	
323	697	
697	323	
1119	1577	
1577	1119	
2638	2640	
2640	2638	
1625	2621	
2621	1625	
158	2919	
2919	158	
91	1992	
1992	91	
2794	2795	
2795	2794	
2278	2646	
2646	2278	
1149	1404	
1404	1149	
690	1613	
1613	690	
1002	2734	
2734	1002	
247	2088	
2088	247	
1115	2891	
2891	1115	
160	2716	
2716	160	
971	2529	
2529	971	
98	1406	
1406	98	
1810	3037	
3037	1810	
3058	3059	
3059	3058	
3172	3173	
3173	3172	
1804	2458	
2458	1804	
790	1545	
1545	790	
1266	3273	
3273	1266	
1785	2346	
2346	1785	
611	2605	
2605	611	
2010	3044	
3044	2010	
968	2882	
2882	968	
319	1536	
1536	319	
1989	2427	
2427	1989	
3169	3172	
3172	3169	
751	1447	
1447	751	
3228	3236	
3236	3228	
2545	2799	
2799	2545	
1779	2974	
2974	1779	
2801	2802	
2802	2801	
1721	1959	
1959	1721	
595	618	
618	595	
715	2264	
2264	715	
1575	1944	
1944	1575	
326	3085	
3085	326	
1799	1811	
1811	1799	
1811	3198	
3198	1811	
1271	1302	
1302	1271	
1355	2984	
2984	1355	
253	2579	
2579	253	
2016	2569	
2569	2016	
2696	2697	
2697	2696	
109	1454	
1454	109	
1683	2449	
2449	1683	
2101	2229	
2229	2101	
2202	2524	
2524	2202	
310	2937	
2937	310	
1210	2612	
2612	1210	
1400	1944	
1944	1400	
1374	2078	
2078	1374	
1806	2804	
2804	1806	
1989	3027	
3027	1989	
1099	1530	
1530	1099	
1324	2817	
2817	1324	
2154	2993	
2993	2154	
796	930	
930	796	
83	3299	
3299	83	
2706	2966	
2966	2706	
1941	2998	
2998	1941	
58	1416	
1416	58	
1992	2347	
2347	1992	
2494	2954	
2954	2494	
587	2840	
2840	587	
598	1887	
1887	598	
29	2838	
2838	29	
242	1736	
1736	242	
268	1942	
1942	268	
2062	3160	
3160	2062	
1719	2589	
2589	1719	
1159	2754	
2754	1159	
1822	3271	
3271	1822	
414	2565	
2565	414	
517	1215	
1215	517	
996	3116	
3116	996	
2615	2812	
2812	2615	
1972	3245	
3245	1972	
1113	3211	
3211	1113	
1011	2330	
2330	1011	
126	204	
204	126	
101	1434	
1434	101	
1021	2589	
2589	1021	
2849	2850	
2850	2849	
86	1857	
1857	86	
1151	1847	
1847	1151	
156	942	
942	156	
1047	3237	
3237	1047	
1286	2790	
2790	1286	
1380	1416	
1416	1380	
24	2027	
2027	24	
1572	3049	
3049	1572	
2549	3152	
3152	2549	
306	1368	
1368	306	
973	2778	
2778	973	
151	2217	
2217	151	
524	2938	
2938	524	
739	2213	
2213	739	
1879	2205	
2205	1879	
442	2911	
2911	442	
152	1666	
1666	152	
527	1422	
1422	527	
643	1741	
1741	643	
129	1240	
1240	129	
2115	2967	
2967	2115	
2072	2943	
2943	2072	
423	1756	
1756	423	
2814	2815	
2815	2814	
277	3238	
3238	277	
1979	2800	
2800	1979	
2329	2682	
2682	2329	
2204	2596	
2596	2204	
373	912	
912	373	
1775	1873	
1873	1775	
769	2081	
2081	769	
2008	2818	
2818	2008	
732	1250	
1250	732	
560	2191	
2191	560	
958	3035	
3035	958	
2360	2362	
2362	2360	
687	3200	
3200	687	
33	824	
824	33	
1457	2955	
2955	1457	
558	591	
591	558	
1844	2460	
2460	1844	
667	1187	
1187	667	
2429	2565	
2565	2429	
2550	2551	
2551	2550	
920	2547	
2547	920	
1125	2884	
2884	1125	
616	2862	
2862	616	
532	1944	
1944	532	
889	1430	
1430	889	
51	2525	
2525	51	
2920	3296	
3296	2920	
940	1155	
1155	940	
125	831	
831	125	
1422	2822	
2822	1422	
2555	2604	
2604	2555	
67	1960	
1960	67	
1806	2865	
2865	1806	
992	2242	
2242	992	
782	2945	
2945	782	
1544	2895	
2895	1544	
664	1026	
1026	664	
1710	2215	
2215	1710	
886	1796	
1796	886	
3193	3196	
3196	3193	
747	1723	
1723	747	
1144	2382	
2382	1144	
178	1033	
1033	178	
1648	2266	
2266	1648	
3135	3136	
3136	3135	
1038	2082	
2082	1038	
788	3262	
3262	788	
1296	1585	
1585	1296	
148	2068	
2068	148	
509	1570	
1570	509	
2021	2651	
2651	2021	
600	1001	
1001	600	
498	2652	
2652	498	
2063	2196	
2196	2063	
1186	2306	
2306	1186	
2020	2510	
2510	2020	
1600	2848	
2848	1600	
115	2122	
2122	115	
3176	3177	
3177	3176	
1962	3031	
3031	1962	
1238	2782	
2782	1238	
255	2277	
2277	255	
213	3073	
3073	213	
434	2362	
2362	434	
988	2458	
2458	988	
509	1362	
1362	509	
2385	2386	
2386	2385	
1856	2979	
2979	1856	
1823	3045	
3045	1823	
316	777	
777	316	
448	1090	
1090	448	
1263	2529	
2529	1263	
1446	1574	
1574	1446	
666	3140	
3140	666	
2189	2776	
2776	2189	
1451	3308	
3308	1451	
109	2658	
2658	109	
825	1080	
1080	825	
278	2469	
2469	278	
2042	2303	
2303	2042	
712	1177	
1177	712	
1502	2201	
2201	1502	
431	869	
869	431	
799	1422	
1422	799	
1522	2335	
2335	1522	
282	1163	
1163	282	
1710	2918	
2918	1710	
26	222	
222	26	
1036	2853	
2853	1036	
1128	1761	
1761	1128	
2829	2967	
2967	2829	
680	2089	
2089	680	
2427	3028	
3028	2427	
241	936	
936	241	
1899	2798	
2798	1899	
2180	3107	
3107	2180	
506	1583	
1583	506	
814	908	
908	814	
1305	3021	
3021	1305	
1359	2174	
2174	1359	
2626	3054	
3054	2626	
2263	2408	
2408	2263	
2047	2991	
2991	2047	
756	2385	
2385	756	
670	2771	
2771	670	
1731	1943	
1943	1731	
1453	1625	
1625	1453	
84	582	
582	84	
1541	3100	
3100	1541	
2739	2740	
2740	2739	
2122	2399	
2399	2122	
992	1421	
1421	992	
2269	2332	
2332	2269	
2904	2905	
2905	2904	
1422	1470	
1470	1422	
1013	1943	
1943	1013	
1888	2093	
2093	1888	
455	1992	
1992	455	
1335	2612	
2612	1335	
1097	1467	
1467	1097	
1543	2067	
2067	1543	
1503	1674	
1674	1503	
94	2793	
2793	94	
620	2321	
2321	620	
614	849	
849	614	
482	830	
830	482	
1126	3033	
3033	1126	
71	660	
660	71	
1487	2138	
2138	1487	
1049	2463	
2463	1049	
575	620	
620	575	
1465	2832	
2832	1465	
11	2034	
2034	11	
2214	3290	
3290	2214	
1971	2373	
2373	1971	
101	2855	
2855	101	
2309	3167	
3167	2309	
886	2769	
2769	886	
387	2808	
2808	387	
704	2722	
2722	704	
869	2352	
2352	869	
1778	3257	
3257	1778	
329	2618	
2618	329	
1583	2387	
2387	1583	
758	2960	
2960	758	
1216	1801	
1801	1216	
2475	2829	
2829	2475	
337	1650	
1650	337	
3193	3210	
3210	3193	
914	1794	
1794	914	
1237	1431	
1431	1237	
2082	2957	
2957	2082	
269	3234	
3234	269	
292	594	
594	292	
1955	3097	
3097	1955	
353	2434	
2434	353	
730	2985	
2985	730	
567	2486	
2486	567	
981	2311	
2311	981	
2668	2846	
2846	2668	
625	2376	
2376	625	
2737	2738	
2738	2737	
3103	3267	
3267	3103	
1468	2350	
2350	1468	
657	658	
658	657	
540	2910	
2910	540	
1107	2496	
2496	1107	
1896	2708	
2708	1896	
2889	2890	
2890	2889	
2135	3113	
3113	2135	
1456	2188	
2188	1456	
668	2536	
2536	668	
1928	2326	
2326	1928	
1310	3125	
3125	1310	
1079	1950	
1950	1079	
501	1575	
1575	501	
1228	1317	
1317	1228	
1589	3272	
3272	1589	
2450	2646	
2646	2450	
30	1422	
1422	30	
1464	1551	
1551	1464	
3193	3197	
3197	3193	
478	3046	
3046	478	
1559	1593	
1593	1559	
385	1700	
1700	385	
1480	2715	
2715	1480	
299	1134	
1134	299	
447	1184	
1184	447	
541	809	
809	541	
548	851	
851	548	
3090	3091	
3091	3090	
1698	2466	
2466	1698	
1651	3304	
3304	1651	
1139	2223	
2223	1139	
2899	2901	
2901	2899	
1202	1570	
1570	1202	
2210	3153	
3153	2210	
2	3285	
3285	2	
816	2426	
2426	816	
1866	2081	
2081	1866	
1089	1400	
1400	1089	
926	934	
934	926	
3132	3193	
3193	3132	
740	742	
742	740	
1010	2925	
2925	1010	
991	2557	
2557	991	
1332	2777	
2777	1332	
267	1259	
1259	267	
564	1477	
1477	564	
697	1783	
1783	697	
168	3193	
3193	168	
1199	1993	
1993	1199	
355	1121	
1121	355	
76	2428	
2428	76	
2368	2943	
2943	2368	
1208	2060	
2060	1208	
2828	3000	
3000	2828	
348	399	
399	348	
2312	2401	
2401	2312	
1695	2037	
2037	1695	
1422	2053	
2053	1422	
1279	2628	
2628	1279	
2495	3046	
3046	2495	
3180	3181	
3181	3180	
295	3061	
3061	295	
82	2271	
2271	82	
757	1420	
1420	757	
1173	1720	
1720	1173	
908	2708	
2708	908	
510	2827	
2827	510	
53	61	
61	53	
621	1790	
1790	621	
2597	2625	
2625	2597	
784	1715	
1715	784	
986	2419	
2419	986	
2017	2174	
2174	2017	
1814	2143	
2143	1814	
539	1783	
1783	539	
1110	1952	
1952	1110	
2485	2767	
2767	2485	
169	929	
929	169	
135	1566	
1566	135	
2064	2396	
2396	2064	
290	2701	
2701	290	
9	1007	
1007	9	
1626	2856	
2856	1626	
641	2595	
2595	641	
1944	2534	
2534	1944	
487	1140	
1140	487	
2679	2750	
2750	2679	
1097	2933	
2933	1097	
246	2782	
2782	246	
2304	2528	
2528	2304	
744	2235	
2235	744	
1880	3150	
3150	1880	
2339	3282	
3282	2339	
2178	3240	
3240	2178	
1349	3129	
3129	1349	
3003	3005	
3005	3003	
1933	3008	
3008	1933	
221	1097	
1097	221	
737	1460	
1460	737	
70	1474	
1474	70	
131	3324	
3324	131	
391	2995	
2995	391	
2120	3009	
3009	2120	
1080	2595	
2595	1080	
201	1701	
1701	201	
2973	3009	
3009	2973	
2570	2831	
2831	2570	
297	1669	
1669	297	
50	2528	
2528	50	
335	723	
723	335	
231	875	
875	231	
1161	2714	
2714	1161	
1759	2622	
2622	1759	
911	3060	
3060	911	
33	3326	
3326	33	
648	651	
651	648	
618	2380	
2380	618	
80	359	
359	80	
1111	1983	
1983	1111	
377	2405	
2405	377	
868	897	
897	868	
738	3241	
3241	738	
181	1262	
1262	181	
1828	2406	
2406	1828	
316	2932	
2932	316	
1607	2475	
2475	1607	
2372	2375	
2375	2372	
689	3221	
3221	689	
2041	3224	
3224	2041	
174	1289	
1289	174	
3193	3194	
3194	3193	
1381	2553	
2553	1381	
1282	2381	
2381	1282	
1115	3042	
3042	1115	
635	2922	
2922	635	
490	2858	
2858	490	
395	2622	
2622	395	
214	2485	
2485	214	
2426	3027	
3027	2426	
14	146	
146	14	
185	3278	
3278	185	
1455	2734	
2734	1455	
3007	3249	
3249	3007	
777	2261	
2261	777	
225	3203	
3203	225	
1428	1884	
1884	1428	
2665	2784	
2784	2665	
2342	3045	
3045	2342	
812	1789	
1789	812	
7	2137	
2137	7	
802	1573	
1573	802	
177	2442	
2442	177	
451	2736	
2736	451	
7	1833	
1833	7	
937	2782	
2782	937	
664	2438	
2438	664	
1194	2246	
2246	1194	
1743	2033	
2033	1743	
2234	2829	
2829	2234	
206	772	
772	206	
1848	2401	
2401	1848	
980	2098	
2098	980	
1547	2432	
2432	1547	
109	1819	
1819	109	
586	2116	
2116	586	
905	1484	
1484	905	
149	364	
364	149	
2348	3041	
3041	2348	
1895	2383	
2383	1895	
2773	2928	
2928	2773	
522	1830	
1830	522	
2033	2474	
2474	2033	
515	1498	
1498	515	
1812	2328	
2328	1812	
791	2309	
2309	791	
1769	2767	
2767	1769	
1850	1933	
1933	1850	
249	906	
906	249	
455	1684	
1684	455	
1346	2861	
2861	1346	
189	1802	
1802	189	
516	2646	
2646	516	
2931	2952	
2952	2931	
530	1641	
1641	530	
624	2845	
2845	624	
1331	2142	
2142	1331	
1784	3205	
3205	1784	
1292	1811	
1811	1292	
2142	2971	
2971	2142	
779	932	
932	779	
2670	2671	
2671	2670	
403	3185	
3185	403	
1237	1553	
1553	1237	
28	2315	
2315	28	
1442	2437	
2437	1442	
674	1865	
1865	674	
1617	2211	
2211	1617	
519	3146	
3146	519	
1059	1337	
1337	1059	
2127	2841	
2841	2127	
636	3258	
3258	636	
1957	2171	
2171	1957	
140	1713	
1713	140	
924	2845	
2845	924	
1299	2406	
2406	1299	
79	298	
298	79	
22	726	
726	22	
2732	2733	
2733	2732	
1515	2050	
2050	1515	
439	2011	
2011	439	
589	3096	
3096	589	
1165	2041	
2041	1165	
1916	2351	
2351	1916	
581	1750	
1750	581	
1644	2782	
2782	1644	
2372	2374	
2374	2372	
47	1388	
1388	47	
2610	2612	
2612	2610	
3080	3081	
3081	3080	
1561	2228	
2228	1561	
2362	2506	
2506	2362	
1934	2265	
2265	1934	
2084	2197	
2197	2084	
469	1478	
1478	469	
264	1267	
1267	264	
1995	2089	
2089	1995	
1196	1791	
1791	1196	
1123	1855	
1855	1123	
1868	3068	
3068	1868	
74	2365	
2365	74	
952	2982	
2982	952	
2271	3268	
3268	2271	
2519	2720	
2720	2519	
2617	2618	
2618	2617	
331	1278	
1278	331	
506	3213	
3213	506	
2147	2421	
2421	2147	
430	2844	
2844	430	
121	1911	
1911	121	
665	2256	
2256	665	
2401	2924	
2924	2401	
1679	3295	
3295	1679	
1333	2594	
2594	1333	
1614	1975	
1975	1614	
1082	3273	
3273	1082	
617	2290	
2290	617	
2762	2999	
2999	2762	
1393	1721	
1721	1393	
1157	2829	
2829	1157	
1356	1762	
1762	1356	
102	1639	
1639	102	
637	2977	
2977	637	
405	3274	
3274	405	
40	2625	
2625	40	
707	2028	
2028	707	
1533	2927	
2927	1533	
582	2179	
2179	582	
760	1707	
1707	760	
970	1949	
1949	970	
160	2133	
2133	160	
1858	2543	
2543	1858	
3051	3207	
3207	3051	
2722	2723	
2723	2722	
334	1692	
1692	334	
2136	2505	
2505	2136	
1244	3193	
3193	1244	
3036	3203	
3203	3036	
419	1004	
1004	419	
1560	1705	
1705	1560	
567	2898	
2898	567	
2730	2898	
2898	2730	
1031	1125	
1125	1031	
132	1329	
1329	132	
714	1083	
1083	714	
2289	2907	
2907	2289	
2694	2695	
2695	2694	
2183	2361	
2361	2183	
2551	2579	
2579	2551	
1472	3046	
3046	1472	
1906	3155	
3155	1906	
433	2829	
2829	433	
1847	2731	
2731	1847	
1771	1778	
1778	1771	
842	1963	
1963	842	
1493	1894	
1894	1493	
313	2984	
2984	313	
2130	2478	
2478	2130	
945	3016	
3016	945	
2625	2650	
2650	2625	
2456	2457	
2457	2456	
1048	1143	
1143	1048	
390	2103	
2103	390	
1620	2636	
2636	1620	
2140	2548	
2548	2140	
549	2585	
2585	549	
1086	1807	
1807	1086	
1642	2474	
2474	1642	
1629	2473	
2473	1629	
190	325	
325	190	
448	888	
888	448	
1469	2163	
2163	1469	
1568	2680	
2680	1568	
25	2331	
2331	25	
2538	2642	
2642	2538	
1770	2867	
2867	1770	
2442	2687	
2687	2442	
65	1944	
1944	65	
870	2019	
2019	870	
297	513	
513	297	
852	1304	
1304	852	
2688	2689	
2689	2688	
44	1227	
1227	44	
1475	3264	
3264	1475	
837	3283	
3283	837	
967	2701	
2701	967	
2425	3011	
3011	2425	
3102	3267	
3267	3102	
1733	3306	
3306	1733	
2134	2911	
2911	2134	
3045	3187	
3187	3045	
1076	1589	
1589	1076	
2151	2717	
2717	2151	
753	1947	
1947	753	
2635	3024	
3024	2635	
2868	2870	
2870	2868	
479	3105	
3105	479	
237	1731	
1731	237	
725	966	
966	725	
1232	2926	
2926	1232	
212	3265	
3265	212	
1155	1672	
1672	1155	
2155	3188	
3188	2155	
1244	2944	
2944	1244	
315	1124	
1124	315	
1419	1698	
1698	1419	
2195	2566	
2566	2195	
2207	2532	
2532	2207	
2491	2492	
2492	2491	
1396	2381	
2381	1396	
4	467	
467	4	
1828	2077	
2077	1828	
2065	3206	
3206	2065	
1091	1471	
1471	1091	
283	3252	
3252	283	
1717	2630	
2630	1717	
2254	3093	
3093	2254	
2985	2986	
2986	2985	
959	1949	
1949	959	
624	1272	
1272	624	
40	631	
631	40	
3178	3179	
3179	3178	
341	1869	
1869	341	
1302	2601	
2601	1302	
257	720	
720	257	
240	2942	
2942	240	
1603	2867	
2867	1603	
1761	2565	
2565	1761	
1358	2919	
2919	1358	
1917	3282	
3282	1917	
1153	3078	
3078	1153	
2863	2864	
2864	2863	
2447	2451	
2451	2447	
2649	2650	
2650	2649	
683	2558	
2558	683	
1860	2092	
2092	1860	
798	1992	
1992	798	
2477	2559	
2559	2477	
360	477	
477	360	
582	1753	
1753	582	
1838	2187	
2187	1838	
2613	2614	
2614	2613	
511	625	
625	511	
2381	2382	
2382	2381	
63	1053	
1053	63	
775	1376	
1376	775	
60	2992	
2992	60	
582	3217	
3217	582	
3108	3110	
3110	3108	
473	843	
843	473	
1591	2293	
2293	1591	
198	2327	
2327	198	
759	1512	
1512	759	
47	3130	
3130	47	
900	1072	
1072	900	
1340	2855	
2855	1340	
1824	1883	
1883	1824	
1558	2331	
2331	1558	
1060	1979	
1979	1060	
10	1670	
1670	10	
721	1485	
1485	721	
397	1522	
1522	397	
1822	3006	
3006	1822	
1130	2057	
2057	1130	
2640	2641	
2641	2640	
744	3275	
3275	744	
1581	3242	
3242	1581	
1100	1526	
1526	1100	
1222	2684	
2684	1222	
1598	2285	
2285	1598	
1862	2582	
2582	1862	
258	962	
962	258	
1015	1422	
1422	1015	
2541	3152	
3152	2541	
935	3233	
3233	935	
279	688	
688	279	
1675	2543	
2543	1675	
2031	3035	
3035	2031	
894	1668	
1668	894	
294	540	
540	294	
1791	2819	
2819	1791	
1878	2446	
2446	1878	
211	1444	
1444	211	
286	2674	
2674	286	
572	1024	
1024	572	
1070	2399	
2399	1070	
472	780	
780	472	
667	3101	
3101	667	
854	2620	
2620	854	
1242	2311	
2311	1242	
520	2402	
2402	520	
1727	1865	
1865	1727	
2857	3212	
3212	2857	
1173	2796	
2796	1173	
142	1200	
1200	142	
19	1338	
1338	19	
2515	2911	
2911	2515	
2002	2398	
2398	2002	
1923	2183	
2183	1923	
954	2366	
2366	954	
37	1745	
1745	37	
2228	2364	
2364	2228	
2005	2731	
2731	2005	
1927	2550	
2550	1927	
1990	2161	
2161	1990	
1363	1822	
1822	1363	
1225	1932	
1932	1225	
1973	2799	
2799	1973	
3108	3109	
3109	3108	
202	1594	
1594	202	
2453	3156	
3156	2453	
399	957	
957	399	
2385	2893	
2893	2385	
1147	1449	
1449	1147	
284	2009	
2009	284	
2058	2727	
2727	2058	
407	1364	
1364	407	
120	337	
337	120	
3165	3166	
3166	3165	
1946	2899	
2899	1946	
696	869	
869	696	
1306	3181	
3181	1306	
1127	3141	
3141	1127	
705	2577	
2577	705	
2073	2592	
2592	2073	
228	1233	
1233	228	
1671	2400	
2400	1671	
1218	1868	
1868	1218	
623	632	
632	623	
435	1019	
1019	435	
648	2647	
2647	648	
1606	2691	
2691	1606	
2664	2991	
2991	2664	
629	1717	
1717	629	
1029	1564	
1564	1029	
578	2225	
2225	578	
1729	2345	
2345	1729	
521	964	
964	521	
299	1057	
1057	299	
354	3006	
3006	354	
1035	1051	
1051	1035	
75	1300	
1300	75	
198	2001	
2001	198	
1650	2888	
2888	1650	
711	3102	
3102	711	
1155	2467	
2467	1155	
762	2337	
2337	762	
2096	2958	
2958	2096	
570	1786	
1786	570	
210	3183	
3183	210	
1588	2468	
2468	1588	
1353	2900	
2900	1353	
565	2484	
2484	565	
866	3239	
3239	866	
259	2978	
2978	259	
2092	2436	
2436	2092	
1646	1898	
1898	1646	
2996	2997	
2997	2996	
301	1204	
1204	301	
1750	3321	
3321	1750	
1568	2766	
2766	1568	
1984	2989	
2989	1984	
352	3293	
3293	352	
2395	2460	
2460	2395	
2026	3279	
3279	2026	
1433	3064	
3064	1433	
1726	2368	
2368	1726	
2052	2900	
2900	2052	
219	3093	
3093	219	
827	2421	
2421	827	
1571	2055	
2055	1571	
2779	2780	
2780	2779	
1354	2812	
2812	1354	
811	1970	
1970	811	
608	2889	
2889	608	
1088	2953	
2953	1088	
765	2124	
2124	765	
1511	2502	
2502	1511	
854	1521	
1521	854	
421	2275	
2275	421	
893	2318	
2318	893	
1827	3204	
3204	1827	
1939	2447	
2447	1939	
1277	2725	
2725	1277	
1433	3065	
3065	1433	
2866	2984	
2984	2866	
121	3137	
3137	121	
455	1656	
1656	455	
2226	2361	
2361	2226	
2806	2807	
2807	2806	
1751	2319	
2319	1751	
2842	2843	
2843	2842	
839	2487	
2487	839	
2352	2407	
2407	2352	
1781	2659	
2659	1781	
645	3315	
3315	645	
426	2129	
2129	426	
949	2579	
2579	949	
35	89	
89	35	
376	2300	
2300	376	
2275	2899	
2899	2275	
1484	2063	
2063	1484	
1371	1962	
1962	1371	
540	555	
555	540	
2128	2822	
2822	2128	
1664	3092	
3092	1664	
1163	2348	
2348	1163	
345	1452	
1452	345	
1615	2646	
2646	1615	
489	582	
582	489	
828	1255	
1255	828	
1809	3249	
3249	1809	
1983	3152	
3152	1983	
1974	3313	
3313	1974	
841	1459	
1459	841	
987	2006	
2006	987	
770	1202	
1202	770	
1630	2621	
2621	1630	
454	2828	
2828	454	
104	1964	
1964	104	
1997	2107	
2107	1997	
1422	1658	
1658	1422	
2714	2715	
2715	2714	
563	582	
582	563	
1457	2156	
2156	1457	
2288	2541	
2541	2288	
2415	2597	
2597	2415	
488	667	
667	488	
298	468	
468	298	
2257	2829	
2829	2257	
3146	3148	
3148	3146	
2337	2430	
2430	2337	
2627	2628	
2628	2627	
1792	3265	
3265	1792	
90	3277	
3277	90	
440	3047	
3047	440	
2392	2393	
2393	2392	
2651	2828	
2828	2651	
880	1877	
1877	880	
951	3154	
3154	951	
346	1663	
1663	346	
482	833	
833	482	
979	2458	
2458	979	
593	2325	
2325	593	
194	3052	
3052	194	
1704	2269	
2269	1704	
2398	2829	
2829	2398	
810	1913	
1913	810	
2050	2587	
2587	2050	
2447	2448	
2448	2447	
2170	2703	
2703	2170	
2788	2938	
2938	2788	
244	906	
906	244	
1129	2513	
2513	1129	
994	2675	
2675	994	
459	2099	
2099	459	
2161	2424	
2424	2161	
1458	2972	
2972	1458	
1003	1801	
1801	1003	
1504	1933	
1933	1504	
978	1422	
1422	978	
669	2492	
2492	669	
325	3184	
3184	325	
969	1687	
1687	969	
633	1422	
1422	633	
2657	2863	
2863	2657	
1158	2813	
2813	1158	
481	2236	
2236	481	
1427	2925	
2925	1427	
309	1680	
1680	309	
389	2989	
2989	389	
1949	3208	
3208	1949	
3066	3067	
3067	3066	
2282	2829	
2829	2282	
659	1720	
1720	659	
357	2350	
2350	357	
499	886	
886	499	
2350	2351	
2351	2350	
401	2739	
2739	401	
2411	3273	
3273	2411	
2220	2447	
2447	2220	
1055	2879	
2879	1055	
2217	2645	
2645	2217	
690	2939	
2939	690	
761	2375	
2375	761	
2017	2410	
2410	2017	
1168	1814	
1814	1168	
1257	2797	
2797	1257	
2460	3142	
3142	2460	
2914	2915	
2915	2914	
390	871	
871	390	
2176	2853	
2853	2176	
1449	2606	
2606	1449	
1203	2438	
2438	1203	
2394	2395	
2395	2394	
727	1682	
1682	727	
766	1037	
1037	766	
953	2298	
2298	953	
2851	2852	
2852	2851	
695	2792	
2792	695	
948	1114	
1114	948	
1706	2270	
2270	1706	
57	487	
487	57	
2993	3215	
3215	2993	
1951	2988	
2988	1951	
1821	2200	
2200	1821	
1820	1954	
1954	1820	
1010	1703	
1703	1010	
582	2100	
2100	582	
984	2046	
2046	984	
2899	2903	
2903	2899	
2163	2547	
2547	2163	
1859	2221	
2221	1859	
903	2969	
2969	903	
262	1597	
1597	262	
0	628	
628	0	
1303	3047	
3047	1303	
6	1501	
1501	6	
2200	2435	
2435	2200	
2586	3138	
3138	2586	
538	1506	
1506	538	
582	647	
647	582	
228	3012	
3012	228	
1181	3316	
3316	1181	
1142	1217	
1217	1142	
2296	2646	
2646	2296	
236	1582	
1582	236	
209	1991	
1991	209	
2027	2781	
2781	2027	
111	251	
251	111	
496	861	
861	496	
1529	3199	
3199	1529	
518	1896	
1896	518	
47	820	
820	47	
1714	1869	
1869	1714	
1536	2452	
2452	1536	
1194	3280	
3280	1194	
1384	3052	
3052	1384	
785	1397	
1397	785	
2355	2356	
2356	2355	
1046	2259	
2259	1046	
384	1930	
1930	384	
1532	1915	
1915	1532	
637	1797	
1797	637	
1784	2231	
2231	1784	
1463	2704	
2704	1463	
1694	2486	
2486	1694	
726	2747	
2747	726	
2160	2476	
2476	2160	
1534	1896	
1896	1534	
2063	2912	
2912	2063	
72	1896	
1896	72	
28	1578	
1578	28	
1610	1744	
1744	1610	
1586	3241	
3241	1586	
1119	2552	
2552	1119	
586	2556	
2556	586	
1636	1876	
1876	1636	
238	735	
735	238	
114	1538	
1538	114	
1327	2164	
2164	1327	
754	2923	
2923	754	
2718	2720	
2720	2718	
543	2561	
2561	543	
537	650	
650	537	
541	3050	
3050	541	
640	3214	
3214	640	
1075	2780	
2780	1075	
432	2983	
2983	432	
1144	1556	
1556	1144	
582	653	
653	582	
2169	3276	
3276	2169	
1290	2782	
2782	1290	
1025	2490	
2490	1025	
2022	2273	
2273	2022	
2119	2196	
2196	2119	
321	2227	
2227	321	
17	2150	
2150	17	
2121	2390	
2390	2121	
2830	2859	
2859	2830	
1981	3020	
3020	1981	
76	1132	
1132	76	
2144	2250	
2250	2144	
1782	2458	
2458	1782	
271	1266	
1266	271	
2175	2307	
2307	2175	
1462	2039	
2039	1462	
225	1528	
1528	225	
2423	2424	
2424	2423	
1145	2152	
2152	1145	
2037	3090	
3090	2037	
2185	3149	
3149	2185	
544	2302	
2302	544	
469	1101	
1101	469	
2117	2892	
2892	2117	
1422	1834	
1834	1422	
1563	3062	
3062	1563	
731	2310	
2310	731	
881	2363	
2363	881	
280	1296	
1296	280	
574	2267	
2267	574	
663	2385	
2385	663	
582	1693	
1693	582	
1344	2118	
2118	1344	
2420	2558	
2558	2420	
1276	1291	
1291	1276	
857	2406	
2406	857	
652	2214	
2214	652	
1106	2757	
2757	1106	
2056	3243	
3243	2056	
165	1994	
1994	165	
2309	3168	
3168	2309	
1056	2593	
2593	1056	
1987	2174	
2174	1987	
124	1811	
1811	124	
599	1259	
1259	599	
898	1931	
1931	898	
2435	3074	
3074	2435	
2872	2873	
2873	2872	
379	582	
582	379	
1389	3043	
3043	1389	
184	1825	
1825	184	
1067	3021	
3021	1067	
878	2313	
2313	878	
350	2399	
2399	350	
1662	3185	
3185	1662	
183	2946	
2946	183	
3144	3145	
3145	3144	
2351	2372	
2372	2351	
2331	2427	
2427	2331	
1164	2344	
2344	1164	
75	1697	
1697	75	
1734	2013	
2013	1734	
1016	1866	
1866	1016	
344	3289	
3289	344	
3126	3127	
3127	3126	
1268	2352	
2352	1268	
681	2980	
2980	681	
15	2521	
2521	15	
235	256	
256	235	
1863	2368	
2368	1863	
321	3083	
3083	321	
1436	1810	
1810	1436	
976	2434	
2434	976	
951	2656	
2656	951	
1412	3138	
3138	1412	
2345	2347	
2347	2345	
101	1325	
1325	101	
514	2810	
2810	514	
1229	3098	
3098	1229	
1324	1562	
1562	1324	
2075	3077	
3077	2075	
2632	2649	
2649	2632	
392	2316	
2316	392	
1457	2956	
2956	1457	
2820	2925	
2925	2820	
2400	3089	
3089	2400	
197	755	
755	197	
245	3189	
3189	245	
1074	1095	
1095	1074	
1484	1920	
1920	1484	
2341	2342	
2342	2341	
1582	2032	
2032	1582	
1811	2102	
2102	1811	
2040	2957	
2957	2040	
322	1879	
1879	322	
1288	1648	
1648	1288	
929	2863	
2863	929	
2444	2649	
2649	2444	
1742	2458	
2458	1742	
700	2035	
2035	700	
1685	3133	
3133	1685	
505	1729	
1729	505	
2314	2339	
2339	2314	
163	3182	
3182	163	
1851	3125	
3125	1851	
1483	1795	
1795	1483	
2934	2935	
2935	2934	
1577	1882	
1882	1577	
1616	1752	
1752	1616	
582	3216	
3216	582	
372	3193	
3193	372	
710	1159	
1159	710	
947	1716	
1716	947	
2113	2912	
2912	2113	
2396	2397	
2397	2396	
1133	3259	
3259	1133	
2685	2686	
2686	2685	
990	1223	
1223	990	
776	781	
781	776	
2286	2965	
2965	2286	
605	859	
859	605	
375	1793	
1793	375	
1096	2638	
2638	1096	
915	2301	
2301	915	
1314	3094	
3094	1314	
853	2252	
2252	853	
289	1422	
1422	289	
1069	2503	
2503	1069	
393	566	
566	393	
272	2765	
2765	272	
891	2471	
2471	891	
1172	1363	
1363	1172	
2729	2730	
2730	2729	
1298	2092	
2092	1298	
832	1779	
1779	832	
102	2198	
2198	102	
640	1935	
1935	640	
1256	2259	
2259	1256	
156	3084	
3084	156	
2610	2611	
2611	2610	
456	1592	
1592	456	
1297	2393	
2393	1297	
418	1207	
1207	418	
3049	3050	
3050	3049	
960	2501	
2501	960	
88	3156	
3156	88	
502	517	
517	502	
2025	2977	
2977	2025	
1647	2626	
2626	1647	
2308	2698	
2698	2308	
3319	3320	
3320	3319	
476	2203	
2203	476	
1661	2272	
2272	1661	
259	1637	
1637	259	
245	3124	
3124	245	
696	1236	
1236	696	
2291	2828	
2828	2291	
3094	3095	
3095	3094	
2472	2473	
2473	2472	
54	728	
728	54	
514	2809	
2809	514	
1403	1978	
1978	1403	
541	2745	
2745	541	
698	1004	
1004	698	
114	1686	
1686	114	
685	2961	
2961	685	
1215	2923	
2923	1215	
730	2987	
2987	730	
62	1620	
1620	62	
885	2434	
2434	885	
2399	2861	
2861	2399	
906	2567	
2567	906	
1912	2080	
2080	1912	
2404	2919	
2919	2404	
196	2508	
2508	196	
1518	2267	
2267	1518	
1182	2960	
2960	1182	
499	2274	
2274	499	
93	2939	
2939	93	
1198	1724	
1724	1198	
883	1496	
1496	883	
2348	3040	
3040	2348	
529	1958	
1958	529	
662	2260	
2260	662	
161	2003	
2003	161	
114	2677	
2677	114	
431	1174	
1174	431	
1130	2728	
2728	1130	
2007	3269	
3269	2007	
846	3193	
3193	846	
702	2928	
2928	702	
1569	2708	
2708	1569	
1197	1896	
1896	1197	
574	2049	
2049	574	
1313	2709	
2709	1313	
1570	2356	
2356	1570	
817	2616	
2616	817	
328	660	
660	328	
1936	2974	
2974	1936	
557	1883	
1883	557	
1426	3153	
3153	1426	
933	1977	
1977	933	
795	2679	
2679	795	
490	1394	
1394	490	
1944	2535	
2535	1944	
873	2693	
2693	873	
668	1294	
1294	668	
83	1077	
1077	83	
2564	2665	
2665	2564	
891	1108	
1108	891	
2534	2837	
2837	2534	
1042	3045	
3045	1042	
1284	1312	
1312	1284	
1191	3108	
3108	1191	
1755	2363	
2363	1755	
1349	1749	
1749	1349	
1864	2509	
2509	1864	
1915	2302	
2302	1915	
2637	3164	
3164	2637	
2513	2514	
2514	2513	
1040	2877	
2877	1040	
2165	2561	
2561	2165	
3115	3116	
3116	3115	
164	2409	
2409	164	
2007	3270	
3270	2007	
366	2061	
2061	366	
706	800	
800	706	
408	637	
637	408	
452	2214	
2214	452	
2028	2721	
2721	2028	
1722	2970	
2970	1722	
1523	3170	
3170	1523	
701	1712	
1712	701	
118	3133	
3133	118	
2514	3241	
3241	2514	
132	1322	
1322	132	
778	3223	
3223	778	
1732	2033	
2033	1732	
804	1776	
1776	804	
656	2940	
2940	656	
826	2712	
2712	826	
562	1586	
1586	562	
1619	2323	
2323	1619	
233	2079	
2079	233	
1825	2443	
2443	1825	
998	3314	
3314	998	
98	386	
386	98	
424	3163	
3163	424	
389	2111	
2111	389	
2824	3308	
3308	2824	
2067	2499	
2499	2067	
446	2388	
2388	446	
556	969	
969	556	
1837	2811	
2811	1837	
296	2853	
2853	296	
805	986	
986	805	
64	1431	
1431	64	
1326	1408	
1408	1326	
1109	1518	
1518	1109	
568	3023	
3023	568	
2353	2354	
2354	2353	
112	1249	
1249	112	
2527	2633	
2633	2527	
537	836	
836	537	
1507	3001	
3001	1507	
1041	1357	
1357	1041	
1872	2655	
2655	1872	
1668	2399	
2399	1668	
2342	2878	
2878	2342	
1921	2316	
2316	1921	
1795	1821	
1821	1795	
1550	2036	
2036	1550	
742	1380	
1380	742	
36	763	
763	36	
2936	2937	
2937	2936	
670	1565	
1565	670	
582	2249	
2249	582	
1653	1714	
1714	1653	
2080	2661	
2661	2080	
1011	2148	
2148	1011	
1083	3069	
3069	1083	
1628	2155	
2155	1628	
1490	2033	
2033	1490	
1258	1689	
1689	1258	
582	1387	
1387	582	
2894	3144	
3144	2894	
729	2977	
2977	729	
1724	2542	
2542	1724	
1021	1188	
1188	1021	
1112	1635	
1635	1112	
78	2043	
2043	78	
572	1998	
1998	572	
20	3080	
3080	20	
2251	3295	
3295	2251	
42	2655	
2655	42	
21	1073	
1073	21	
933	1905	
1905	933	
2498	3274	
3274	2498	
2947	2960	
2960	2947	
2083	2106	
2106	2083	
557	1922	
1922	557	
287	1011	
1011	287	
1422	2139	
2139	1422	
2516	2517	
2517	2516	
2623	2624	
2624	2623	
2045	2783	
2783	2045	
1595	2945	
2945	1595	
152	2546	
2546	152	
2038	2907	
2907	2038	
1924	3147	
3147	1924	
2726	2727	
2727	2726	
1688	1914	
1914	1688	
1901	2648	
2648	1901	
463	2540	
2540	463	
604	692	
692	604	
1221	2054	
2054	1221	
45	939	
939	45	
965	3013	
3013	965	
1437	2259	
2259	1437	
562	1735	
1735	562	
2522	2523	
2523	2522	
85	2893	
2893	85	
582	2258	
2258	582	
1612	2307	
2307	1612	
2405	2638	
2638	2405	
1153	3079	
3079	1153	
86	1488	
1488	86	
2338	2340	
2340	2338	
2414	2704	
2704	2414	
1386	1635	
1635	1386	
508	3248	
3248	508	
724	2293	
2293	724	
703	2745	
2745	703	
2090	2949	
2949	2090	
1026	3157	
3157	1026	
320	2962	
2962	320	
2583	2866	
2866	2583	
415	2533	
2533	415	
2250	2399	
2399	2250	
61	1514	
1514	61	
41	3309	
3309	41	
23	1942	
1942	23	
2974	2975	
2975	2974	
741	3036	
3036	741	
1013	1422	
1422	1013	
1896	2704	
2704	1896	
1640	2183	
2183	1640	
94	1192	
1192	94	
1275	2361	
2361	1275	
1429	2331	
2331	1429	
51	453	
453	51	
1066	3203	
3203	1066	
1471	3128	
3128	1471	
2358	2652	
2652	2358	
51	493	
493	51	
98	2174	
2174	98	
535	2584	
2584	535	
2367	3152	
3152	2367	
2435	2488	
2488	2435	
525	705	
705	525	
486	2356	
2356	486	
361	2649	
2649	361	
1472	2646	
2646	1472	
525	2577	
2577	525	
1580	2362	
2362	1580	
438	1896	
1896	438	
1035	1534	
1534	1035	
1560	2559	
2559	1560	
1097	1625	
1625	1097	
422	2237	
2237	422	
549	2782	
2782	549	
413	2719	
2719	413	
314	2597	
2597	314	
1617	2927	
2927	1617	
1384	2779	
2779	1384	
887	1351	
1351	887	
2226	2435	
2435	2226	
965	1301	
1301	965	
2404	2638	
2638	2404	
1441	2603	
2603	1441	
1580	2506	
2506	1580	
2447	2452	
2452	2447	
829	1505	
1505	829	
27	1290	
1290	27	
254	2732	
2732	254	
76	2955	
2955	76	
517	1583	
1583	517	
1910	3129	
3129	1910	
2380	2534	
2534	2380	
783	2835	
2835	783	
561	3025	
3025	561	
453	1219	
1219	453	
303	1422	
1422	303	
582	2921	
2921	582	
1097	2919	
2919	1097	
767	3254	
3254	767	
937	2377	
2377	937	
595	1961	
1961	595	
1943	2234	
2234	1943	
857	1828	
1828	857	
136	1759	
1759	136	
485	2752	
2752	485	
1214	2053	
2053	1214	
492	1644	
1644	492	
2444	2650	
2650	2444	
263	2422	
2422	263	
1534	2703	
2703	1534	
582	2950	
2950	582	
160	934	
934	160	
362	2340	
2340	362	
808	2066	
2066	808	
778	2252	
2252	778	
886	2655	
2655	886	
616	1708	
1708	616	
1997	2264	
2264	1997	
1422	2181	
2181	1422	
2183	2311	
2311	2183	
860	2497	
2497	860	
541	1704	
1704	541	
1046	2054	
2054	1046	
352	1728	
1728	352	
83	1225	
1225	83	
1214	1230	
1230	1214	
282	2348	
2348	282	
691	2166	
2166	691	
2596	2599	
2599	2596	
1853	2527	
2527	1853	
847	2633	
2633	847	
2519	2718	
2718	2519	
1567	2655	
2655	1567	
670	865	
865	670	
66	3144	
3144	66	
994	2224	
2224	994	
2217	2519	
2519	2217	
379	2189	
2189	379	
877	2467	
2467	877	
1634	2861	
2861	1634	
58	742	
742	58	
2345	2346	
2346	2345	
153	744	
744	153	
1157	1943	
1943	1157	
404	2705	
2705	404	
1493	2712	
2712	1493	
1943	2398	
2398	1943	
33	1822	
1822	33	
968	1214	
1214	968	
96	1322	
1322	96	
914	2136	
2136	914	
492	2181	
2181	492	
1634	2866	
2866	1634	
755	2663	
2663	755	
1333	2711	
2711	1333	
1028	1557	
1557	1028	
1918	2444	
2444	1918	
10	2622	
2622	10	
1422	2254	
2254	1422	
303	3093	
3093	303	
26	2729	
2729	26	
777	2560	
2560	777	
2955	2956	
2956	2955	
338	2642	
2642	338	
561	1366	
1366	561	
582	1004	
1004	582	
142	2734	
2734	142	
595	878	
878	595	
1617	2475	
2475	1617	
218	1718	
1718	218	
661	1096	
1096	661	
558	2414	
2414	558	
648	1143	
1143	648	
1135	1485	
1485	1135	
968	2782	
2782	968	
303	719	
719	303	
1567	2416	
2416	1567	
16	314	
314	16	
847	1398	
1398	847	
314	1605	
1605	314	
1326	2335	
2335	1326	
711	3103	
3103	711	
435	1875	
1875	435	
755	2667	
2667	755	
541	1464	
1464	541	
54	1903	
1903	54	
1943	2775	
2775	1943	
582	790	
790	582	
13	1871	
1871	13	
835	3030	
3030	835	
747	2501	
2501	747	
54	2378	
2378	54	
1878	2936	
2936	1878	
740	1416	
1416	740	
1585	1874	
1874	1585	
413	2718	
2718	413	
78	2492	
2492	78	
2292	2950	
2950	2292	
357	1948	
1948	357	
275	710	
710	275	
2638	2639	
2639	2638	
1698	2586	
2586	1698	
1251	1422	
1422	1251	
1422	1607	
1607	1422	
1896	2706	
2706	1896	
1011	1583	
1583	1011	
2065	2686	
2686	2065	
219	2254	
2254	219	
616	2597	
2597	616	
755	1647	
1647	755	
1097	1894	
1894	1097	
1186	3193	
3193	1186	
22	3251	
3251	22	
2196	2507	
2507	2196	
895	1012	
1012	895	
1953	2041	
2041	1953	
254	1687	
1687	254	
1822	2180	
2180	1822	
208	997	
997	208	
993	2829	
2829	993	
1620	2631	
2631	1620	
1082	2532	
2532	1082	
410	1808	
1808	410	
624	1836	
1836	624	
557	725	
725	557	
1419	2389	
2389	1419	
1422	2664	
2664	1422	
655	3200	
3200	655	
1731	2443	
2443	1731	
27	1012	
1012	27	
307	1230	
1230	307	
98	2284	
2284	98	
1887	2358	
2358	1887	
404	2966	
2966	404	
136	2519	
2519	136	
428	2625	
2625	428	
1023	2709	
2709	1023	
1858	2031	
2031	1858	
2023	2282	
2282	2023	
2196	2519	
2519	2196	
1130	1591	
1591	1130	
1484	2912	
2912	1484	
1208	2877	
2877	1208	
1567	2925	
2925	1567	
194	3051	
3051	194	
1346	2874	
2874	1346	
257	2970	
2970	257	
2217	2633	
2633	2217	
314	1567	
1567	314	
460	3030	
3030	460	
1034	1607	
1607	1034	
565	1330	
1330	565	
254	2733	
2733	254	
709	936	
936	709	
1006	2999	
2999	1006	
279	1928	
1928	279	
2230	2622	
2622	2230	
1422	2023	
2023	1422	
1625	2632	
2632	1625	
1683	2448	
2448	1683	
2237	3269	
3269	2237	
792	2476	
2476	792	
1580	2183	
2183	1580	
941	1422	
1422	941	
1620	2335	
2335	1620	
1583	1843	
1843	1583	
1585	2462	
2462	1585	
506	1944	
1944	506	
2067	2222	
2222	2067	
1252	3119	
3119	1252	
1227	1845	
1845	1227	
887	1943	
1943	887	
783	3076	
3076	783	
61	1734	
1734	61	
771	2646	
2646	771	
370	2499	
2499	370	
1791	2055	
2055	1791	
1256	3046	
3046	1256	
774	1562	
1562	774	
1117	2925	
2925	1117	
245	3204	
3204	245	
670	2844	
2844	670	
1943	2823	
2823	1943	
1422	1582	
1582	1422	
51	2828	
2828	51	
413	1812	
1812	413	
254	2619	
2619	254	
2005	2713	
2713	2005	
2772	2773	
2773	2772	
213	2097	
2097	213	
494	2025	
2025	494	
1103	2911	
2911	1103	
1422	2230	
2230	1422	
1879	1986	
1986	1879	
1468	1867	
1867	1468	
550	3010	
3010	550	
541	3048	
3048	541	
51	1034	
1034	51	
661	2640	
2640	661	
229	2282	
2282	229	
624	2134	
2134	624	
1768	2745	
2745	1768	
1808	3249	
3249	1808	
2828	2842	
2842	2828	
137	755	
755	137	
96	132	
132	96	
1731	2774	
2774	1731	
51	1422	
1422	51	
1	158	
158	1	
993	2427	
2427	993	
1471	2954	
2954	1471	
504	2844	
2844	504	
968	1567	
1567	968	
1363	2512	
2512	1363	
492	755	
755	492	
404	1896	
1896	404	
540	911	
911	540	
1261	2480	
2480	1261	
1625	2638	
2638	1625	
696	2352	
2352	696	
1015	2783	
2783	1015	
1440	2736	
2736	1440	
677	2443	
2443	677	
2338	2339	
2339	2338	
965	1112	
1112	965	
1239	2249	
2249	1239	
83	649	
649	83	
1687	1992	
1992	1687	
1422	2681	
2681	1422	
468	968	
968	468	
189	2434	
2434	189	
1044	1619	
1619	1044	
435	1996	
1996	435	
247	1217	
1217	247	
95	2269	
2269	95	
875	1918	
1918	875	
1429	1853	
1853	1429	
1908	3301	
3301	1908	
451	1630	
1630	451	
373	2416	
2416	373	
431	2352	
2352	431	
1875	2426	
2426	1875	
1130	1429	
1429	1130	
16	2597	
2597	16	
1422	2824	
2824	1422	
429	1620	
1620	429	
904	1699	
1699	904	
428	773	
773	428	
16	2416	
2416	16	
371	3071	
3071	371	
2230	2782	
2782	2230	
1352	2412	
2412	1352	
1117	2637	
2637	1117	
637	2440	
2440	637	
2473	2670	
2670	2473	
524	1537	
1537	524	
95	3274	
3274	95	
637	1620	
1620	637	
1620	1771	
1771	1620	
1875	2360	
2360	1875	
1422	2783	
2783	1422	
482	1076	
1076	482	
1587	2147	
2147	1587	
982	1736	
1736	982	
675	2875	
2875	675	
1071	2829	
2829	1071	
1422	2650	
2650	1422	
13	1894	
1894	13	
148	2228	
2228	148	
482	3272	
3272	482	
150	1760	
1760	150	
713	2314	
2314	713	
622	2637	
2637	622	
428	1439	
1439	428	
2166	2416	
2416	2166	
968	1605	
1605	968	
1555	2469	
2469	1555	
487	1651	
1651	487	
1214	1644	
1644	1214	
1012	2475	
2475	1012	
59	962	
962	59	
616	1422	
1422	616	
642	1000	
1000	642	
265	1536	
1536	265	
13	1493	
1493	13	
307	1290	
1290	307	
713	2604	
2604	713	
138	2196	
2196	138	
541	2721	
2721	541	
1214	2782	
2782	1214	
336	1180	
1180	336	
232	333	
333	232	
923	3018	
3018	923	
2209	2604	
2604	2209	
807	1214	
1214	807	
55	2324	
2324	55	
887	2782	
2782	887	
540	923	
923	540	
228	1531	
1531	228	
807	2564	
2564	807	
1117	1943	
1943	1117	
1811	1879	
1879	1811	
1422	2396	
2396	1422	
468	2622	
2622	468	
307	1918	
1918	307	
1112	1251	
1251	1112	
1705	2114	
2114	1705	
154	450	
450	154	
941	1214	
1214	941	
1918	1995	
1995	1918	
2166	2418	
2418	2166	
1721	2670	
2670	1721	
1902	2703	
2703	1902	
634	2132	
2132	634	
110	1551	
1551	110	
552	2789	
2789	552	
1836	2447	
2447	1836	
307	2676	
2676	307	
927	2899	
2899	927	
1214	2023	
2023	1214	
1410	1531	
1531	1410	
755	887	
887	755	
1009	1853	
1853	1009	
453	887	
887	453	
709	2174	
2174	709	
286	2401	
2401	286	
411	1410	
1410	411	
504	2292	
2292	504	
205	3134	
3134	205	
229	2782	
2782	229	
229	895	
895	229	
453	835	
835	453	
1625	1875	
1875	1625	
402	1414	
1414	402	
1180	2848	
2848	1180	
717	1896	
1896	717	
755	2665	
2665	755	
194	1522	
1522	194	
1672	2353	
2353	1672	
670	1836	
1836	670	
2418	2490	
2490	2418	
239	3230	
3230	239	
203	1094	
1094	203	
222	1392	
1392	222	
428	2626	
2626	428	
1422	2826	
2826	1422	
55	2119	
2119	55	
106	1366	
1366	106	
1034	1230	
1230	1034	
12	1622	
1622	12	
239	767	
767	239	
468	2196	
2196	468	
1429	1625	
1625	1429	
1422	2828	
2828	1422	
622	2597	
2597	622	
28	135	
135	28	
302	962	
962	302	
579	1531	
1531	579	
843	2202	
2202	843	
1219	2564	
2564	1219	
1903	2420	
2420	1903	
876	1366	
1366	876	
772	1331	
1331	772	
472	1704	
1704	472	
16	1567	
1567	16	
1422	2435	
2435	1422	
577	1027	
1027	577	
12	966	
966	12	
226	1907	
1907	226	
1422	2021	
2021	1422	
1867	2358	
2358	1867	
1655	2331	
2331	1655	
155	922	
922	155	
1445	2401	
2401	1445	
2174	2509	
2509	2174	
1131	2680	
2680	1131	
1064	1853	
1853	1064	
624	2578	
2578	624	
450	2196	
2196	450	
968	2166	
2166	968	
773	2626	
2626	773	
1422	1630	
1630	1422	
468	768	
768	468	
622	1943	
1943	622	
1422	2475	
2475	1422	
840	2559	
2559	840	
1894	2584	
2584	1894	
1034	2925	
2925	1034	
342	3296	
3296	342	
2585	2782	
2782	2585	
541	2840	
2840	541	
191	2169	
2169	191	
1491	2060	
2060	1491	
402	603	
603	402	
336	1600	
1600	336	
1064	2633	
2633	1064	
1655	2000	
2000	1655	
12	839	
839	12	
228	300	
300	228	
2703	2705	
2705	2703	
1205	1212	
1212	1205	
1219	1422	
1422	1219	
429	2154	
2154	429	
2196	2217	
2217	2196	
1033	1426	
1426	1033	
1617	2926	
2926	1617	
661	1740	
1740	661	
2705	2706	
2706	2705	
247	2063	
2063	247	
819	1247	
1247	819	
540	2646	
2646	540	
1835	2113	
2113	1835	
1220	2670	
2670	1220	
427	2114	
2114	427	
13	2711	
2711	13	
138	2487	
2487	138	
887	1112	
1112	887	
1666	1989	
1989	1666	
438	1718	
1718	438	
622	1605	
1605	622	
16	2417	
2417	16	
78	1687	
1687	78	
147	2405	
2405	147	
1112	2927	
2927	1112	
2320	3227	
3227	2320	
931	2597	
2597	931	
1087	2189	
2189	1087	
1102	1939	
1939	1102	
610	2911	
2911	610	
884	1172	
1172	884	
269	1782	
1782	269	
877	1672	
1672	877	
304	2025	
2025	304	
486	1097	
1097	486	
495	1422	
1422	495	
254	2551	
2551	254	
59	931	
931	59	
453	807	
807	453	
1117	1567	
1567	1117	
28	1447	
1447	28	
427	840	
840	427	
541	1865	
1865	541	
1415	1668	
1668	1415	
865	1836	
1836	865	
541	3274	
3274	541	
1517	2361	
2361	1517	
2507	2598	
2598	2507	
331	2948	
2948	331	
1411	2067	
2067	1411	
212	3076	
3076	212	
1112	2626	
2626	1112	
95	110	
110	95	
591	2414	
2414	591	
220	968	
968	220	
300	1531	
1531	300	
2230	2860	
2860	2230	
906	1903	
1903	906	
655	687	
687	655	
138	2488	
2488	138	
314	622	
622	314	
968	2967	
2967	968	
1625	1759	
1759	1625	
247	1265	
1265	247	
16	1708	
1708	16	
453	1034	
1034	453	
1678	2631	
2631	1678	
1620	1817	
1817	1620	
1379	2442	
2442	1379	
98	1078	
1078	98	
27	1943	
1943	27	
835	2782	
2782	835	
1625	2429	
2429	1625	
314	1422	
1422	314	
528	962	
962	528	
1840	2348	
2348	1840	
953	1440	
1440	953	
1725	2868	
2868	1725	
1981	3312	
3312	1981	
1220	1629	
1629	1220	
483	1585	
1585	483	
1414	1422	
1422	1414	
247	2613	
2613	247	
147	2625	
2625	147	
12	1357	
1357	12	
208	2703	
2703	208	
716	1125	
1125	716	
486	1202	
1202	486	
1275	1731	
1731	1275	
157	1178	
1178	157	
1411	1726	
1726	1411	
2774	2925	
2925	2774	
230	356	
356	230	
99	157	
157	99	
1587	2110	
2110	1587	
1605	2418	
2418	1605	
912	2490	
2490	912	
1708	2637	
2637	1708	
620	2174	
2174	620	
1417	1758	
1758	1417	
176	2679	
2679	176	
930	2633	
2633	930	
180	351	
351	180	
615	1818	
1818	615	
723	2219	
2219	723	
540	2515	
2515	540	
1281	2226	
2226	1281	
1012	1644	
1644	1012	
2361	2506	
2506	2361	
468	2299	
2299	468	
1545	3026	
3026	1545	
307	2398	
2398	307	
1214	2786	
2786	1214	
1176	2435	
2435	1176	
1410	2814	
2814	1410	
1190	2585	
2585	1190	
130	582	
582	130	
220	2475	
2475	220	
1092	1662	
1662	1092	
1575	2478	
2478	1575	
1094	3051	
3051	1094	
850	886	
886	850	
1422	1644	
1644	1422	
303	493	
493	303	
472	541	
541	472	
1683	2452	
2452	1683	
468	1853	
1853	468	
484	1210	
1210	484	
1130	1666	
1666	1130	
229	307	
307	229	
453	2786	
2786	453	
450	2519	
2519	450	
1551	3274	
3274	1551	
1030	2353	
2353	1030	
61	2113	
2113	61	
147	1350	
1350	147	
1321	3230	
3230	1321	
1551	1704	
1704	1551	
203	3009	
3009	203	
1422	1724	
1724	1422	
1429	2520	
2520	1429	
1143	2573	
2573	1143	
114	1419	
1419	114	
2911	3046	
3046	2911	
1758	2253	
2253	1758	
607	2868	
2868	607	
968	1625	
1625	968	
1117	1708	
1708	1117	
144	2110	
2110	144	
1373	1948	
1948	1373	
1422	2244	
2244	1422	
1422	2622	
2622	1422	
492	2404	
2404	492	
2115	2782	
2782	2115	
398	1251	
1251	398	
404	1534	
1534	404	
205	2296	
2296	205	
70	3009	
3009	70	
661	2405	
2405	661	
1940	2404	
2404	1940	
968	2774	
2774	968	
1441	2669	
2669	1441	
1567	2637	
2637	1567	
1410	2345	
2345	1410	
561	2848	
2848	561	
158	1097	
1097	158	
2097	2925	
2925	2097	
582	1967	
1967	582	
2339	2463	
2463	2339	
1214	2784	
2784	1214	
887	1034	
1034	887	
931	1117	
1117	931	
1422	2064	
2064	1422	
441	1782	
1782	441	
875	1257	
1257	875	
254	3249	
3249	254	
1365	1933	
1933	1365	
1260	2219	
2219	1260	
999	1948	
1948	999	
220	1034	
1034	220	
1119	2749	
2749	1119	
268	2622	
2622	268	
468	2719	
2719	468	
1422	2585	
2585	1422	
2494	3128	
3128	2494	
1676	2588	
2588	1676	
76	2644	
2644	76	
1094	2899	
2899	1094	
1587	2422	
2422	1587	
1620	2440	
2440	1620	
942	2305	
2305	942	
1875	2427	
2427	1875	
585	1422	
1422	585	
985	1275	
1275	985	
242	2032	
2032	242	
1889	2516	
2516	1889	
1012	1214	
1214	1012	
16	2415	
2415	16	
8	178	
178	8	
453	1214	
1214	453	
1702	1711	
1711	1702	
1214	2444	
2444	1214	
1330	2371	
2371	1330	
1609	1625	
1625	1609	
1000	2400	
2400	1000	
808	1620	
1620	808	
428	2264	
2264	428	
373	1117	
1117	373	
373	1708	
1708	373	
110	3274	
3274	110	
875	1625	
1625	875	
119	3133	
3133	119	
220	1214	
1214	220	
150	1357	
1357	150	
1887	2233	
2233	1887	
230	2979	
2979	230	
1967	2312	
2312	1967	
1366	2088	
2088	1366	
1271	2601	
2601	1271	
715	2404	
2404	715	
734	3304	
3304	734	
180	2639	
2639	180	
269	3228	
3228	269	
1877	2401	
2401	1877	
746	3193	
3193	746	
673	3261	
3261	673	
16	622	
622	16	
1112	1480	
1480	1112	
1054	2626	
2626	1054	
1186	1868	
1868	1186	
2455	2866	
2866	2455	
1517	1580	
1580	1517	
156	1334	
1334	156	
835	2181	
2181	835	
254	2222	
2222	254	
1439	2626	
2626	1439	
865	2212	
2212	865	
1180	1600	
1600	1180	
917	2176	
2176	917	
975	2478	
2478	975	
813	2771	
2771	813	
637	1921	
1921	637	
351	2638	
2638	351	
455	3017	
3017	455	
1034	1644	
1644	1034	
245	3203	
3203	245	
303	2116	
2116	303	
1587	2331	
2331	1587	
2638	2641	
2641	2638	
1422	2785	
2785	1422	
443	1828	
1828	443	
132	779	
779	132	
582	2066	
2066	582	
1422	2820	
2820	1422	
241	2861	
2861	241	
1392	2857	
2857	1392	
585	1214	
1214	585	
273	2217	
2217	273	
1001	1119	
1119	1001	
217	2867	
2867	217	
1422	2047	
2047	1422	
1718	2705	
2705	1718	
2660	2853	
2853	2660	
453	1644	
1644	453	
1543	2732	
2732	1543	
904	2371	
2371	904	
938	2104	
2104	938	
803	990	
990	803	
1399	1429	
1429	1399	
1822	2222	
2222	1822	
1219	2782	
2782	1219	
1429	1989	
1989	1429	
807	2782	
2782	807	
670	974	
974	670	
965	3014	
3014	965	
450	2507	
2507	450	
624	3153	
3153	624	
1156	3133	
3133	1156	
492	1422	
1422	492	
208	2706	
2706	208	
1214	2826	
2826	1214	
968	2234	
2234	968	
1231	1586	
1586	1231	
292	2141	
2141	292	
92	2189	
2189	92	
1183	1366	
1366	1183	
744	2466	
2466	744	
682	881	
881	682	
930	2519	
2519	930	
912	1117	
1117	912	
567	3221	
3221	567	
217	1603	
1603	217	
319	2646	
2646	319	
1708	2596	
2596	1708	
303	937	
937	303	
1027	1620	
1620	1027	
1708	1943	
1943	1708	
887	2404	
2404	887	
864	904	
904	864	
1666	2435	
2435	1666	
1021	2108	
2108	1021	
2475	2782	
2782	2475	
331	1709	
1709	331	
110	472	
472	110	
2646	2911	
2911	2646	
81	2976	
2976	81	
1180	1366	
1366	1180	
2316	2673	
2673	2316	
1557	2321	
2321	1557	
49	2994	
2994	49	
491	881	
881	491	
139	602	
602	139	
530	1621	
1621	530	
205	783	
783	205	
816	2377	
2377	816	
781	2479	
2479	781	
1992	2819	
2819	1992	
2774	2968	
2968	2774	
1625	2886	
2886	1625	
968	1943	
1943	968	
99	1015	
1015	99	
1045	1596	
1596	1045	
943	1554	
1554	943	
254	1772	
1772	254	
567	2464	
2464	567	
1932	3046	
3046	1932	
691	1567	
1567	691	
468	2718	
2718	468	
32	3009	
3009	32	
214	2773	
2773	214	
371	1369	
1369	371	
1080	1340	
1340	1080	
179	2696	
2696	179	
918	3072	
3072	918	
1448	2353	
2353	1448	
1583	3080	
3080	1583	
1251	2398	
2398	1251	
1695	3090	
3090	1695	
218	2703	
2703	218	
492	1012	
1012	492	
968	2196	
2196	968	
968	2596	
2596	968	
889	2799	
2799	889	
1457	2644	
2644	1457	
373	1605	
1605	373	
790	1000	
1000	790	
2447	2450	
2450	2447	
582	1921	
1921	582	
2495	2646	
2646	2495	
69	157	
157	69	
1343	1943	
1943	1343	
923	2316	
2316	923	
1708	2925	
2925	1708	
908	1569	
1569	908	
602	958	
958	602	
2435	2882	
2882	2435	
2422	2427	
2427	2422	
1890	2222	
2222	1890	
138	1853	
1853	138	
667	1099	
1099	667	
1030	2354	
2354	1030	
962	2829	
2829	962	
558	1145	
1145	558	
1746	1981	
1981	1746	
2372	2373	
2373	2372	
1772	2067	
2067	1772	
1044	1802	
1802	1044	
87	2215	
2215	87	
835	2828	
2828	835	
901	1810	
1810	901	
1522	2245	
2245	1522	
600	2105	
2105	600	
1011	1944	
1944	1011	
59	1214	
1214	59	
856	2739	
2739	856	
1019	2073	
2073	1019	
1044	2323	
2323	1044	
1071	2822	
2822	1071	
2174	3138	
3138	2174	
1589	2453	
2453	1589	
2360	2361	
2361	2360	
22	2140	
2140	22	
443	2406	
2406	443	
773	1647	
1647	773	
471	1676	
1676	471	
1320	2159	
2159	1320	
819	2646	
2646	819	
2911	3017	
3017	2911	
61	1443	
1443	61	
1725	2264	
2264	1725	
1275	1825	
1825	1275	
152	1429	
1429	152	
155	2643	
2643	155	
1	2919	
2919	1	
1523	3169	
3169	1523	
942	2343	
2343	942	
59	1290	
1290	59	
622	2418	
2418	622	
1808	3011	
3011	1808	
962	2418	
2418	962	
83	3046	
3046	83	
1105	1167	
1167	1105	
2132	2631	
2631	2132	
1084	1123	
1123	1084	
12	2487	
2487	12	
661	1439	
1439	661	
482	3276	
3276	482	
266	2619	
2619	266	
83	3017	
3017	83	
444	1301	
1301	444	
1887	2357	
2357	1887	
690	2948	
2948	690	
310	1878	
1878	310	
622	2925	
2925	622	
998	1515	
1515	998	
2950	2952	
2952	2950	
1326	1620	
1620	1326	
1214	1724	
1724	1214	
2189	3017	
3017	2189	
1054	1214	
1214	1054	
934	2133	
2133	934	
1131	1609	
1609	1131	
1398	2427	
2427	1398	
1399	2224	
2224	1399	
962	2416	
2416	962	
1505	2411	
2411	1505	
241	2174	
2174	241	
717	1902	
1902	717	
1167	2711	
2711	1167	
962	3073	
3073	962	
1319	1603	
1603	1319	
411	1335	
1335	411	
1600	3025	
3025	1600	
438	2703	
2703	438	
468	930	
930	468	
548	1877	
1877	548	
303	2585	
2585	303	
1173	2794	
2794	1173	
1093	2425	
2425	1093	
2581	3025	
3025	2581	
790	3026	
3026	790	
336	2580	
2580	336	
993	2775	
2775	993	
923	2218	
2218	923	
1066	3204	
3204	1066	
465	2153	
2153	465	
1571	3118	
3118	1571	
377	715	
715	377	
1429	2147	
2147	1429	
2348	2349	
2349	2348	
560	2482	
2482	560	
246	1422	
1422	246	
666	1491	
1491	666	
2153	3294	
3294	2153	
993	2925	
2925	993	
650	2505	
2505	650	
755	2664	
2664	755	
1472	1813	
1813	1472	
144	1429	
1429	144	
2368	2790	
2790	2368	
434	2361	
2361	434	
347	1758	
1758	347	
1214	2475	
2475	1214	
721	1967	
1967	721	
83	1842	
1842	83	
266	3249	
3249	266	
1831	2264	
2264	1831	
1435	1854	
1854	1435	
1078	2510	
2510	1078	
1035	2703	
2703	1035	
675	1864	
1864	675	
1644	2247	
2247	1644	
863	2209	
2209	863	
1012	2785	
2785	1012	
216	695	
695	216	
1625	2681	
2681	1625	
677	1275	
1275	677	
549	1821	
1821	549	
1214	2398	
2398	1214	
83	584	
584	83	
1271	1461	
1461	1271	
1379	1823	
1823	1379	
865	1999	
1999	865	
468	1251	
1251	468	
1335	2578	
2578	1335	
895	2021	
2021	895	
1492	2565	
2565	1492	
1395	2323	
2323	1395	
18	582	
582	18	
755	2666	
2666	755	
1193	1981	
1981	1193	
877	1379	
1379	877	
1176	1821	
1821	1176	
453	941	
941	453	
453	2782	
2782	453	
31	1625	
1625	31	
1667	2603	
2603	1667	
336	2581	
2581	336	
208	438	
438	208	
1227	2095	
2095	1227	
268	3324	
3324	268	
1093	1990	
1990	1093	
624	777	
777	624	
468	1665	
1665	468	
1180	2581	
2581	1180	
1	1097	
1097	1	
551	1259	
1259	551	
946	2379	
2379	946	
414	2429	
2429	414	
326	984	
984	326	
371	1423	
1423	371	
541	1620	
1620	541	
43	887	
887	43	
886	2182	
2182	886	
1030	1971	
1971	1030	
1326	2400	
2400	1326	
229	2023	
2023	229	
1091	2874	
2874	1091	
1319	2237	
2237	1319	
627	2681	
2681	627	
769	1016	
1016	769	
1251	1843	
1843	1251	
2209	2555	
2555	2209	
464	1758	
1758	464	
771	1256	
1256	771	
447	3286	
3286	447	
624	865	
865	624	
1253	1915	
1915	1253	
667	1555	
1555	667	
1605	2415	
2415	1605	
997	1896	
1896	997	
582	3099	
3099	582	
634	1162	
1162	634	
2316	2383	
2383	2316	
1351	1644	
1644	1351	
79	2089	
2089	79	
2022	3071	
3071	2022	
1730	2516	
2516	1730	
361	1918	
1918	361	
1310	3221	
3221	1310	
416	1758	
1758	416	
229	2785	
2785	229	
673	1293	
1293	673	
2646	3017	
3017	2646	
887	1012	
1012	887	
351	661	
661	351	
172	2320	
2320	172	
1580	1640	
1640	1580	
151	930	
930	151	
156	1677	
1677	156	
1585	2771	
2771	1585	
60	916	
916	60	
528	2396	
2396	528	
1429	2110	
2110	1429	
71	328	
328	71	
486	1115	
1115	486	
1419	2339	
2339	1419	
101	1340	
1340	101	
1831	2626	
2626	1831	
222	2634	
2634	222	
1453	1875	
1875	1453	
1395	2984	
2984	1395	
1422	2116	
2116	1422	
1665	2633	
2633	1665	
1252	3117	
3117	1252	
468	1362	
1362	468	
1731	2230	
2230	1731	
19	1451	
1451	19	
83	654	
654	83	
1696	1760	
1760	1696	
181	1422	
1422	181	
450	2299	
2299	450	
1422	2827	
2827	1422	
1676	2554	
2554	1676	
98	2510	
2510	98	
2063	2113	
2113	2063	
1330	2369	
2369	1330	
1875	1989	
1989	1875	
1111	2727	
2727	1111	
1170	2531	
2531	1170	
1967	2672	
2672	1967	
565	1264	
1264	565	
1644	2021	
2021	1644	
1591	1665	
1665	1591	
2573	2575	
2575	2573	
1015	1275	
1275	1015	
968	2097	
2097	968	
1214	1219	
1219	1214	
1130	2422	
2422	1130	
302	2651	
2651	302	
170	2571	
2571	170	
492	2632	
2632	492	
394	2594	
2594	394	
314	912	
912	314	
1989	2426	
2426	1989	
1422	2784	
2784	1422	
1251	1625	
1625	1251	
965	1422	
1422	965	
616	1567	
1567	616	
205	854	
854	205	
1381	2322	
2322	1381	
1605	1708	
1708	1605	
1708	2416	
2416	1708	
170	491	
491	170	
590	2868	
2868	590	
517	2647	
2647	517	
865	1335	
1335	865	
717	2976	
2976	717	
472	703	
703	472	
263	737	
737	263	
582	1002	
1002	582	
1135	3207	
3207	1135	
172	2322	
2322	172	
667	1707	
1707	667	
1155	2442	
2442	1155	
98	2297	
2297	98	
70	2899	
2899	70	
958	2543	
2543	958	
169	247	
247	169	
912	2925	
2925	912	
2670	2673	
2673	2670	
515	3299	
3299	515	
179	1298	
1298	179	
83	1383	
1383	83	
100	2158	
2158	100	
208	2433	
2433	208	
876	2848	
2848	876	
2092	2722	
2722	2092	
1758	2217	
2217	1758	
1480	2782	
2782	1480	
1235	2245	
2245	1235	
1746	3071	
3071	1746	
847	1853	
1853	847	
1044	1395	
1395	1044	
582	1170	
1170	582	
1324	1410	
1410	1324	
304	637	
637	304	
151	2299	
2299	151	
850	2596	
2596	850	
549	2361	
2361	549	
715	1725	
1725	715	
348	1991	
1991	348	
205	3265	
3265	205	
1071	2128	
2128	1071	
850	1605	
1605	850	
711	2727	
2727	711	
1759	2633	
2633	1759	
1440	3034	
3034	1440	
494	637	
637	494	
1587	1989	
1989	1587	
1718	2703	
2703	1718	
381	2955	
2955	381	
138	468	
468	138	
559	1570	
1570	559	
877	2442	
2442	877	
1907	2005	
2005	1907	
682	2228	
2228	682	
106	155	
155	106	
486	1362	
1362	486	
629	1460	
1460	629	
136	2520	
2520	136	
27	2782	
2782	27	
1202	2527	
2527	1202	
649	3046	
3046	649	
1411	2366	
2366	1411	
131	2622	
2622	131	
1624	3038	
3038	1624	
472	3274	
3274	472	
2189	3215	
3215	2189	
1587	2919	
2919	1587	
347	2633	
2633	347	
222	2729	
2729	222	
404	2703	
2703	404	
1143	1677	
1677	1143	
877	2353	
2353	877	
1429	2422	
2422	1429	
998	2589	
2589	998	
1894	2711	
2711	1894	
887	1214	
1214	887	
616	622	
622	616	
526	920	
920	526	
1471	2494	
2494	1471	
877	2375	
2375	877	
208	404	
404	208	
1568	2485	
2485	1568	
347	2527	
2527	347	
541	822	
822	541	
12	557	
557	12	
229	887	
887	229	
1422	2115	
2115	1422	
582	2920	
2920	582	
404	2706	
2706	404	
1410	2815	
2815	1410	
1035	1152	
1152	1035	
2097	2435	
2435	2097	
468	680	
680	468	
1355	2866	
2866	1355	
307	585	
585	307	
709	1471	
1471	709	
1333	1879	
1879	1333	
1241	1907	
1907	1241	
1943	2418	
2418	1943	
1879	1956	
1956	1879	
1567	2418	
2418	1567	
43	136	
136	43	
253	1992	
1992	253	
1956	2964	
2964	1956	
438	2706	
2706	438	
2580	3025	
3025	2580	
427	2477	
2477	427	
1275	2444	
2444	1275	
2309	2334	
2334	2309	
266	1809	
1809	266	
190	3107	
3107	190	
14	1248	
1248	14	
237	2564	
2564	237	
1220	2672	
2672	1220	
33	3197	
3197	33	
225	3204	
3204	225	
314	2166	
2166	314	
1107	2497	
2497	1107	
1130	2110	
2110	1130	
586	1214	
1214	586	
330	3206	
3206	330	
142	2059	
2059	142	
180	661	
661	180	
431	1268	
1268	431	
2128	2667	
2667	2128	
1232	2226	
2226	1232	
920	1469	
1469	920	
283	1596	
1596	283	
670	2578	
2578	670	
1759	2621	
2621	1759	
542	2295	
2295	542	
471	2554	
2554	471	
582	1701	
1701	582	
567	2730	
2730	567	
839	1357	
1357	839	
250	825	
825	250	
865	2266	
2266	865	
468	982	
982	468	
825	1574	
1574	825	
491	2228	
2228	491	
460	1751	
1751	460	
319	2220	
2220	319	
912	1605	
1605	912	
525	2573	
2573	525	
292	1843	
1843	292	
450	1915	
1915	450	
1085	3139	
3139	1085	
2021	2023	
2023	2021	
194	2218	
2218	194	
214	2928	
2928	214	
380	3188	
3188	380	
667	1530	
1530	667	
1847	1907	
1907	1847	
847	2205	
2205	847	
1080	1348	
1348	1080	
1170	1225	
1225	1170	
428	2405	
2405	428	
1896	2170	
2170	1896	
2369	2371	
2371	2369	
329	2517	
2517	329	
1585	2779	
2779	1585	
186	2883	
2883	186	
83	1932	
1932	83	
923	1170	
1170	923	
744	2519	
2519	744	
775	1422	
1422	775	
541	1768	
1768	541	
47	3131	
3131	47	
1117	1422	
1422	1117	
2041	2462	
2462	2041	
1112	2475	
2475	1112	
1115	3228	
3228	1115	
486	509	
509	486	
705	2422	
2422	705	
667	1179	
1179	667	
1896	2705	
2705	1896	
27	2021	
2021	27	
43	2633	
2633	43	
104	1768	
1768	104	
819	2734	
2734	819	
549	1422	
1422	549	
1015	2443	
2443	1015	
1034	1214	
1214	1034	
12	1097	
1097	12	
627	2632	
2632	627	
959	3075	
3075	959	
336	561	
561	336	
1157	1422	
1422	1157	
1251	1965	
1965	1251	
1999	2578	
2578	1999	
2361	2880	
2880	2361	
1012	2681	
2681	1012	
1028	2605	
2605	1028	
695	1682	
1682	695	
2257	2925	
2925	2257	
582	3148	
3148	582	
453	2053	
2053	453	
267	749	
749	267	
1004	2497	
2497	1004	
97	902	
902	97	
1218	3068	
3068	1218	
242	2196	
2196	242	
43	1238	
1238	43	
136	2598	
2598	136	
1302	1461	
1461	1302	
1013	2597	
2597	1013	
2255	2486	
2486	2255	
1183	1600	
1600	1183	
691	2396	
2396	691	
584	2531	
2531	584	
835	1422	
1422	835	
1822	3220	
3220	1822	
2481	2596	
2596	2481	
1180	2329	
2329	1180	
709	1424	
1424	709	
285	1967	
1967	285	
1575	2919	
2919	1575	
120	1650	
1650	120	
234	582	
582	234	
777	2845	
2845	777	
300	2815	
2815	300	
1013	1567	
1567	1013	
520	2380	
2380	520	
582	2134	
2134	582	
242	1582	
1582	242	
476	3046	
3046	476	
31	1131	
1131	31	
1369	3071	
3071	1369	
2097	2829	
2829	2097	
311	1253	
1253	311	
51	1607	
1607	51	
541	3049	
3049	541	
1343	2398	
2398	1343	
1131	2621	
2621	1131	
1551	2332	
2332	1551	
865	924	
924	865	
549	755	
755	549	
2835	2836	
2836	2835	
1822	3194	
3194	1822	
922	1087	
1087	922	
1896	2048	
2048	1896	
1759	1918	
1918	1759	
889	2545	
2545	889	
373	2490	
2490	373	
60	793	
793	60	
2367	2790	
2790	2367	
796	2119	
2119	796	
1031	2328	
2328	1031	
1286	1543	
1543	1286	
98	936	
936	98	
1802	2323	
2323	1802	
427	1560	
1560	427	
225	1066	
1066	225	
1933	2539	
2539	1933	
744	2586	
2586	744	
339	472	
472	339	
254	266	
266	254	
165	2804	
2804	165	
25	2057	
2057	25	
1306	3180	
3180	1306	
2475	2925	
2925	2475	
670	924	
924	670	
2320	2321	
2321	2320	
991	1474	
1474	991	
177	2687	
2687	177	
374	2368	
2368	374	
378	2767	
2767	378	
860	1004	
1004	860	
1112	2820	
2820	1112	
1259	2897	
2897	1259	
500	1809	
1809	500	
1043	2498	
2498	1043	
450	1020	
1020	450	
303	1190	
1190	303	
1097	1879	
1879	1097	
200	2842	
2842	200	
2487	2488	
2488	2487	
1093	2424	
2424	1093	
649	2911	
2911	649	
1002	1200	
1200	1002	
153	755	
755	153	
582	3017	
3017	582	
167	2909	
2909	167	
751	1446	
1446	751	
453	2254	
2254	453	
1875	2428	
2428	1875	
691	2417	
2417	691	
150	2487	
2487	150	
150	1097	
1097	150	
843	2579	
2579	843	
2703	2976	
2976	2703	
895	2782	
2782	895	
237	2398	
2398	237	
147	1439	
1439	147	
630	2319	
2319	630	
682	1471	
1471	682	
978	1764	
1764	978	
307	2230	
2230	307	
1567	2182	
2182	1567	
2398	2925	
2925	2398	
487	734	
734	487	
541	2269	
2269	541	
1064	1202	
1202	1064	
1580	2360	
2360	1580	
2329	2614	
2614	2329	
616	2415	
2415	616	
2159	2895	
2895	2159	
242	2299	
2299	242	
76	1861	
1861	76	
98	2511	
2511	98	
633	1470	
1470	633	
1906	2127	
2127	1906	
119	132	
132	119	
160	926	
926	160	
30	532	
532	30	
956	1022	
1022	956	
316	2931	
2931	316	
622	912	
912	622	
1070	1625	
1625	1070	
453	2667	
2667	453	
1012	2282	
2282	1012	
770	1591	
1591	770	
1214	2824	
2824	1214	
796	2063	
2063	796	
1401	1411	
1411	1401	
3057	3058	
3058	3057	
1031	2329	
2329	1031	
629	2630	
2630	629	
1117	2596	
2596	1117	
1858	3035	
3035	1858	
1123	2343	
2343	1123	
27	229	
229	27	
620	2605	
2605	620	
1644	2404	
2404	1644	
1155	2375	
2375	1155	
664	1203	
1203	664	
242	796	
796	242	
586	1422	
1422	586	
70	2335	
2335	70	
430	1684	
1684	430	
1493	2187	
2187	1493	
609	2866	
2866	609	
142	1455	
1455	142	
1683	2220	
2220	1683	
538	632	
632	538	
1536	2220	
2220	1536	
1970	2836	
2836	1970	
1986	2711	
2711	1986	
208	2705	
2705	208	
96	119	
119	96	
136	1702	
1702	136	
2651	2827	
2827	2651	
1253	1328	
1328	1253	
1044	1264	
1264	1044	
419	476	
476	419	
1251	2622	
2622	1251	
1583	2584	
2584	1583	
39	2466	
2466	39	
920	1832	
1832	920	
450	542	
542	450	
813	1874	
1874	813	
229	492	
492	229	
746	2420	
2420	746	
1230	1290	
1290	1230	
541	928	
928	541	
1917	2339	
2339	1917	
968	1157	
1157	968	
2366	2790	
2790	2366	
396	2519	
2519	396	
622	2596	
2596	622	
1868	2729	
2729	1868	
70	808	
808	70	
1253	2455	
2455	1253	
2166	2204	
2204	2166	
395	2519	
2519	395	
1605	2637	
2637	1605	
2775	2829	
2829	2775	
225	741	
741	225	
1517	1875	
1875	1517	
2417	2597	
2597	2417	
1877	2196	
2196	1877	
254	1822	
1822	254	
113	150	
150	113	
49	2228	
2228	49	
603	2799	
2799	603	
361	2444	
2444	361	
83	2673	
2673	83	
428	1647	
1647	428	
1144	1282	
1282	1144	
968	2564	
2564	968	
1019	1625	
1625	1019	
2278	3046	
3046	2278	
962	2097	
2097	962	
170	2803	
2803	170	
1943	2416	
2416	1943	
1034	2475	
2475	1034	
2622	2782	
2782	2622	
2632	2651	
2651	2632	
1145	1896	
1896	1145	
755	912	
912	755	
638	3039	
3039	638	
847	1517	
1517	847	
1112	1644	
1644	1112	
881	2364	
2364	881	
43	1731	
1731	43	
1144	1396	
1396	1144	
1411	2368	
2368	1411	
179	2436	
2436	179	
1990	2424	
2424	1990	
2631	2899	
2899	2631	
1577	2552	
2552	1577	
417	915	
915	417	
421	1135	
1135	421	
616	2596	
2596	616	
924	2578	
2578	924	
610	2910	
2910	610	
1766	1991	
1991	1766	
1052	2657	
2657	1052	
637	2189	
2189	637	
1683	2451	
2451	1683	
453	1422	
1422	453	
1208	1767	
1767	1208	
136	2315	
2315	136	
747	960	
960	747	
715	1940	
1940	715	
1943	2226	
2226	1943	
886	2277	
2277	886	
1	2933	
2933	1	
314	373	
373	314	
1422	2234	
2234	1422	
73	832	
832	73	
2445	2957	
2957	2445	
160	1616	
1616	160	
616	2166	
2166	616	
1448	2738	
2738	1448	
825	2855	
2855	825	
1043	1829	
1829	1043	
396	930	
930	396	
2153	2345	
2345	2153	
2224	2675	
2675	2224	
1395	2866	
2866	1395	
1286	3286	
3286	1286	
1045	3253	
3253	1045	
690	3007	
3007	690	
2067	2732	
2732	2067	
822	1043	
1043	822	
1523	3171	
3171	1523	
450	882	
882	450	
421	1162	
1162	421	
450	1965	
1965	450	
220	2782	
2782	220	
1517	2362	
2362	1517	
236	618	
618	236	
441	2501	
2501	441	
681	2577	
2577	681	
590	2206	
2206	590	
2314	2739	
2739	2314	
83	540	
540	83	
1422	2257	
2257	1422	
2829	2968	
2968	2829	
709	1557	
1557	709	
523	1840	
1840	523	
558	2976	
2976	558	
59	1422	
1422	59	
1761	2429	
2429	1761	
755	2488	
2488	755	
151	1736	
1736	151	
1890	2628	
2628	1890	
894	1070	
1070	894	
253	843	
843	253	
265	2452	
2452	265	
1117	2166	
2166	1117	
2066	2562	
2562	2066	
294	3046	
3046	294	
1232	2211	
2211	1232	
1239	3215	
3215	1239	
1461	2918	
2918	1461	
194	1620	
1620	194	
1220	2868	
2868	1220	
394	1879	
1879	394	
97	2572	
2572	97	
1180	2643	
2643	1180	
577	2080	
2080	577	
567	2400	
2400	567	
1625	1821	
1821	1625	
755	2128	
2128	755	
2185	2206	
2206	2185	
1167	1894	
1894	1167	
2189	2740	
2740	2189	
641	825	
825	641	
289	1943	
1943	289	
222	2857	
2857	222	
941	2667	
2667	941	
109	2659	
2659	109	
212	2835	
2835	212	
434	1655	
1655	434	
429	2028	
2028	429	
1894	2710	
2710	1894	
58	2009	
2009	58	
227	843	
843	227	
1237	3219	
3219	1237	
941	2782	
2782	941	
1429	2420	
2420	1429	
616	755	
755	616	
1582	2299	
2299	1582	
968	2226	
2226	968	
266	2067	
2067	266	
195	1823	
1823	195	
1585	2770	
2770	1585	
1281	1943	
1943	1281	
1379	2353	
2353	1379	
1286	1411	
1411	1286	
486	1570	
1570	486	
2835	3274	
3274	2835	
483	2020	
2020	483	
1865	3046	
3046	1865	
921	3026	
3026	921	
2264	2942	
2942	2264	
622	1013	
1013	622	
95	2636	
2636	95	
622	1117	
1117	622	
108	1833	
1833	108	
713	2554	
2554	713	
691	2597	
2597	691	
12	677	
677	12	
2820	3324	
3324	2820	
56	1027	
1027	56	
1422	2668	
2668	1422	
1112	3014	
3014	1112	
313	964	
964	313	
1907	3125	
3125	1907	
