4372	4391	
4391	4372	
2780	3011	
3011	2780	
2123	2134	
2134	2123	
2066	2187	
2187	2066	
3852	3853	
3853	3852	
114	115	
115	114	
533	570	
570	533	
4569	4651	
4651	4569	
4041	4042	
4042	4041	
3159	3186	
3186	3159	
1760	2088	
2088	1760	
1968	1983	
1983	1968	
2490	2948	
2948	2490	
2585	3095	
3095	2585	
3603	3605	
3605	3603	
528	529	
529	528	
831	904	
904	831	
149	198	
198	149	
1732	2117	
2117	1732	
2569	2895	
2895	2569	
2514	2595	
2595	2514	
3960	3962	
3962	3960	
340	341	
341	340	
2530	3181	
3181	2530	
1529	1559	
1559	1529	
2257	2282	
2282	2257	
2865	2952	
2952	2865	
1377	1406	
1406	1377	
1157	1326	
1326	1157	
4787	4794	
4794	4787	
1363	1919	
1919	1363	
3873	3929	
3929	3873	
1063	1331	
1331	1063	
4375	4381	
4381	4375	
2160	2161	
2161	2160	
2235	2383	
2383	2235	
1245	1505	
1505	1245	
3492	3650	
3650	3492	
2764	2765	
2765	2764	
4452	4454	
4454	4452	
3783	3841	
3841	3783	
1612	1627	
1627	1612	
2829	2834	
2834	2829	
2342	2363	
2363	2342	
3785	3787	
3787	3785	
4224	4271	
4271	4224	
2396	4849	
4849	2396	
2521	3233	
3233	2521	
1003	1045	
1045	1003	
2883	3153	
3153	2883	
3507	3510	
3510	3507	
4856	4871	
4871	4856	
4361	4373	
4373	4361	
4651	4723	
4723	4651	
1224	1746	
1746	1224	
3853	3856	
3856	3853	
4560	4677	
4677	4560	
2657	3077	
3077	2657	
3302	3672	
3672	3302	
2444	2685	
2685	2444	
2747	3082	
3082	2747	
2464	2713	
2713	2464	
3607	3709	
3709	3607	
2057	2059	
2059	2057	
4704	4711	
4711	4704	
1263	1432	
1432	1263	
3378	3379	
3379	3378	
4408	4413	
4413	4408	
4515	4585	
4585	4515	
4344	4413	
4413	4344	
150	191	
191	150	
1424	1924	
1924	1424	
1494	1537	
1537	1494	
475	4113	
4113	475	
4097	4200	
4200	4097	
4366	4367	
4367	4366	
490	2832	
2832	490	
1157	1736	
1736	1157	
2579	3113	
3113	2579	
1167	1541	
1541	1167	
4520	4521	
4521	4520	
878	929	
929	878	
419	456	
456	419	
1186	1949	
1949	1186	
4467	4553	
4553	4467	
3300	3446	
3446	3300	
1333	1631	
1631	1333	
77	191	
191	77	
2819	2866	
2866	2819	
4155	4249	
4249	4155	
1100	1530	
1530	1100	
1824	1914	
1914	1824	
2932	2935	
2935	2932	
1099	1334	
1334	1099	
4002	4047	
4047	4002	
394	442	
442	394	
1936	1937	
1937	1936	
3385	4850	
4850	3385	
2825	3178	
3178	2825	
1094	1447	
1447	1094	
2055	2107	
2107	2055	
2385	2418	
2418	2385	
2944	3131	
3131	2944	
4121	4143	
4143	4121	
3642	4885	
4885	3642	
2671	3004	
3004	2671	
2497	2595	
2595	2497	
3752	3936	
3936	3752	
3309	3464	
3464	3309	
1199	1348	
1348	1199	
4865	4923	
4923	4865	
1296	1629	
1629	1296	
423	430	
430	423	
2938	3140	
3140	2938	
4348	4417	
4417	4348	
1642	1804	
1804	1642	
3855	3912	
3912	3855	
3188	3283	
3283	3188	
597	602	
602	597	
1458	1952	
1952	1458	
2960	2961	
2961	2960	
72	215	
215	72	
1335	1356	
1356	1335	
2655	3176	
3176	2655	
2647	2649	
2649	2647	
2218	2347	
2347	2218	
4810	4823	
4823	4810	
1732	2113	
2113	1732	
542	550	
550	542	
4734	4744	
4744	4734	
2820	2825	
2825	2820	
4206	4217	
4217	4206	
1425	2016	
2016	1425	
1126	1127	
1127	1126	
4000	4020	
4020	4000	
4534	4673	
4673	4534	
2858	2859	
2859	2858	
3030	3129	
3129	3030	
4601	4654	
4654	4601	
3347	3402	
3402	3347	
4209	4309	
4309	4209	
3679	3680	
3680	3679	
40	97	
97	40	
532	573	
573	532	
2595	3179	
3179	2595	
2276	2277	
2277	2276	
597	599	
599	597	
1268	1776	
1776	1268	
975	1010	
1010	975	
943	1028	
1028	943	
2363	2364	
2364	2363	
1554	1890	
1890	1554	
87	89	
89	87	
4447	4448	
4448	4447	
4009	4037	
4037	4009	
4365	4368	
4368	4365	
4581	4659	
4659	4581	
4645	4668	
4668	4645	
976	1034	
1034	976	
4337	4386	
4386	4337	
829	4458	
4458	829	
2693	2908	
2908	2693	
4548	4549	
4549	4548	
4161	4162	
4162	4161	
3420	3532	
3532	3420	
1276	1278	
1278	1276	
831	867	
867	831	
2485	2561	
2561	2485	
4838	4881	
4881	4838	
3046	3135	
3135	3046	
2662	2944	
2944	2662	
1616	2002	
2002	1616	
1434	1930	
1930	1434	
3512	3560	
3560	3512	
3495	3500	
3500	3495	
3685	3723	
3723	3685	
3234	3266	
3266	3234	
1140	1301	
1301	1140	
1252	1297	
1297	1252	
169	227	
227	169	
4131	4196	
4196	4131	
1339	1341	
1341	1339	
1625	2004	
2004	1625	
2278	2371	
2371	2278	
1035	1049	
1049	1035	
1982	1986	
1986	1982	
4210	4314	
4314	4210	
2617	2637	
2637	2617	
4490	4648	
4648	4490	
3343	3639	
3639	3343	
1662	1722	
1722	1662	
2432	2590	
2590	2432	
4426	4430	
4430	4426	
2312	4837	
4837	2312	
1023	1059	
1059	1023	
4422	4432	
4432	4422	
854	891	
891	854	
1455	1598	
1598	1455	
1453	1456	
1456	1453	
1155	1774	
1774	1155	
1391	1413	
1413	1391	
3008	3221	
3221	3008	
961	1055	
1055	961	
2265	4854	
4854	2265	
1106	1180	
1180	1106	
2837	2944	
2944	2837	
875	881	
881	875	
309	358	
358	309	
2103	2145	
2145	2103	
4507	4535	
4535	4507	
2997	3211	
3211	2997	
2565	2817	
2817	2565	
2325	2406	
2406	2325	
4284	4321	
4321	4284	
2527	2789	
2789	2527	
2619	2966	
2966	2619	
843	862	
862	843	
4014	4029	
4029	4014	
3750	3793	
3793	3750	
1899	1960	
1960	1899	
3961	3962	
3962	3961	
3344	3472	
3472	3344	
4184	4185	
4185	4184	
3353	3423	
3423	3353	
846	880	
880	846	
55	88	
88	55	
1069	1196	
1196	1069	
261	267	
267	261	
4567	4667	
4667	4567	
4181	4296	
4296	4181	
1165	1853	
1853	1165	
4343	4345	
4345	4343	
831	919	
919	831	
2798	3253	
3253	2798	
4769	4770	
4770	4769	
3294	3334	
3334	3294	
4215	4216	
4216	4215	
21	176	
176	21	
2515	2810	
2810	2515	
2973	3052	
3052	2973	
4939	4940	
4940	4939	
1707	1829	
1829	1707	
3679	3681	
3681	3679	
2781	2968	
2968	2781	
2267	2270	
2270	2267	
2493	3014	
3014	2493	
485	498	
498	485	
4139	4175	
4175	4139	
872	929	
929	872	
4278	4279	
4279	4278	
3326	3576	
3576	3326	
4727	4736	
4736	4727	
831	832	
832	831	
2222	2229	
2229	2222	
4101	4206	
4206	4101	
134	222	
222	134	
2464	2712	
2712	2464	
2436	2672	
2672	2436	
187	228	
228	187	
3776	3797	
3797	3776	
251	367	
367	251	
1460	2072	
2072	1460	
3494	3734	
3734	3494	
4457	4458	
4458	4457	
3562	3744	
3744	3562	
507	539	
539	507	
299	316	
316	299	
3053	3197	
3197	3053	
2549	2856	
2856	2549	
4473	4646	
4646	4473	
1067	1969	
1969	1067	
4706	4719	
4719	4706	
3556	3708	
3708	3556	
4933	4934	
4934	4933	
1713	1843	
1843	1713	
133	2562	
2562	133	
1115	1969	
1969	1115	
4060	4071	
4071	4060	
4571	4628	
4628	4571	
2260	2262	
2262	2260	
3956	3963	
3963	3956	
852	873	
873	852	
1408	1798	
1798	1408	
1019	1031	
1031	1019	
1709	2100	
2100	1709	
1550	1622	
1622	1550	
3418	3676	
3676	3418	
1136	1138	
1138	1136	
2722	2880	
2880	2722	
4709	4729	
4729	4709	
2248	2250	
2250	2248	
3438	3588	
3588	3438	
2647	3257	
3257	2647	
2969	3104	
3104	2969	
3320	3542	
3542	3320	
1602	2001	
2001	1602	
3845	3872	
3872	3845	
1182	1190	
1190	1182	
1173	1487	
1487	1173	
3774	3863	
3863	3774	
41	218	
218	41	
1953	2143	
2143	1953	
4277	4279	
4279	4277	
3782	3870	
3870	3782	
2643	2644	
2644	2643	
2506	2802	
2802	2506	
4220	4221	
4221	4220	
3427	3608	
3608	3427	
937	1010	
1010	937	
2319	2321	
2321	2319	
2953	2954	
2954	2953	
2628	2982	
2982	2628	
4698	4699	
4699	4698	
4726	4749	
4749	4726	
48	101	
101	48	
4476	4662	
4662	4476	
2553	3149	
3149	2553	
1244	1507	
1507	1244	
4191	4193	
4193	4191	
177	178	
178	177	
3824	3842	
3842	3824	
1311	2036	
2036	1311	
2054	2119	
2119	2054	
2737	3193	
3193	2737	
640	641	
641	640	
1772	2052	
2052	1772	
3839	3923	
3923	3839	
633	634	
634	633	
1338	1831	
1831	1338	
4090	4160	
4160	4090	
3359	3725	
3725	3359	
4209	4308	
4308	4209	
429	470	
470	429	
1160	1956	
1956	1160	
3982	4067	
4067	3982	
2560	2882	
2882	2560	
4480	4485	
4485	4480	
1605	2043	
2043	1605	
970	996	
996	970	
3903	3927	
3927	3903	
4523	4545	
4545	4523	
1032	1052	
1052	1032	
4209	4312	
4312	4209	
652	653	
653	652	
482	489	
489	482	
2223	2383	
2383	2223	
2249	2253	
2253	2249	
3990	4025	
4025	3990	
795	808	
808	795	
260	369	
369	260	
1893	1917	
1917	1893	
3350	3701	
3701	3350	
2967	3011	
3011	2967	
4721	4755	
4755	4721	
257	259	
259	257	
2522	2807	
2807	2522	
4675	4799	
4799	4675	
4299	4318	
4318	4299	
3289	3291	
3291	3289	
1633	1964	
1964	1633	
656	658	
658	656	
80	989	
989	80	
4717	4720	
4720	4717	
1219	1912	
1912	1219	
2586	2911	
2911	2586	
4554	4701	
4701	4554	
1499	1994	
1994	1499	
2671	3026	
3026	2671	
3406	3410	
3410	3406	
1691	1918	
1918	1691	
1080	1559	
1559	1080	
3445	3448	
3448	3445	
1096	1285	
1285	1096	
1041	1042	
1042	1041	
754	803	
803	754	
1070	1371	
1371	1070	
258	306	
306	258	
535	559	
559	535	
953	1030	
1030	953	
2537	2841	
2841	2537	
2601	2936	
2936	2601	
279	280	
280	279	
4098	4282	
4282	4098	
3124	3128	
3128	3124	
4788	4792	
4792	4788	
1496	2010	
2010	1496	
857	902	
902	857	
3297	3333	
3333	3297	
1411	1412	
1412	1411	
1418	1828	
1828	1418	
4073	4076	
4076	4073	
2797	3175	
3175	2797	
2589	3251	
3251	2589	
3981	3983	
3983	3981	
41	167	
167	41	
1775	1950	
1950	1775	
2478	2810	
2810	2478	
2289	2341	
2341	2289	
216	225	
225	216	
3949	3950	
3950	3949	
1153	1730	
1730	1153	
1071	2028	
2028	1071	
4513	4514	
4514	4513	
3812	3843	
3843	3812	
747	780	
780	747	
1368	1369	
1369	1368	
4851	4892	
4892	4851	
4783	4784	
4784	4783	
1324	1365	
1365	1324	
2652	2795	
2795	2652	
825	844	
844	825	
2607	2733	
2733	2607	
119	148	
148	119	
252	253	
253	252	
2711	3220	
3220	2711	
1358	1765	
1765	1358	
2554	2871	
2871	2554	
3383	3562	
3562	3383	
2725	2726	
2726	2725	
3959	3979	
3979	3959	
4099	4110	
4110	4099	
1584	1951	
1951	1584	
709	710	
710	709	
3401	3686	
3686	3401	
4041	4066	
4066	4041	
690	691	
691	690	
742	779	
779	742	
3065	3202	
3202	3065	
4518	4691	
4691	4518	
4526	4804	
4804	4526	
3363	3475	
3475	3363	
806	807	
807	806	
1400	1401	
1401	1400	
1077	1224	
1224	1077	
1381	1382	
1382	1381	
1499	1500	
1500	1499	
1362	1371	
1371	1362	
1089	1556	
1556	1089	
2924	2925	
2925	2924	
4376	4384	
4384	4376	
3015	3016	
3016	3015	
2265	2306	
2306	2265	
1940	2027	
2027	1940	
2431	2816	
2816	2431	
198	200	
200	198	
4566	4763	
4763	4566	
4048	4049	
4049	4048	
2489	2521	
2521	2489	
3413	3684	
3684	3413	
992	998	
998	992	
308	323	
323	308	
3337	3429	
3429	3337	
1104	1753	
1753	1104	
4092	4116	
4116	4092	
2391	2394	
2394	2391	
4192	4193	
4193	4192	
276	351	
351	276	
2690	2691	
2691	2690	
3394	3709	
3709	3394	
135	236	
236	135	
960	965	
965	960	
1430	1974	
1974	1430	
1223	1524	
1524	1223	
505	551	
551	505	
2547	2548	
2548	2547	
2814	2977	
2977	2814	
2574	2906	
2906	2574	
4022	4034	
4034	4022	
4137	4238	
4238	4137	
2651	3114	
3114	2651	
3050	3098	
3098	3050	
2962	2963	
2963	2962	
1151	1530	
1530	1151	
2446	3206	
3206	2446	
4451	4454	
4454	4451	
3404	3456	
3456	3404	
3275	3276	
3276	3275	
315	316	
316	315	
1405	1406	
1406	1405	
3407	3410	
3410	3407	
1174	1184	
1184	1174	
3443	3740	
3740	3443	
2501	2502	
2502	2501	
2384	2418	
2418	2384	
2548	3055	
3055	2548	
2978	3191	
3191	2978	
1018	1022	
1022	1018	
1635	1667	
1667	1635	
1149	1696	
1696	1149	
383	445	
445	383	
4917	4922	
4922	4917	
3412	3626	
3626	3412	
1876	2141	
2141	1876	
4488	4562	
4562	4488	
424	444	
444	424	
3442	3614	
3614	3442	
3508	3513	
3513	3508	
1564	1569	
1569	1564	
3953	3983	
3983	3953	
3350	3700	
3700	3350	
984	1050	
1050	984	
1381	1397	
1397	1381	
2700	3268	
3268	2700	
3986	4078	
4078	3986	
2428	2586	
2586	2428	
2811	2971	
2971	2811	
2287	2334	
2334	2287	
665	666	
666	665	
2449	2687	
2687	2449	
282	313	
313	282	
4733	4757	
4757	4733	
2799	2946	
2946	2799	
1271	1634	
1634	1271	
3307	3470	
3470	3307	
3351	3598	
3598	3351	
4493	4797	
4797	4493	
3122	3249	
3249	3122	
432	436	
436	432	
2474	2477	
2477	2474	
3305	3468	
3468	3305	
2951	2997	
2997	2951	
2998	3230	
3230	2998	
3775	3792	
3792	3775	
4496	4767	
4767	4496	
1	3587	
3587	1	
342	355	
355	342	
1356	2007	
2007	1356	
2676	2677	
2677	2676	
2724	2838	
2838	2724	
2421	2422	
2422	2421	
1101	2139	
2139	1101	
3802	3804	
3804	3802	
2038	2078	
2078	2038	
3948	3978	
3978	3948	
1661	1820	
1820	1661	
2983	3235	
3235	2983	
1255	1570	
1570	1255	
4861	4867	
4867	4861	
731	732	
732	731	
4119	4163	
4163	4119	
2604	2955	
2955	2604	
3966	4063	
4063	3966	
116	117	
117	116	
1371	1445	
1445	1371	
3316	3317	
3317	3316	
2799	2947	
2947	2799	
4094	4152	
4152	4094	
332	355	
355	332	
1239	1329	
1329	1239	
4469	4626	
4626	4469	
1107	1267	
1267	1107	
4498	4500	
4500	4498	
137	223	
223	137	
4504	4589	
4589	4504	
3952	4040	
4040	3952	
737	738	
738	737	
2727	3009	
3009	2727	
3871	3916	
3916	3871	
686	687	
687	686	
1597	1598	
1598	1597	
2294	2332	
2332	2294	
4339	4340	
4340	4339	
3315	3355	
3355	3315	
4834	4847	
4847	4834	
740	748	
748	740	
105	184	
184	105	
1566	1567	
1567	1566	
1871	1873	
1873	1871	
575	660	
660	575	
4873	4891	
4891	4873	
2056	2084	
2084	2056	
2504	2782	
2782	2504	
1087	1624	
1624	1087	
3866	3906	
3906	3866	
4336	4373	
4373	4336	
3468	3479	
3479	3468	
3863	3907	
3907	3863	
1664	2163	
2163	1664	
3728	3729	
3729	3728	
1166	1168	
1168	1166	
764	820	
820	764	
266	267	
267	266	
4829	4866	
4866	4829	
2413	2414	
2414	2413	
4149	4326	
4326	4149	
2846	2862	
2862	2846	
4718	4737	
4737	4718	
1298	1532	
1532	1298	
1394	1515	
1515	1394	
43	94	
94	43	
3834	3879	
3879	3834	
4495	4659	
4659	4495	
3996	3997	
3997	3996	
843	863	
863	843	
2549	2855	
2855	2549	
944	1028	
1028	944	
2614	2617	
2617	2614	
2641	3208	
3208	2641	
4721	4751	
4751	4721	
2943	2980	
2980	2943	
2952	3035	
3035	2952	
1173	1486	
1486	1173	
2601	3049	
3049	2601	
2182	2197	
2197	2182	
2509	2511	
2511	2509	
3400	3609	
3609	3400	
463	467	
467	463	
2241	2242	
2242	2241	
3306	3467	
3467	3306	
609	611	
611	609	
3451	3615	
3615	3451	
26	203	
203	26	
1102	1573	
1573	1102	
1384	1895	
1895	1384	
3822	3823	
3823	3822	
2285	2286	
2286	2285	
2559	3242	
3242	2559	
2550	2853	
2853	2550	
1321	2156	
2156	1321	
1161	1501	
1501	1161	
2239	2285	
2285	2239	
2575	2904	
2904	2575	
3768	3943	
3943	3768	
1741	1743	
1743	1741	
2327	2420	
2420	2327	
2609	2963	
2963	2609	
4707	4713	
4713	4707	
416	444	
444	416	
4374	4384	
4384	4374	
1090	1630	
1630	1090	
2633	3187	
3187	2633	
138	140	
140	138	
1213	1346	
1346	1213	
2643	3212	
3212	2643	
1175	1467	
1467	1175	
3398	3625	
3625	3398	
890	902	
902	890	
1114	1932	
1932	1114	
2535	2536	
2536	2535	
2004	2075	
2075	2004	
4301	4302	
4302	4301	
260	382	
382	260	
3543	4862	
4862	3543	
956	957	
957	956	
4133	4211	
4211	4133	
2702	3067	
3067	2702	
1932	1944	
1944	1932	
4291	4294	
4294	4291	
3059	3129	
3129	3059	
855	856	
856	855	
1716	1889	
1889	1716	
2290	2368	
2368	2290	
912	918	
918	912	
749	752	
752	749	
2563	3147	
3147	2563	
3694	3695	
3695	3694	
831	905	
905	831	
1660	1827	
1827	1660	
1499	1995	
1995	1499	
1380	1506	
1506	1380	
1305	1306	
1306	1305	
14	147	
147	14	
4482	4590	
4590	4482	
724	725	
725	724	
588	597	
597	588	
1894	1936	
1936	1894	
3504	3696	
3696	3504	
2826	3017	
3017	2826	
526	532	
532	526	
3979	3980	
3980	3979	
4672	4676	
4676	4672	
1628	1809	
1809	1628	
1658	1771	
1771	1658	
11	94	
94	11	
759	778	
778	759	
2840	3025	
3025	2840	
2216	2387	
2387	2216	
1473	1530	
1530	1473	
758	823	
823	758	
526	527	
527	526	
2355	2387	
2387	2355	
2773	3002	
3002	2773	
317	1119	
1119	317	
3758	3759	
3759	3758	
1133	1242	
1242	1133	
2519	2558	
2558	2519	
2620	2978	
2978	2620	
1439	1516	
1516	1439	
4170	4171	
4171	4170	
696	697	
697	696	
670	704	
704	670	
4539	4763	
4763	4539	
2460	2461	
2461	2460	
4224	4272	
4272	4224	
2572	2898	
2898	2572	
4830	4831	
4831	4830	
336	337	
337	336	
1447	2195	
2195	1447	
1342	1364	
1364	1342	
3323	3331	
3331	3323	
4516	4517	
4517	4516	
73	231	
231	73	
3341	3529	
3529	3341	
2648	3261	
3261	2648	
809	822	
822	809	
750	753	
753	750	
1585	1745	
1745	1585	
1943	2030	
2030	1943	
3310	3477	
3477	3310	
2500	3271	
3271	2500	
846	900	
900	846	
1451	2118	
2118	1451	
2249	2370	
2370	2249	
607	610	
610	607	
2959	3148	
3148	2959	
4508	4636	
4636	4508	
3351	3561	
3561	3351	
3858	3859	
3859	3858	
389	437	
437	389	
1693	1907	
1907	1693	
443	464	
464	443	
575	659	
659	575	
3863	3864	
3864	3863	
420	2283	
2283	420	
1792	1793	
1793	1792	
407	408	
408	407	
503	504	
504	503	
2577	2588	
2588	2577	
3314	3435	
3435	3314	
1105	1106	
1106	1105	
3493	3500	
3500	3493	
241	242	
242	241	
2542	2997	
2997	2542	
1823	1964	
1964	1823	
850	898	
898	850	
9	205	
205	9	
4079	4080	
4080	4079	
2057	2060	
2060	2057	
2434	2698	
2698	2434	
3704	3705	
3705	3704	
4209	4311	
4311	4209	
156	189	
189	156	
4369	4392	
4392	4369	
2728	3062	
3062	2728	
3352	4582	
4582	3352	
3437	3665	
3665	3437	
548	568	
568	548	
1472	2128	
2128	1472	
4529	4767	
4767	4529	
2679	2680	
2680	2679	
1836	1952	
1952	1836	
2507	2508	
2508	2507	
1290	1409	
1409	1290	
2739	2741	
2741	2739	
1284	1474	
1474	1284	
4361	4418	
4418	4361	
847	911	
911	847	
4102	4305	
4305	4102	
1555	1841	
1841	1555	
1280	1281	
1281	1280	
1393	1404	
1404	1393	
2730	2732	
2732	2730	
2893	3245	
3245	2893	
3536	3703	
3703	3536	
3763	4199	
4199	3763	
1695	1967	
1967	1695	
3360	3730	
3730	3360	
1546	1553	
1553	1546	
1718	1955	
1955	1718	
4872	4917	
4917	4872	
1468	2188	
2188	1468	
4572	4573	
4573	4572	
4167	4168	
4168	4167	
272	274	
274	272	
619	626	
626	619	
1563	1689	
1689	1563	
1499	1877	
1877	1499	
934	936	
936	934	
1204	1253	
1253	1204	
355	356	
356	355	
4708	4752	
4752	4708	
233	234	
234	233	
2556	4317	
4317	2556	
3415	3659	
3659	3415	
3808	3894	
3894	3808	
1545	1575	
1575	1545	
1215	1216	
1216	1215	
837	853	
853	837	
3806	3807	
3807	3806	
3957	3989	
3989	3957	
2295	2405	
2405	2295	
3018	3213	
3213	3018	
511	551	
551	511	
299	362	
362	299	
4352	4401	
4401	4352	
1005	1007	
1007	1005	
558	562	
562	558	
1317	1819	
1819	1317	
4929	4938	
4938	4929	
3590	3624	
3624	3590	
3771	3825	
3825	3771	
4578	4722	
4722	4578	
4009	4046	
4046	4009	
521	828	
828	521	
4187	4203	
4203	4187	
396	399	
399	396	
3633	3683	
3683	3633	
4328	4346	
4346	4328	
1747	2183	
2183	1747	
1517	1518	
1518	1517	
1117	1436	
1436	1117	
3568	3577	
3577	3568	
2390	2395	
2395	2390	
597	598	
598	597	
4893	4894	
4894	4893	
1428	2069	
2069	1428	
2665	2799	
2799	2665	
1219	1407	
1407	1219	
3881	3916	
3916	3881	
2769	2770	
2770	2769	
1181	1735	
1735	1181	
4621	4633	
4633	4621	
2774	3003	
3003	2774	
245	247	
247	245	
4345	4406	
4406	4345	
3976	3979	
3979	3976	
4606	4703	
4703	4606	
3859	3868	
3868	3859	
1360	1950	
1950	1360	
516	520	
520	516	
530	531	
531	530	
4153	4253	
4253	4153	
1250	1501	
1501	1250	
2333	2381	
2381	2333	
29	160	
160	29	
951	971	
971	951	
2495	2762	
2762	2495	
1410	1419	
1419	1410	
594	705	
705	594	
4329	4377	
4377	4329	
1050	1051	
1051	1050	
4840	4843	
4843	4840	
2879	3117	
3117	2879	
1088	1091	
1091	1088	
4712	4728	
4728	4712	
859	883	
883	859	
4354	4410	
4410	4354	
143	151	
151	143	
3330	3705	
3705	3330	
4458	4463	
4463	4458	
3358	3727	
3727	3358	
128	129	
129	128	
3449	3710	
3710	3449	
4833	4896	
4896	4833	
1141	1142	
1142	1141	
1279	1309	
1309	1279	
4114	4149	
4149	4114	
2715	2971	
2971	2715	
1004	1028	
1028	1004	
430	469	
469	430	
412	473	
473	412	
2221	2376	
2376	2221	
295	313	
313	295	
4511	4702	
4702	4511	
1073	1313	
1313	1073	
2233	2409	
2409	2233	
2180	2181	
2181	2180	
3307	3469	
3469	3307	
2740	2766	
2766	2740	
1202	1203	
1203	1202	
1813	2011	
2011	1813	
2622	2638	
2638	2622	
348	352	
352	348	
2318	2332	
2332	2318	
953	1011	
1011	953	
1162	1241	
1241	1162	
238	318	
318	238	
2533	3112	
3112	2533	
3329	3587	
3587	3329	
2957	3263	
3263	2957	
767	771	
771	767	
36	37	
37	36	
2121	2137	
2137	2121	
4615	4654	
4654	4615	
637	671	
671	637	
3796	3799	
3799	3796	
2498	2513	
2513	2498	
506	546	
546	506	
663	664	
664	663	
4051	4052	
4052	4051	
2444	2681	
2681	2444	
4574	4594	
4594	4574	
1951	2012	
2012	1951	
2927	3163	
3163	2927	
2314	2359	
2359	2314	
1547	1548	
1548	1547	
1237	1810	
1810	1237	
624	708	
708	624	
3518	3666	
3666	3518	
3327	3713	
3713	3327	
2850	2851	
2851	2850	
3781	3870	
3870	3781	
2817	2818	
2818	2817	
4150	4202	
4202	4150	
3301	3446	
3446	3301	
1119	1429	
1429	1119	
4879	4902	
4902	4879	
1545	2040	
2040	1545	
4491	4580	
4580	4491	
2831	2836	
2836	2831	
324	325	
325	324	
564	1481	
1481	564	
1794	1796	
1796	1794	
4583	4623	
4623	4583	
1898	2088	
2088	1898	
1839	1840	
1840	1839	
743	777	
777	743	
1313	1443	
1443	1313	
1190	1845	
1845	1190	
4122	4124	
4124	4122	
924	927	
927	924	
1591	1622	
1622	1591	
471	472	
472	471	
2444	2707	
2707	2444	
3840	3843	
3843	3840	
210	211	
211	210	
3334	4759	
4759	3334	
4828	4884	
4884	4828	
2494	2760	
2760	2494	
3831	3849	
3849	3831	
1763	1880	
1880	1763	
1596	2038	
2038	1596	
3400	3534	
3534	3400	
2486	2743	
2743	2486	
2717	2720	
2720	2717	
1316	1817	
1817	1316	
3377	3480	
3480	3377	
404	405	
405	404	
4519	4597	
4597	4519	
219	224	
224	219	
3599	3719	
3719	3599	
3901	3925	
3925	3901	
579	702	
702	579	
1257	1353	
1353	1257	
535	574	
574	535	
4044	4045	
4045	4044	
85	4448	
4448	85	
4632	4743	
4743	4632	
1369	1552	
1552	1369	
3636	3637	
3637	3636	
3848	3920	
3920	3848	
981	1015	
1015	981	
585	614	
614	585	
2066	2140	
2140	2066	
968	1057	
1057	968	
835	836	
836	835	
4054	4055	
4055	4054	
1506	1514	
1514	1506	
2575	2907	
2907	2575	
4362	4363	
4363	4362	
1572	1740	
1740	1572	
4001	4030	
4030	4001	
958	1049	
1049	958	
3582	3612	
3612	3582	
3414	3551	
3551	3414	
2211	2212	
2212	2211	
3911	3918	
3918	3911	
2545	2592	
2592	2545	
1201	1309	
1309	1201	
684	685	
685	684	
2254	2281	
2281	2254	
3345	4888	
4888	3345	
4250	4265	
4265	4250	
1615	1659	
1659	1615	
678	679	
679	678	
4142	4143	
4143	4142	
2083	2084	
2084	2083	
2434	2701	
2701	2434	
2439	2682	
2682	2439	
4276	4279	
4279	4276	
923	926	
926	923	
14	17	
17	14	
413	414	
414	413	
3455	3621	
3621	3455	
310	368	
368	310	
3789	3895	
3895	3789	
4637	4642	
4642	4637	
2938	2994	
2994	2938	
2439	2639	
2639	2439	
4361	4405	
4405	4361	
2815	3142	
3142	2815	
276	286	
286	276	
4839	4903	
4903	4839	
2984	2985	
2985	2984	
2779	2839	
2839	2779	
657	658	
658	657	
2506	2777	
2777	2506	
2264	2282	
2282	2264	
1131	1308	
1308	1131	
3118	3119	
3119	3118	
1205	2086	
2086	1205	
3013	3014	
3014	3013	
262	345	
345	262	
162	163	
163	162	
383	462	
462	383	
4836	4897	
4897	4836	
954	973	
973	954	
2808	2842	
2842	2808	
1446	1447	
1447	1446	
4437	4439	
4439	4437	
1095	2071	
2071	1095	
3069	3167	
3167	3069	
2450	2719	
2719	2450	
214	499	
499	214	
1103	1143	
1143	1103	
1132	1135	
1135	1132	
1147	2063	
2063	1147	
4333	4383	
4383	4333	
2273	2275	
2275	2273	
1814	1920	
1920	1814	
3584	3585	
3585	3584	
4568	4679	
4679	4568	
1186	2050	
2050	1186	
942	946	
946	942	
4726	4756	
4756	4726	
3581	3654	
3654	3581	
2884	3058	
3058	2884	
1187	1469	
1469	1187	
2279	2361	
2361	2279	
3829	3900	
3900	3829	
4096	4106	
4106	4096	
1259	1260	
1260	1259	
4155	4258	
4258	4155	
3918	3933	
3933	3918	
1224	1594	
1594	1224	
4070	4105	
4105	4070	
564	1482	
1482	564	
1508	1876	
1876	1508	
3605	3606	
3606	3605	
1928	2003	
2003	1928	
4599	4820	
4820	4599	
4753	4754	
4754	4753	
1169	1170	
1170	1169	
1697	2031	
2031	1697	
2082	2085	
2085	2082	
291	292	
292	291	
4246	4247	
4247	4246	
4038	4080	
4080	4038	
4520	4801	
4801	4520	
3285	3286	
3286	3285	
3321	3471	
3471	3321	
2091	2190	
2190	2091	
1084	1098	
1098	1084	
4157	4229	
4229	4157	
3134	3270	
3270	3134	
4710	4724	
4724	4710	
1109	1471	
1471	1109	
848	887	
887	848	
974	1024	
1024	974	
2704	2896	
2896	2704	
1177	1178	
1178	1177	
1366	1490	
1490	1366	
1356	1558	
1558	1356	
1191	1246	
1246	1191	
2430	2595	
2595	2430	
4538	4805	
4805	4538	
1528	2126	
2126	1528	
3486	3487	
3487	3486	
2791	2923	
2923	2791	
849	908	
908	849	
74	98	
98	74	
2579	2580	
2580	2579	
4725	4754	
4754	4725	
263	4415	
4415	263	
4608	4655	
4655	4608	
833	866	
866	833	
2249	2251	
2251	2249	
1690	2097	
2097	1690	
2576	2989	
2989	2576	
3554	3651	
3651	3554	
1160	2092	
2092	1160	
81	82	
82	81	
3497	3499	
3499	3497	
1600	1922	
1922	1600	
2280	2284	
2284	2280	
29	130	
130	29	
990	994	
994	990	
2215	2357	
2357	2215	
335	373	
373	335	
388	430	
430	388	
769	772	
772	769	
3809	3921	
3921	3809	
4565	4602	
4602	4565	
474	481	
481	474	
1156	1260	
1260	1156	
1300	1301	
1301	1300	
2819	3200	
3200	2819	
1340	1540	
1540	1340	
3391	3694	
3694	3391	
1085	1086	
1086	1085	
3339	3643	
3643	3339	
1543	1611	
1611	1543	
478	492	
492	478	
58	59	
59	58	
631	632	
632	631	
1142	1874	
1874	1142	
3541	3604	
3604	3541	
4203	4262	
4262	4203	
1650	2015	
2015	1650	
2249	2252	
2252	2249	
1733	2052	
2052	1733	
4212	4305	
4305	4212	
1129	1226	
1226	1129	
4370	4392	
4392	4370	
123	140	
140	123	
278	335	
335	278	
4255	4264	
4264	4255	
2532	2612	
2612	2532	
1815	2031	
2031	1815	
1542	1938	
1938	1542	
1574	2099	
2099	1574	
242	363	
363	242	
4574	4656	
4656	4574	
1113	1116	
1116	1113	
2455	3105	
3105	2455	
1656	1897	
1897	1656	
4497	4798	
4798	4497	
2465	2716	
2716	2465	
3530	3531	
3531	3530	
3771	3772	
3772	3771	
2550	2854	
2854	2550	
1066	1901	
1901	1066	
3753	3755	
3755	3753	
4793	4794	
4794	4793	
1100	2179	
2179	1100	
1222	1254	
1254	1222	
1072	1469	
1469	1072	
418	421	
421	418	
748	751	
751	748	
1298	2158	
2158	1298	
4186	4317	
4317	4186	
831	868	
868	831	
1765	2042	
2042	1765	
1609	2148	
2148	1609	
2778	2842	
2842	2778	
4263	4264	
4264	4263	
1120	1825	
1825	1120	
3071	3201	
3201	3071	
3381	4850	
4850	3381	
2499	2538	
2538	2499	
4895	4925	
4925	4895	
2336	2374	
2374	2336	
979	1036	
1036	979	
855	860	
860	855	
845	903	
903	845	
35	69	
69	35	
1971	1991	
1991	1971	
3343	3648	
3648	3343	
1132	1493	
1493	1132	
2077	2191	
2191	2077	
3316	3620	
3620	3316	
3074	3083	
3083	3074	
3123	3128	
3128	3123	
2724	2755	
2755	2724	
1371	1539	
1539	1371	
4359	4371	
4371	4359	
4554	4666	
4666	4554	
2553	3096	
3096	2553	
2172	2192	
2192	2172	
3483	3739	
3739	3483	
2509	2510	
2510	2509	
2469	2723	
2723	2469	
3351	3673	
3673	3351	
1528	1762	
1762	1528	
2596	2934	
2934	2596	
713	714	
714	713	
4018	4037	
4037	4018	
700	702	
702	700	
4353	4412	
4412	4353	
1806	1847	
1847	1806	
3595	3727	
3727	3595	
1861	2098	
2098	1861	
3434	3564	
3564	3434	
0	451	
451	0	
1879	1993	
1993	1879	
3332	3333	
3333	3332	
3597	3693	
3693	3597	
3217	3218	
3218	3217	
2629	2986	
2986	2629	
1078	1459	
1459	1078	
3376	3432	
3432	3376	
27	166	
166	27	
3836	3918	
3918	3836	
2919	3167	
3167	2919	
2944	2945	
2945	2944	
1757	1847	
1847	1757	
941	1014	
1014	941	
4422	4424	
4424	4422	
493	4446	
4446	493	
84	4446	
4446	84	
4164	4174	
4174	4164	
33	34	
34	33	
4649	4750	
4750	4649	
2426	2655	
2655	2426	
1392	1426	
1426	1392	
1083	1503	
1503	1083	
2798	3150	
3150	2798	
1965	1966	
1966	1965	
3331	3697	
3697	3331	
2102	2127	
2127	2102	
119	175	
175	119	
78	79	
79	78	
4188	4284	
4284	4188	
1461	2124	
2124	1461	
4531	4650	
4650	4531	
3954	3966	
3966	3954	
788	789	
789	788	
2977	3203	
3203	2977	
442	466	
466	442	
4486	4550	
4550	4486	
587	669	
669	587	
543	565	
565	543	
2340	2401	
2401	2340	
3958	3999	
3999	3958	
2897	3023	
3023	2897	
1206	1359	
1359	1206	
1417	1921	
1921	1417	
1452	1541	
1541	1452	
254	329	
329	254	
939	940	
940	939	
52	111	
111	52	
1734	2051	
2051	1734	
1437	1783	
1783	1437	
1883	1954	
1954	1883	
1584	2000	
2000	1584	
677	725	
725	677	
4639	4689	
4689	4639	
2373	2397	
2397	2373	
2932	3042	
3042	2932	
1323	2098	
2098	1323	
4762	4768	
4768	4762	
3438	3527	
3527	3438	
3410	3712	
3712	3410	
2694	3022	
3022	2694	
3797	3937	
3937	3797	
1509	1510	
1510	1509	
2913	2923	
2923	2913	
1230	1402	
1402	1230	
4111	4268	
4268	4111	
264	334	
334	264	
3568	3731	
3731	3568	
1460	2144	
2144	1460	
612	640	
640	612	
1516	1925	
1925	1516	
1589	1599	
1599	1589	
4157	4228	
4228	4157	
1608	1970	
1970	1608	
3766	3801	
3801	3766	
4291	4292	
4292	4291	
4524	4659	
4659	4524	
2435	2638	
2638	2435	
2697	2881	
2881	2697	
3897	3923	
3923	3897	
4327	4410	
4410	4327	
2258	2262	
2262	2258	
2692	3180	
3180	2692	
1672	1816	
1816	1672	
1060	1062	
1062	1060	
4479	4655	
4655	4479	
1144	1222	
1222	1144	
23	4446	
4446	23	
2495	2761	
2761	2495	
1682	1929	
1929	1682	
1837	2049	
2049	1837	
2171	2192	
2192	2171	
2922	3051	
3051	2922	
2168	2190	
2190	2168	
4790	4791	
4791	4790	
2867	2976	
2976	2867	
242	366	
366	242	
4205	4218	
4218	4205	
1583	1691	
1691	1583	
817	818	
818	817	
19	20	
20	19	
3416	3417	
3417	3416	
4858	4860	
4860	4858	
1749	1822	
1822	1749	
2492	2646	
2646	2492	
4380	4416	
4416	4380	
2674	3215	
3215	2674	
4522	4554	
4554	4522	
756	787	
787	756	
4332	4402	
4402	4332	
1303	1304	
1304	1303	
536	557	
557	536	
1347	1461	
1461	1347	
51	194	
194	51	
4478	4485	
4485	4478	
3576	3578	
3578	3576	
4026	4033	
4033	4026	
2447	2457	
2457	2447	
3473	3544	
3544	3473	
4224	4274	
4274	4224	
843	861	
861	843	
3786	3857	
3857	3786	
4930	4931	
4931	4930	
540	569	
569	540	
2515	3231	
3231	2515	
3293	3488	
3488	3293	
2541	2583	
2583	2541	
1526	1926	
1926	1526	
2590	2912	
2912	2590	
2240	2366	
2366	2240	
4095	4105	
4105	4095	
2717	3158	
3158	2717	
2066	2186	
2186	2066	
2670	2795	
2795	2670	
2215	2411	
2411	2215	
1546	1888	
1888	1546	
2603	2608	
2608	2603	
4117	4118	
4118	4117	
2584	2596	
2596	2584	
3346	3709	
3709	3346	
4117	4239	
4239	4117	
2462	2463	
2463	2462	
4935	4937	
4937	4935	
1238	1532	
1532	1238	
1060	2035	
2035	1060	
4532	4596	
4596	4532	
3503	3550	
3550	3503	
1484	1485	
1485	1484	
2032	2041	
2041	2032	
168	229	
229	168	
161	196	
196	161	
3972	4005	
4005	3972	
2024	2025	
2025	2024	
2645	3240	
3240	2645	
3951	3975	
3975	3951	
3139	3156	
3156	3139	
3862	3901	
3901	3862	
3079	3116	
3116	3079	
4760	4761	
4761	4760	
1325	1881	
1881	1325	
4577	4661	
4661	4577	
841	842	
842	841	
584	680	
680	584	
1154	1197	
1197	1154	
67	70	
70	67	
4574	4595	
4595	4574	
2864	3120	
3120	2864	
4839	4904	
4904	4839	
2476	3217	
3217	2476	
4838	4890	
4890	4838	
672	674	
674	672	
743	745	
745	743	
3356	3357	
3357	3356	
2986	3107	
3107	2986	
2783	3076	
3076	2783	
2852	3276	
3276	2852	
3010	3238	
3238	3010	
2871	2877	
2877	2871	
4175	4280	
4280	4175	
438	473	
473	438	
2649	3274	
3274	2649	
4114	4320	
4320	4114	
1074	1076	
1076	1074	
984	985	
985	984	
1288	1801	
1801	1288	
2397	2399	
2399	2397	
2698	2699	
2699	2698	
4538	4806	
4806	4538	
3537	3746	
3746	3537	
698	728	
728	698	
2005	2010	
2010	2005	
1460	2095	
2095	1460	
4896	4926	
4926	4896	
2800	3222	
3222	2800	
3998	4050	
4050	3998	
1489	2139	
2139	1489	
4677	4684	
4684	4677	
3798	3940	
3940	3798	
4880	4915	
4915	4880	
1235	1902	
1902	1235	
2564	2658	
2658	2564	
1181	2164	
2164	1181	
826	4462	
4462	826	
4299	4319	
4319	4299	
1318	1319	
1319	1318	
4358	4364	
4364	4358	
1134	1531	
1531	1134	
395	2213	
2213	395	
56	152	
152	56	
3320	3547	
3547	3320	
554	555	
555	554	
2746	3081	
3081	2746	
3313	3314	
3314	3313	
3409	3411	
3411	3409	
2321	2324	
2324	2321	
1592	2048	
2048	1592	
14	16	
16	14	
2784	2785	
2785	2784	
396	397	
397	396	
2472	3216	
3216	2472	
3687	3728	
3728	3687	
3887	3890	
3890	3887	
2678	2714	
2714	2678	
991	1054	
1054	991	
1648	1807	
1807	1648	
2484	2505	
2505	2484	
1081	1560	
1560	1081	
246	371	
371	246	
3830	3832	
3832	3830	
1212	1770	
1770	1212	
2455	2709	
2709	2455	
431	433	
433	431	
4489	4610	
4610	4489	
3362	4476	
4476	3362	
1162	1641	
1641	1162	
1195	1521	
1521	1195	
4552	4627	
4627	4552	
2635	2638	
2638	2635	
1939	1940	
1940	1939	
1193	1528	
1528	1193	
2608	2790	
2790	2608	
1075	1905	
1905	1075	
2786	2787	
2787	2786	
2766	3100	
3100	2766	
1903	1990	
1990	1903	
2452	2551	
2551	2452	
1460	2081	
2081	1460	
3721	3722	
3722	3721	
4477	4832	
4832	4477	
3298	3538	
3538	3298	
4203	4236	
4236	4203	
780	784	
784	780	
2497	3172	
3172	2497	
113	3770	
3770	113	
1477	1478	
1478	1477	
3514	3701	
3701	3514	
1367	1624	
1624	1367	
694	726	
726	694	
2539	2606	
2606	2539	
4681	4771	
4771	4681	
3955	3969	
3969	3955	
2493	3224	
3224	2493	
2368	2389	
2389	2368	
1356	2120	
2120	1356	
3445	3447	
3447	3445	
1097	1379	
1379	1097	
514	4458	
4458	514	
635	636	
636	635	
2842	3195	
3195	2842	
4516	4614	
4614	4516	
66	69	
69	66	
2468	2718	
2718	2468	
2694	3029	
3029	2694	
4082	4084	
4084	4082	
2456	2458	
2458	2456	
2409	2410	
2410	2409	
782	4934	
4934	782	
1654	1752	
1752	1654	
4029	4031	
4031	4029	
654	655	
655	654	
1587	1588	
1588	1587	
3763	3946	
3946	3763	
1651	1797	
1797	1651	
1557	1846	
1846	1557	
1850	2119	
2119	1850	
4898	4899	
4899	4898	
4509	4664	
4664	4509	
103	145	
145	103	
2756	2857	
2857	2756	
327	379	
379	327	
1643	2067	
2067	1643	
1274	1450	
1450	1274	
3416	3430	
3430	3416	
1210	1536	
1536	1210	
4697	4699	
4699	4697	
4132	4156	
4156	4132	
301	302	
302	301	
4484	4688	
4688	4484	
1756	2087	
2087	1756	
1110	1111	
1111	1110	
2574	2812	
2812	2574	
2475	2591	
2591	2475	
2662	2705	
2705	2662	
883	884	
884	883	
2608	3060	
3060	2608	
2862	2863	
2863	2862	
4012	4028	
4028	4012	
3374	3431	
3431	3374	
143	202	
202	143	
4204	4287	
4287	4204	
3860	3903	
3903	3860	
4051	4053	
4053	4051	
32	174	
174	32	
49	4448	
4448	49	
1124	2021	
2021	1124	
739	763	
763	739	
776	4928	
4928	776	
353	355	
355	353	
3232	3235	
3235	3232	
249	250	
250	249	
3324	3564	
3564	3324	
262	344	
344	262	
1342	1343	
1343	1342	
1286	1535	
1535	1286	
3343	3574	
3574	3343	
858	885	
885	858	
4785	4786	
4786	4785	
3711	3713	
3713	3711	
4127	4128	
4128	4127	
1069	1497	
1497	1069	
3762	3926	
3926	3762	
3592	3662	
3662	3592	
4537	4686	
4686	4537	
1251	1420	
1420	1251	
1590	1854	
1854	1590	
1644	1909	
1909	1644	
2534	2659	
2659	2534	
3431	3610	
3610	3431	
2941	3170	
3170	2941	
4350	4351	
4351	4350	
3349	3663	
3663	3349	
758	824	
824	758	
2019	2020	
2020	2019	
3602	3719	
3719	3602	
4592	4635	
4635	4592	
3968	3969	
3969	3968	
4575	4820	
4820	4575	
882	931	
931	882	
3779	3851	
3851	3779	
1082	1750	
1750	1082	
720	727	
727	720	
4542	4799	
4799	4542	
281	334	
334	281	
3489	3545	
3545	3489	
3644	3645	
3645	3644	
3331	4603	
4603	3331	
2803	2982	
2982	2803	
4525	4686	
4686	4525	
448	449	
449	448	
3523	3623	
3623	3523	
30	140	
140	30	
1005	1009	
1009	1005	
2900	2901	
2901	2900	
2368	2377	
2377	2368	
3092	3127	
3127	3092	
3504	3732	
3732	3504	
4872	4905	
4905	4872	
948	950	
950	948	
3484	3485	
3485	3484	
4347	4402	
4402	4347	
3133	3270	
3270	3133	
3635	3721	
3721	3635	
1703	1780	
1780	1703	
4172	4218	
4218	4172	
1320	1440	
1440	1320	
3316	3366	
3366	3316	
1277	2203	
2203	1277	
4533	4547	
4547	4533	
83	218	
218	83	
4475	4559	
4559	4475	
4393	4395	
4395	4393	
1100	2176	
2176	1100	
42	181	
181	42	
2249	2412	
2412	2249	
3004	3125	
3125	3004	
1561	1819	
1819	1561	
4203	4261	
4261	4203	
54	147	
147	54	
589	692	
692	589	
3885	3904	
3904	3885	
2725	3061	
3061	2725	
4474	4867	
4867	4474	
3302	3450	
3450	3302	
1158	1905	
1905	1158	
680	682	
682	680	
543	545	
545	543	
2557	2558	
2558	2557	
1192	1330	
1330	1192	
2220	2229	
2229	2220	
3009	3264	
3264	3009	
4557	4643	
4643	4557	
672	673	
673	672	
1680	1734	
1734	1680	
645	704	
704	645	
576	582	
582	576	
2830	2835	
2835	2830	
4556	4648	
4648	4556	
106	186	
186	106	
3884	3904	
3904	3884	
3570	3601	
3601	3570	
544	566	
566	544	
386	446	
446	386	
4591	4665	
4665	4591	
3596	3597	
3597	3596	
3805	3863	
3863	3805	
1134	1610	
1610	1134	
3442	3444	
3444	3442	
1669	1670	
1670	1669	
518	520	
520	518	
3320	3546	
3546	3320	
4182	4183	
4183	4182	
4670	4827	
4827	4670	
2291	2315	
2315	2291	
95	171	
171	95	
396	400	
400	396	
1400	1852	
1852	1400	
3995	4065	
4065	3995	
2349	2350	
2350	2349	
1758	1782	
1782	1758	
4198	4199	
4199	4198	
2660	3024	
3024	2660	
3337	3628	
3628	3337	
3640	3641	
3641	3640	
5	13	
13	5	
1780	1947	
1947	1780	
2368	2369	
2369	2368	
1652	1759	
1759	1652	
785	786	
786	785	
645	646	
646	645	
1842	2079	
2079	1842	
3044	3075	
3075	3044	
4203	4256	
4256	4203	
2479	2480	
2480	2479	
3796	3934	
3934	3796	
4	88	
88	4	
2358	2371	
2371	2358	
1524	1525	
1525	1524	
4093	4285	
4285	4093	
1282	1701	
1701	1282	
2952	3265	
3265	2952	
3070	3089	
3089	3070	
3923	3924	
3924	3923	
4284	4322	
4322	4284	
3399	3565	
3565	3399	
1218	1247	
1247	1218	
667	680	
680	667	
2473	2645	
2645	2473	
1685	1786	
1786	1685	
3803	3938	
3938	3803	
502	504	
504	502	
4148	4325	
4325	4148	
1785	1910	
1910	1785	
3611	3669	
3669	3611	
2044	2045	
2045	2044	
76	185	
185	76	
1083	1295	
1295	1083	
1668	1808	
1808	1668	
1843	1981	
1981	1843	
2528	2543	
2543	2528	
2885	2887	
2887	2885	
3410	3677	
3677	3410	
4301	4303	
4303	4301	
60	154	
154	60	
1177	1387	
1387	1177	
1523	1979	
1979	1523	
2224	2350	
2350	2224	
2664	2799	
2799	2664	
2526	3234	
3234	2526	
4549	4576	
4576	4549	
1927	1977	
1977	1927	
2621	4317	
4317	2621	
2520	2533	
2533	2520	
3348	4883	
4883	3348	
2247	2256	
2256	2247	
2485	2958	
2958	2485	
4551	4586	
4586	4551	
1185	1442	
1442	1185	
4010	4036	
4036	4010	
338	339	
339	338	
592	593	
593	592	
830	4444	
4444	830	
1329	1483	
1483	1329	
1653	1742	
1742	1653	
2893	2894	
2894	2893	
1530	1533	
1533	1530	
3865	3904	
3904	3865	
18	190	
190	18	
2706	2840	
2840	2706	
719	720	
720	719	
523	525	
525	523	
51	120	
120	51	
3867	3895	
3895	3867	
3371	3621	
3621	3371	
1607	1674	
1674	1607	
1698	1982	
1982	1698	
4727	4774	
4774	4727	
4541	4816	
4816	4541	
2448	2545	
2545	2448	
1005	1008	
1008	1005	
3355	3638	
3638	3355	
321	4341	
4341	321	
651	653	
653	651	
3038	3276	
3276	3038	
425	426	
426	425	
3329	3466	
3466	3329	
2692	2972	
2972	2692	
1327	1433	
1433	1327	
3371	3516	
3516	3371	
1352	1435	
1435	1352	
4682	4683	
4683	4682	
1544	1832	
1832	1544	
1655	1897	
1897	1655	
3404	3682	
3682	3404	
1576	1593	
1593	1576	
86	110	
110	86	
3456	3457	
3457	3456	
3814	3831	
3831	3814	
1491	1984	
1984	1491	
2796	2839	
2839	2796	
2239	2313	
2313	2239	
3798	3939	
3939	3798	
2496	3017	
3017	2496	
1617	1620	
1620	1617	
1520	1521	
1521	1520	
613	614	
614	613	
3329	3558	
3558	3329	
1616	1834	
1834	1616	
4644	4652	
4652	4644	
4355	4403	
4403	4355	
157	193	
193	157	
3490	3491	
3491	3490	
252	289	
289	252	
548	549	
549	548	
1421	1422	
1422	1421	
91	4446	
4446	91	
3788	3895	
3895	3788	
1885	2047	
2047	1885	
1210	2076	
2076	1210	
2352	2388	
2388	2352	
3295	3314	
3314	3295	
4870	4880	
4880	4870	
2544	2923	
2923	2544	
2382	2419	
2419	2382	
2146	2147	
2147	2146	
2626	2627	
2627	2626	
748	805	
805	748	
1470	2112	
2112	1470	
2246	2308	
2308	2246	
3456	3458	
3458	3456	
4015	4025	
4025	4015	
2771	2772	
2772	2771	
197	201	
201	197	
1620	1700	
1700	1620	
2597	2917	
2917	2597	
2268	2271	
2271	2268	
4707	4716	
4716	4707	
615	616	
616	615	
3802	3928	
3928	3802	
4164	4219	
4219	4164	
3524	3525	
3525	3524	
4692	4694	
4694	4692	
3296	3506	
3506	3296	
4158	4231	
4231	4158	
4011	4017	
4017	4011	
2792	2916	
2916	2792	
597	601	
601	597	
2090	2134	
2134	2090	
3244	3279	
3279	3244	
2970	3132	
3132	2970	
2309	2383	
2383	2309	
3299	3440	
3440	3299	
479	480	
480	479	
3747	3748	
3748	3747	
3603	3660	
3660	3603	
1681	2037	
2037	1681	
2794	3108	
3108	2794	
1145	1491	
1491	1145	
3600	3738	
3738	3600	
3517	3520	
3520	3517	
876	894	
894	876	
2647	3255	
3255	2647	
4711	4735	
4735	4711	
3027	3048	
3048	3027	
4616	4791	
4791	4616	
1800	1807	
1807	1800	
1978	2175	
2175	1978	
25	136	
136	25	
2424	2425	
2425	2424	
3991	4003	
4003	3991	
4906	4908	
4908	4906	
3459	3465	
3465	3459	
1310	1540	
1540	1310	
1626	2003	
2003	1626	
4470	4766	
4766	4470	
2869	3136	
3136	2869	
3751	3793	
3793	3751	
2130	2153	
2153	2130	
4108	4109	
4109	4108	
680	683	
683	680	
2133	2146	
2146	2133	
4420	4421	
4421	4420	
2860	2861	
2861	2860	
552	555	
555	552	
252	376	
376	252	
4534	4618	
4618	4534	
3183	3188	
3188	3183	
4500	4501	
4501	4500	
2017	2018	
2018	2017	
2466	2717	
2717	2466	
1692	1869	
1869	1692	
4007	4049	
4049	4007	
3569	3588	
3588	3569	
4886	4888	
4888	4886	
1052	1058	
1058	1052	
4619	4637	
4637	4619	
2226	2228	
2228	2226	
2623	2979	
2979	2623	
3942	3943	
3943	3942	
4378	4415	
4415	4378	
553	555	
555	553	
1395	1396	
1396	1395	
2736	3010	
3010	2736	
375	378	
378	375	
4888	4889	
4889	4888	
1176	1504	
1504	1176	
575	730	
730	575	
2237	2238	
2238	2237	
3288	3290	
3290	3288	
3807	3844	
3844	3807	
3762	3764	
3764	3762	
3958	4016	
4016	3958	
121	122	
122	121	
4640	4641	
4641	4640	
2489	3115	
3115	2489	
629	630	
630	629	
4102	4306	
4306	4102	
2301	2372	
2372	2301	
3387	4878	
4878	3387	
4741	4747	
4747	4741	
65	68	
68	65	
2686	3003	
3003	2686	
1962	2029	
2029	1962	
4382	4397	
4397	4382	
2440	4129	
4129	2440	
1415	1416	
1416	1415	
933	1014	
1014	933	
131	139	
139	131	
2305	2310	
2310	2305	
987	989	
989	987	
2343	2344	
2344	2343	
4932	4934	
4934	4932	
3322	3668	
3668	3322	
3533	3706	
3706	3533	
3185	3186	
3186	3185	
2918	2928	
2928	2918	
4555	4592	
4592	4555	
409	431	
431	409	
3619	3705	
3705	3619	
2353	2382	
2382	2353	
2263	2357	
2357	2263	
61	188	
188	61	
4901	4909	
4909	4901	
1427	1449	
1449	1427	
721	722	
722	721	
4161	4251	
4251	4161	
24	53	
53	24	
1462	1463	
1463	1462	
2255	2327	
2327	2255	
2810	3036	
3036	2810	
1868	1999	
1999	1868	
1314	1315	
1315	1314	
3020	3174	
3174	3020	
1618	1902	
1902	1618	
46	47	
47	46	
1284	1835	
1835	1284	
3071	3137	
3137	3071	
2821	2822	
2822	2821	
4473	4617	
4617	4473	
2221	2261	
2261	2221	
777	2417	
2417	777	
3328	3742	
3742	3328	
3760	3761	
3761	3760	
1326	1328	
1328	1326	
770	771	
771	770	
1217	1425	
1425	1217	
252	322	
322	252	
177	180	
180	177	
3162	3197	
3197	3162	
359	361	
361	359	
454	470	
470	454	
2878	2986	
2986	2878	
2559	3243	
3243	2559	
2202	2204	
2204	2202	
2508	2613	
2613	2508	
2571	2898	
2898	2571	
4175	4176	
4176	4175	
3988	4006	
4006	3988	
871	885	
885	871	
4331	4407	
4407	4331	
410	411	
411	410	
937	938	
938	937	
4155	4242	
4242	4155	
1777	1849	
1849	1777	
948	1048	
1048	948	
3318	4864	
4864	3318	
3495	3501	
3501	3495	
3293	3593	
3593	3293	
270	274	
274	270	
1243	1423	
1423	1243	
3564	3655	
3655	3564	
1225	1326	
1326	1225	
4564	4815	
4815	4564	
392	406	
406	392	
1465	1466	
1466	1465	
2915	2965	
2965	2915	
1378	1379	
1379	1378	
1152	1484	
1484	1152	
1147	1207	
1207	1147	
1985	2161	
2161	1985	
104	174	
174	104	
2282	2375	
2375	2282	
4404	4410	
4410	4404	
587	703	
703	587	
1608	1998	
1998	1608	
3433	3657	
3657	3433	
509	571	
571	509	
3522	3571	
3571	3522	
581	626	
626	581	
547	555	
555	547	
2644	3236	
3236	2644	
675	676	
676	675	
4081	4086	
4086	4081	
4103	4152	
4152	4103	
4154	4159	
4159	4154	
1900	1901	
1901	1900	
1683	1778	
1778	1683	
2964	3066	
3066	2964	
952	1056	
1056	952	
154	159	
159	154	
483	484	
484	483	
963	991	
991	963	
4704	4746	
4746	4704	
3358	3395	
3395	3358	
4224	4275	
4275	4224	
4209	4310	
4310	4209	
1711	1921	
1921	1711	
2483	3219	
3219	2483	
3403	3747	
3747	3403	
3005	3157	
3157	3005	
1464	1466	
1466	1464	
3767	3838	
3838	3767	
3384	3591	
3591	3384	
4710	4714	
4714	4710	
649	650	
650	649	
1118	1825	
1825	1118	
3566	3719	
3719	3566	
1289	1934	
1934	1289	
2342	4035	
4035	2342	
347	352	
352	347	
3675	3699	
3699	3675	
4129	4324	
4324	4129	
1908	2062	
2062	1908	
4098	4283	
4283	4098	
416	417	
417	416	
1108	1240	
1240	1108	
3749	3778	
3778	3749	
4604	4605	
4605	4604	
4349	4402	
4402	4349	
3009	3165	
3165	3009	
1717	2136	
2136	1717	
3308	3580	
3580	3308	
2	3583	
3583	2	
1159	1322	
1322	1159	
1123	1243	
1243	1123	
1887	2157	
2157	1887	
297	308	
308	297	
1862	2039	
2039	1862	
330	357	
357	330	
1578	1645	
1645	1578	
210	212	
212	210	
2650	3288	
3288	2650	
4540	4588	
4588	4540	
4379	4380	
4380	4379	
7	8	
8	7	
3	4930	
4930	3	
1046	1059	
1059	1046	
1747	1748	
1748	1747	
331	380	
380	331	
4029	4032	
4032	4029	
4087	4218	
4218	4087	
422	1784	
1784	422	
4100	4241	
4241	4100	
1551	1993	
1993	1551	
4487	4588	
4588	4487	
239	354	
354	239	
4111	4173	
4173	4111	
2131	2145	
2145	2131	
534	538	
538	534	
4180	4290	
4290	4180	
248	250	
250	248	
1747	2008	
2008	1747	
3818	3880	
3880	3818	
3126	3130	
3130	3126	
722	723	
723	722	
2267	2269	
2269	2267	
2838	3228	
3228	2838	
3343	3573	
3573	3343	
450	468	
468	450	
846	870	
870	846	
2610	2640	
2640	2610	
2493	3225	
3225	2493	
2992	3197	
3197	2992	
2787	3267	
3267	2787	
647	648	
648	647	
2909	2910	
2910	2909	
1999	2026	
2026	1999	
2695	2979	
2979	2695	
2255	2292	
2292	2255	
4857	4859	
4859	4857	
3882	3917	
3917	3882	
126	129	
129	126	
2074	2101	
2101	2074	
589	590	
590	589	
3332	3616	
3616	3332	
2823	2824	
2824	2823	
2378	2386	
2386	2378	
1829	2034	
2034	1829	
735	736	
736	735	
2573	2899	
2899	2573	
3319	3418	
3418	3319	
88	172	
172	88	
240	327	
327	240	
3350	3688	
3688	3350	
1033	4902	
4902	1033	
1371	1538	
1538	1371	
2704	3103	
3103	2704	
92	174	
174	92	
3303	3468	
3468	3303	
4246	4248	
4248	4246	
783	800	
800	783	
2903	2976	
2976	2903	
515	519	
519	515	
681	687	
687	681	
1856	1951	
1951	1856	
4901	4907	
4907	4901	
146	153	
153	146	
2524	2813	
2813	2524	
605	658	
658	605	
4867	4868	
4868	4867	
3006	3007	
3007	3006	
3826	3908	
3908	3826	
3947	3973	
3973	3947	
4117	4240	
4240	4117	
312	313	
313	312	
1209	1309	
1309	1209	
182	184	
184	182	
2438	2439	
2439	2438	
1855	1951	
1951	1855	
1554	1957	
1957	1554	
124	232	
232	124	
627	628	
628	627	
2328	2383	
2383	2328	
2937	2938	
2938	2937	
1859	1992	
1992	1859	
183	184	
184	183	
1710	1830	
1830	1710	
2519	2602	
2602	2519	
3419	3627	
3627	3419	
2397	2400	
2400	2397	
2488	2576	
2576	2488	
2631	2634	
2634	2631	
3173	3213	
3213	3173	
4755	4758	
4758	4755	
4057	4058	
4058	4057	
3454	4845	
4845	3454	
4680	4826	
4826	4680	
4527	4528	
4528	4527	
2988	2990	
2990	2988	
2525	2617	
2617	2525	
2801	3284	
3284	2801	
2231	2347	
2347	2231	
3992	4013	
4013	3992	
1372	1374	
1374	1372	
2106	2154	
2154	2106	
2459	2593	
2593	2459	
4088	4089	
4089	4088	
2689	3091	
3091	2689	
4332	4400	
4400	4332	
4505	4506	
4506	4505	
4182	4226	
4226	4182	
827	845	
845	827	
3308	3474	
3474	3308	
3160	3174	
3174	3160	
510	561	
561	510	
2566	2567	
2567	2566	
2815	3106	
3106	2815	
2219	2244	
2244	2219	
3182	3189	
3189	3182	
536	537	
537	536	
1467	2138	
2138	1467	
688	689	
689	688	
1640	1804	
1804	1640	
1410	1498	
1498	1410	
3967	3969	
3969	3967	
4041	4043	
4043	4041	
2745	3012	
3012	2745	
2956	3094	
3094	2956	
3509	3511	
3511	3509	
1136	1139	
1139	1136	
2442	2443	
2443	2442	
1744	1870	
1870	1744	
1513	2022	
2022	1513	
210	213	
213	210	
1389	1478	
1478	1389	
3797	3800	
3800	3797	
3954	4062	
4062	3954	
3111	3117	
3117	3111	
638	639	
639	638	
2734	2738	
2738	2734	
4927	4928	
4928	4927	
2711	3210	
3210	2711	
4237	4243	
4243	4237	
949	962	
962	949	
2809	2843	
2843	2809	
3854	3888	
3888	3854	
2748	3083	
3083	2748	
3405	3658	
3658	3405	
3426	3733	
3733	3426	
2185	2198	
2198	2185	
2928	3164	
3164	2928	
4520	4802	
4802	4520	
401	402	
402	401	
2111	2163	
2163	2111	
4210	4313	
4313	4210	
2717	4023	
4023	2717	
1753	1865	
1865	1753	
4404	4414	
4414	4404	
1791	1793	
1793	1791	
2491	2759	
2759	2491	
2874	2917	
2917	2874	
3001	3143	
3143	3001	
790	2304	
2304	790	
1571	1728	
1728	1571	
2214	2396	
2396	2214	
4468	4613	
4613	4468	
3541	3653	
3653	3541	
4912	4923	
4923	4912	
3063	3109	
3109	3063	
2217	2288	
2288	2217	
1209	1679	
1679	1209	
4398	4402	
4402	4398	
3039	3105	
3105	3039	
129	235	
235	129	
3352	3652	
3652	3352	
4137	4259	
4259	4137	
1927	2080	
2080	1927	
770	797	
797	770	
3428	3429	
3429	3428	
1208	1441	
1441	1208	
22	4445	
4445	22	
1705	1853	
1853	1705	
1229	1524	
1524	1229	
2857	3080	
3080	2857	
2926	2929	
2929	2926	
1639	1911	
1911	1639	
2743	2744	
2744	2743	
2053	2196	
2196	2053	
4145	4146	
4146	4145	
96	148	
148	96	
4126	4128	
4128	4126	
4365	4399	
4399	4365	
986	1010	
1010	986	
4512	4696	
4696	4512	
1628	1663	
1663	1628	
508	565	
565	508	
2949	2950	
2950	2949	
810	811	
811	810	
2582	2583	
2583	2582	
3423	3425	
3425	3423	
1146	1148	
1148	1146	
4834	4916	
4916	4834	
4100	4260	
4260	4100	
3436	3485	
3485	3436	
4442	4443	
4443	4442	
4558	4700	
4700	4558	
3994	4068	
4068	3994	
1549	2110	
2110	1549	
4629	4653	
4653	4629	
238	4423	
4423	238	
3661	3743	
3743	3661	
4134	4138	
4138	4134	
1721	1930	
1930	1721	
3301	3622	
3622	3301	
1614	1954	
1954	1614	
283	284	
284	283	
1385	1895	
1895	1385	
4727	4775	
4775	4727	
3791	3792	
3792	3791	
1512	2020	
2020	1512	
298	343	
343	298	
2208	2390	
2390	2208	
2886	3189	
3189	2886	
3361	4678	
4678	3361	
2522	3045	
3045	2522	
1776	1886	
1886	1776	
993	1049	
1049	993	
977	1047	
1047	977	
3032	3102	
3102	3032	
4166	4208	
4208	4166	
162	165	
165	162	
2320	2321	
2321	2320	
838	839	
839	838	
2710	3215	
3215	2710	
3389	3580	
3580	3389	
396	398	
398	396	
2445	2708	
2708	2445	
728	729	
729	728	
1659	1826	
1826	1659	
1437	1935	
1935	1437	
3439	3590	
3590	3439	
522	4120	
4120	522	
2878	3198	
3198	2878	
3033	3034	
3034	3033	
390	391	
391	390	
2266	2272	
2272	2266	
4482	4772	
4772	4482	
3373	3431	
3431	3373	
2337	2404	
2404	2337	
2647	3260	
3260	2647	
1577	1631	
1631	1577	
848	888	
888	848	
3422	3528	
3528	3422	
1177	1265	
1265	1177	
1332	1345	
1345	1332	
1666	1667	
1667	1666	
99	4459	
4459	99	
319	320	
320	319	
1299	1805	
1805	1299	
64	68	
68	64	
1171	1403	
1403	1171	
711	712	
712	711	
4181	4295	
4295	4181	
2331	2392	
2392	2331	
1604	1773	
1773	1604	
556	563	
563	556	
848	886	
886	848	
2073	2108	
2108	2073	
1729	1997	
1997	1729	
9	75	
75	9	
4874	4885	
4885	4874	
1272	1586	
1586	1272	
3421	3671	
3671	3421	
2450	3043	
3043	2450	
3467	3502	
3502	3467	
1511	1891	
1891	1511	
3815	3819	
3819	3815	
88	90	
90	88	
2487	2617	
2617	2487	
2058	2106	
2106	2058	
1637	1738	
1738	1637	
3046	3073	
3073	3046	
1492	1565	
1565	1492	
2852	3278	
3278	2852	
2427	2730	
2730	2427	
1232	1246	
1246	1232	
4394	4396	
4396	4394	
4115	4211	
4211	4115	
1220	1251	
1251	1220	
2149	2150	
2150	2149	
3964	3965	
3965	3964	
4360	4409	
4409	4360	
2105	2107	
2107	2105	
2544	2920	
2920	2544	
4560	4622	
4622	4560	
541	569	
569	541	
3861	3914	
3914	3861	
2274	2407	
2407	2274	
733	734	
734	733	
4165	4289	
4289	4165	
4103	4225	
4225	4103	
4019	4020	
4020	4019	
2201	2203	
2203	2201	
1355	1562	
1562	1355	
2694	2921	
2921	2694	
1727	1778	
1778	1727	
4539	4808	
4808	4539	
577	578	
578	577	
3970	3971	
3971	3970	
296	365	
365	296	
1370	1495	
1495	1370	
511	512	
512	511	
4091	4092	
4092	4091	
4085	4086	
4086	4085	
995	1028	
1028	995	
1030	1040	
1040	1030	
3820	3896	
3896	3820	
2529	3186	
3186	2529	
2544	2844	
2844	2544	
3893	3915	
3915	3893	
2393	2394	
2394	2393	
3311	3312	
3312	3311	
2553	2999	
2999	2553	
1671	1789	
1789	1671	
582	583	
583	582	
3367	3368	
3368	3367	
4562	4612	
4612	4562	
426	3987	
3987	426	
3072	3166	
3166	3072	
3424	3426	
3426	3424	
3408	3411	
3411	3408	
4719	4732	
4732	4719	
2870	2876	
2876	2870	
2345	2346	
2346	2345	
341	346	
346	341	
4210	4315	
4315	4210	
4189	4214	
4214	4189	
2577	3247	
3247	2577	
449	465	
465	449	
761	762	
762	761	
384	393	
393	384	
1020	1021	
1021	1020	
3540	3724	
3724	3540	
4327	4387	
4387	4327	
4863	4877	
4877	4863	
1712	1904	
1904	1712	
2089	2129	
2129	2089	
980	4855	
4855	980	
1164	2189	
2189	1164	
4761	4777	
4777	4761	
44	47	
47	44	
1772	1878	
1878	1772	
2397	2398	
2398	2397	
2225	2314	
2314	2225	
3390	3690	
3690	3390	
3576	3718	
3718	3576	
4112	4213	
4213	4112	
1606	1645	
1645	1606	
3762	3932	
3932	3762	
273	274	
274	273	
271	274	
274	271	
3396	3656	
3656	3396	
2752	3087	
3087	2752	
4453	4455	
4455	4453	
3338	3634	
3634	3338	
4193	4234	
4234	4193	
3526	3665	
3665	3526	
4681	4825	
4825	4681	
852	865	
865	852	
2993	3119	
3119	2993	
2531	2636	
2636	2531	
4158	4230	
4230	4158	
4579	4598	
4598	4579	
453	463	
463	453	
2096	2135	
2135	2096	
1636	1824	
1824	1636	
4431	4433	
4433	4431	
2227	2230	
2230	2227	
802	2207	
2207	802	
560	561	
561	560	
2433	2661	
2661	2433	
511	513	
513	511	
1194	1678	
1678	1194	
4356	4357	
4357	4356	
1694	1731	
1731	1694	
61	209	
209	61	
2654	3019	
3019	2654	
1474	1475	
1475	1474	
2754	3089	
3089	2754	
2339	2388	
2388	2339	
1061	1444	
1444	1061	
3794	3795	
3795	3794	
455	459	
459	455	
195	204	
204	195	
2259	2262	
2262	2259	
2632	3204	
3204	2632	
2293	2367	
2367	2293	
2061	2107	
2107	2061	
244	335	
335	244	
1754	1833	
1833	1754	
1012	1013	
1013	1012	
1821	1923	
1923	1821	
36	38	
38	36	
4069	4105	
4105	4069	
4101	4227	
4227	4101	
2645	3239	
3239	2645	
4609	4686	
4686	4609	
3351	3674	
3674	3351	
144	192	
192	144	
2663	2668	
2668	2663	
487	491	
491	487	
4608	4690	
4690	4608	
3878	3904	
3904	3878	
4125	4128	
4128	4125	
485	497	
497	485	
4740	4747	
4747	4740	
2872	2873	
2873	2872	
1676	1677	
1677	1676	
2500	2775	
2775	2500	
597	620	
620	597	
170	171	
171	170	
4564	4814	
4814	4564	
1506	1818	
1818	1506	
2502	3227	
3227	2502	
4492	4543	
4543	4492	
795	796	
796	795	
2801	2995	
2995	2801	
914	917	
917	914	
1136	1137	
1137	1136	
4852	4882	
4882	4852	
1016	1017	
1017	1016	
1291	1803	
1803	1291	
226	229	
229	226	
428	459	
459	428	
1293	1294	
1294	1293	
4715	4727	
4727	4715	
698	699	
699	698	
4693	4695	
4695	4693	
680	693	
693	680	
349	350	
350	349	
2470	2471	
2471	2470	
2758	3099	
3099	2758	
829	834	
834	829	
71	224	
224	71	
2094	2107	
2107	2094	
2594	2605	
2605	2594	
986	1044	
1044	986	
4731	4738	
4738	4731	
31	62	
62	31	
3549	3706	
3706	3549	
2500	2776	
2776	2500	
353	374	
374	353	
4530	4687	
4687	4530	
4389	4391	
4391	4389	
1112	1579	
1579	1112	
1653	1790	
1790	1653	
4385	4413	
4413	4385	
1198	1349	
1349	1198	
4913	4918	
4918	4913	
4107	4184	
4184	4107	
1906	1941	
1941	1906	
102	140	
140	102	
3386	3445	
3445	3386	
1621	1948	
1948	1621	
2499	3078	
3078	2499	
2644	3237	
3237	2644	
4342	4411	
4411	4342	
4136	4222	
4222	4136	
4458	4464	
4464	4458	
2552	3292	
3292	2552	
4157	4233	
4233	4157	
1587	1867	
1867	1587	
2114	2151	
2151	2114	
488	1183	
1183	488	
4491	4669	
4669	4491	
4436	4439	
4439	4436	
2437	2439	
2439	2437	
1863	1933	
1933	1863	
2209	4743	
4743	2209	
2806	3010	
3010	2806	
1344	1345	
1345	1344	
1135	1534	
1534	1135	
1647	1916	
1916	1647	
594	595	
595	594	
915	918	
918	915	
1769	1833	
1833	1769	
3436	3567	
3567	3436	
1714	1739	
1739	1714	
1200	1892	
1892	1200	
3977	3979	
3979	3977	
2697	3093	
3093	2697	
2303	2408	
2408	2303	
3974	4078	
4078	3974	
1933	2116	
2116	1933	
1386	2159	
2159	1386	
1737	1738	
1738	1737	
1350	1364	
1364	1350	
1726	1755	
1755	1726	
3905	4199	
4199	3905	
1375	1376	
1376	1375	
1973	2010	
2010	1973	
2523	2611	
2611	2523	
4007	4056	
4056	4007	
1093	2096	
2096	1093	
1687	2167	
2167	1687	
2710	3199	
3199	2710	
2205	2210	
2210	2205	
3664	3726	
3726	3664	
2245	2315	
2315	2245	
63	68	
68	63	
4607	4630	
4630	4607	
2071	2165	
2165	2071	
1092	1488	
1488	1092	
2845	2971	
2971	2845	
3097	3281	
3281	3097	
4338	4342	
4342	4338	
4910	4924	
4924	4910	
2653	3040	
3040	2653	
2243	2335	
2335	2243	
4640	4821	
4821	4640	
255	285	
285	255	
4134	4135	
4135	4134	
1261	1263	
1263	1261	
1383	1476	
1476	1383	
1519	1521	
1521	1519	
4500	4764	
4764	4500	
945	1006	
1006	945	
1206	1989	
1989	1206	
4853	4854	
4854	4853	
3890	3909	
3909	3890	
3827	3944	
3944	3827	
3294	3388	
3388	3294	
1065	1091	
1091	1065	
4195	4257	
4257	4195	
864	921	
921	864	
3810	3811	
3811	3810	
597	600	
600	597	
3984	3985	
3985	3984	
2893	3000	
3000	2893	
4190	4193	
4193	4190	
402	403	
403	402	
966	997	
997	966	
1158	1684	
1684	1158	
242	364	
364	242	
367	370	
370	367	
643	644	
644	643	
1687	1688	
1688	1687	
1188	1189	
1189	1188	
3754	3784	
3784	3754	
972	973	
973	972	
3344	3647	
3647	3344	
987	988	
988	987	
2996	3245	
3245	2996	
946	947	
947	946	
3378	3380	
3380	3378	
187	230	
230	187	
4593	4611	
4611	4593	
4098	4281	
4281	4098	
2568	2895	
2895	2568	
1164	2184	
2184	1164	
4548	4638	
4638	4548	
3355	3715	
3715	3355	
3992	4021	
4021	3992	
4207	4213	
4213	4207	
4878	4914	
4914	4878	
3594	3726	
3726	3594	
2577	3248	
3248	2577	
1580	1987	
1987	1580	
4483	4876	
4876	4483	
2563	3146	
3146	2563	
1064	1176	
1176	1064	
4291	4293	
4293	4291	
3214	3252	
3252	3214	
108	116	
116	108	
1312	1447	
1447	1312	
3979	4027	
4027	3979	
2429	2617	
2617	2429	
2356	2402	
2402	2356	
4178	4179	
4179	4178	
791	803	
803	791	
457	460	
460	457	
2546	2548	
2548	2546	
3364	4570	
4570	3364	
3874	3903	
3903	3874	
3827	3828	
3828	3827	
2796	3110	
3110	2796	
99	100	
100	99	
3037	3041	
3041	3037	
2516	2517	
2517	2516	
2939	4024	
4024	2939	
1603	1686	
1686	1603	
3780	3790	
3790	3780	
2674	2890	
2890	2674	
4455	4456	
4456	4455	
4657	4687	
4687	4657	
3756	3757	
3757	3756	
141	142	
142	141	
2675	2914	
2914	2675	
4691	4781	
4781	4691	
827	877	
877	827	
4472	4671	
4671	4472	
2832	2833	
2833	2832	
3813	3838	
3838	3813	
3505	3506	
3506	3505	
978	1005	
1005	978	
2692	3262	
3262	2692	
4841	4887	
4887	4841	
2159	2170	
2170	2159	
2512	3229	
3229	2512	
3498	3515	
3515	3498	
2647	3259	
3259	2647	
402	439	
439	402	
495	496	
496	495	
2234	2360	
2360	2234	
3817	3889	
3889	3817	
1644	1751	
1751	1644	
206	207	
207	206	
2618	2974	
2974	2618	
3930	3931	
3931	3930	
2735	2827	
2827	2735	
2587	2588	
2588	2587	
1946	2033	
2033	1946	
2656	2669	
2669	2656	
2104	2109	
2109	2104	
3375	3431	
3431	3375	
3707	3708	
3708	3707	
4123	4124	
4124	4123	
3453	3646	
3646	3453	
4835	4836	
4836	4835	
107	178	
178	107	
2540	2828	
2828	2540	
869	895	
895	869	
4798	4822	
4822	4798	
517	520	
520	517	
3630	3631	
3631	3630	
1842	2122	
2122	1842	
1	3586	
3586	1	
3629	3741	
3741	3629	
3310	3478	
3478	3310	
1130	1830	
1830	1130	
3957	4008	
4008	3957	
3891	3902	
3902	3891	
3607	3736	
3736	3607	
4510	4626	
4626	4510	
2721	2723	
2723	2721	
288	290	
290	288	
1646	1864	
1864	1646	
4471	4590	
4590	4471	
2450	2451	
2451	2450	
4224	4270	
4270	4224	
3876	3877	
3877	3876	
694	695	
695	694	
1689	1857	
1857	1689	
116	118	
118	116	
3777	3797	
3797	3777	
2516	2518	
2518	2516	
949	1043	
1043	949	
1623	2014	
2014	1623	
4177	4179	
4179	4177	
3171	3286	
3286	3171	
1275	1307	
1307	1275	
4685	4771	
4771	4685	
1761	1999	
1999	1761	
3913	3922	
3922	3913	
3548	3612	
3612	3548	
1673	1687	
1687	1673	
3299	3441	
3441	3299	
386	387	
387	386	
4140	4143	
4143	4140	
2715	3057	
3057	2715	
458	461	
461	458	
967	968	
968	967	
815	816	
816	815	
1105	1179	
1179	1105	
2646	3254	
3254	2646	
4197	4199	
4199	4197	
179	199	
199	179	
4816	4817	
4817	4816	
2800	3151	
3151	2800	
4087	4267	
4267	4087	
2757	2889	
2889	2757	
617	618	
618	617	
4345	4419	
4419	4345	
4782	4827	
4827	4782	
1236	1237	
1237	1236	
1828	2006	
2006	1828	
3493	3496	
3496	3493	
2672	2673	
2673	2672	
2694	3021	
3021	2694	
819	4940	
4940	819	
1715	1961	
1961	1715	
2767	2768	
2768	2767	
4518	4778	
4778	4518	
36	39	
39	36	
3545	3617	
3617	3545	
2842	2940	
2940	2842	
3535	3717	
3717	3535	
4073	4075	
4075	4073	
3480	3481	
3481	3480	
1858	2023	
2023	1858	
3555	3609	
3609	3555	
2804	2805	
2805	2804	
748	775	
775	748	
4077	4078	
4078	4077	
1224	2194	
2194	1224	
1671	2013	
2013	1671	
4634	4683	
4683	4634	
1388	1399	
1399	1388	
3641	3678	
3678	3641	
4201	4221	
4221	4201	
892	896	
896	892	
3667	3745	
3745	3667	
486	494	
494	486	
2615	2616	
2616	2615	
393	447	
447	393	
2991	3196	
3196	2991	
220	221	
221	220	
4144	4146	
4146	4144	
899	930	
930	899	
1522	1844	
1844	1522	
440	441	
441	440	
1390	1425	
1425	1390	
3769	3770	
3770	3769	
4334	4335	
4335	4334	
3846	3847	
3847	3846	
2914	3280	
3280	2914	
1510	1980	
1980	1510	
1454	1457	
1457	1454	
3539	3654	
3654	3539	
2293	2348	
2348	2293	
848	889	
889	848	
2979	3054	
3054	2979	
303	316	
316	303	
3809	3945	
3945	3809	
933	1053	
1053	933	
3325	3572	
3572	3325	
2727	3287	
3287	2727	
848	879	
879	848	
413	415	
415	413	
586	587	
587	586	
1601	1972	
1972	1601	
1702	2003	
2003	1702	
1224	1262	
1262	1224	
1130	1942	
1942	1130	
112	215	
215	112	
3174	3194	
3194	3174	
3317	3392	
3392	3317	
78	109	
109	78	
1221	1292	
1292	1221	
1029	1030	
1030	1029	
840	2351	
2351	840	
608	609	
609	608	
1264	1799	
1799	1264	
4585	4587	
4587	4585	
1704	1724	
1724	1704	
357	377	
377	357	
1725	1945	
1945	1725	
2423	4563	
4563	2423	
4620	4776	
4776	4620	
4730	4748	
4748	4730	
4600	4624	
4624	4600	
2696	2703	
2703	2696	
2326	2329	
2329	2326	
580	720	
720	580	
2479	2481	
2481	2479	
4458	4465	
4465	4458	
3463	3464	
3464	3463	
2849	2851	
2851	2849	
874	897	
897	874	
1547	1595	
1595	1547	
4551	4584	
4584	4551	
893	894	
894	893	
4840	4842	
4842	4840	
2728	3207	
3207	2728	
4880	4900	
4900	4880	
1766	1767	
1767	1766	
623	624	
624	623	
768	772	
772	768	
1001	1002	
1002	1001	
4539	4809	
4809	4539	
4141	4143	
4143	4141	
4427	4443	
4443	4427	
2232	2405	
2405	2232	
1438	1811	
1811	1438	
2647	3256	
3256	2647	
4100	4244	
4244	4100	
3833	3919	
3919	3833	
4500	4765	
4765	4500	
4658	4660	
4660	4658	
715	716	
716	715	
994	999	
999	994	
1582	1764	
1764	1582	
4127	4252	
4252	4127	
2741	2742	
2742	2741	
1419	1963	
1963	1419	
831	920	
920	831	
4030	4039	
4039	4030	
2093	2142	
2142	2093	
4434	4435	
4435	4434	
1431	1433	
1433	1431	
4780	4824	
4824	4780	
1030	1038	
1038	1030	
1302	1398	
1398	1302	
4494	4702	
4702	4494	
1723	1975	
1975	1723	
304	305	
305	304	
621	622	
622	621	
3837	3895	
3895	3837	
604	606	
606	604	
293	298	
298	293	
3205	3277	
3277	3205	
922	926	
926	922	
1708	1795	
1795	1708	
964	1025	
1025	964	
971	1037	
1037	971	
4160	4269	
4269	4160	
427	1125	
1125	427	
1150	1283	
1283	1150	
2753	3088	
3088	2753	
4129	4323	
4323	4129	
2316	2317	
2317	2316	
1258	1488	
1488	1258	
4739	4742	
4742	4739	
1812	1851	
1851	1812	
1530	2173	
2173	1530	
4526	4803	
4803	4526	
1357	2139	
2139	1357	
476	477	
477	476	
3689	3698	
3698	3689	
2793	3012	
3012	2793	
3575	3589	
3589	3575	
831	910	
910	831	
1439	1884	
1884	1439	
4538	4807	
4807	4538	
2881	3190	
3190	2881	
3397	3656	
3656	3397	
1560	1781	
1781	1560	
6	8	
8	6	
353	4425	
4425	353	
913	917	
917	913	
2886	2888	
2888	2886	
2296	2298	
2298	2296	
603	604	
604	603	
3521	3557	
3557	3521	
3691	3692	
3692	3691	
294	300	
300	294	
4059	4061	
4061	4059	
2578	2586	
2586	2578	
500	501	
501	500	
1128	1401	
1401	1128	
4165	4288	
4288	4165	
2751	3086	
3086	2751	
303	307	
307	303	
1351	2017	
2017	1351	
12	13	
13	12	
2102	2155	
2155	2102	
428	452	
452	428	
3763	3765	
3765	3763	
4609	4773	
4773	4609	
2891	2942	
2942	2891	
311	345	
345	311	
2307	2330	
2330	2307	
4072	4073	
4073	4072	
2847	2932	
2932	2847	
3144	3246	
3246	3144	
2931	3047	
3047	2931	
236	237	
237	236	
277	314	
314	277	
1574	2115	
2115	1574	
1494	1988	
1988	1494	
2939	3169	
3169	2939	
2046	2047	
2047	2046	
1214	1774	
1774	1214	
1649	2068	
2068	1649	
3869	3870	
3870	3869	
3372	4878	
4878	3372	
4460	4461	
4461	4460	
3145	3180	
3180	3145	
4846	4848	
4848	4846	
3209	3269	
3269	3209	
1527	2193	
2193	1527	
1554	1720	
1720	1554	
1779	1848	
1848	1779	
3563	3564	
3564	3563	
4204	4286	
4286	4204	
13	15	
15	13	
1342	1860	
1860	1342	
4792	4795	
4795	4792	
2415	2416	
2416	2415	
3815	3821	
3821	3815	
28	98	
98	28	
3850	3851	
3851	3850	
798	799	
799	798	
509	572	
572	509	
243	355	
355	243	
925	927	
927	925	
1172	2180	
2180	1172	
4186	4300	
4300	4186	
2206	2382	
2382	2206	
2132	2145	
2145	2132	
2378	2379	
2379	2378	
3720	3737	
3737	3720	
268	269	
269	268	
2065	2097	
2097	2065	
2625	2627	
2627	2625	
265	308	
308	265	
4481	4655	
4655	4481	
4536	4631	
4631	4536	
2064	2125	
2125	2064	
800	801	
801	800	
576	625	
625	576	
2297	2298	
2298	2297	
3184	3187	
3187	3184	
4130	4131	
4131	4130	
4697	4818	
4818	4697	
2159	2169	
2169	2159	
124	173	
173	124	
1030	1039	
1039	1030	
1579	1657	
1657	1579	
3281	3282	
3282	3281	
2299	2300	
2300	2299	
4520	4800	
4800	4520	
2987	3122	
3122	2987	
1163	1299	
1299	1163	
3382	3740	
3740	3382	
3317	3393	
3393	3317	
1287	1289	
1289	1287	
589	591	
591	589	
4158	4232	
4232	4158	
4564	4813	
4813	4564	
3476	3710	
3710	3476	
4202	4304	
4304	4202	
2321	2323	
2323	2321	
3762	3935	
3935	3762	
1026	1027	
1027	1026	
1675	1706	
1706	1675	
2981	3003	
3003	2981	
4561	4811	
4811	4561	
760	814	
814	760	
3834	3835	
3835	3834	
1249	1256	
1256	1249	
3966	4064	
4064	3966	
1872	2129	
2129	1872	
4755	4812	
4812	4755	
2684	2813	
2813	2684	
93	94	
94	93	
2825	3177	
3177	2825	
2874	2875	
2875	2874	
2624	2980	
2980	2624	
3461	3462	
3462	3461	
2542	3068	
3068	2542	
360	381	
381	360	
2236	2238	
2238	2236	
2474	2642	
2642	2474	
1550	1931	
1931	1550	
1266	1267	
1267	1266	
2807	3168	
3168	2807	
1000	1026	
1026	1000	
1068	1419	
1419	1068	
2647	3258	
3258	2647	
1665	1915	
1915	1665	
4540	4789	
4789	4540	
2575	3154	
3154	2575	
4819	4820	
4820	4819	
45	47	
47	45	
4147	4151	
4151	4147	
3773	3795	
3795	3773	
1121	1122	
1122	1121	
4841	4844	
4844	4841	
2467	2717	
2717	2467	
2936	3241	
3241	2936	
4450	4462	
4462	4450	
32	155	
155	32	
274	275	
275	274	
2457	2930	
2930	2457	
3340	3342	
3342	3340	
765	766	
766	765	
717	718	
718	717	
4195	4254	
4254	4195	
2376	2403	
2403	2376	
125	208	
208	125	
57	98	
98	57	
2548	2848	
2848	2548	
327	328	
328	327	
1353	1354	
1354	1353	
4705	4745	
4745	4705	
661	662	
662	661	
4103	4104	
4104	4103	
524	528	
528	524	
153	158	
158	153	
3553	3675	
3675	3553	
4619	4625	
4625	4619	
668	718	
718	668	
3354	3355	
3355	3354	
594	596	
596	594	
4203	4235	
4235	4203	
4427	4429	
4429	4427	
4305	4307	
4307	4305	
1270	1271	
1271	1270	
3121	3161	
3161	3121	
3369	4875	
4875	3369	
981	982	
982	981	
2071	2166	
2166	2071	
701	702	
702	701	
4663	4664	
4664	4663	
3495	3735	
3735	3495	
706	707	
707	706	
4458	4466	
4466	4458	
3304	3468	
3468	3304	
2656	3155	
3155	2656	
3005	3056	
3056	3005	
3411	3519	
3519	3411	
1795	1976	
1976	1795	
774	781	
781	774	
1566	1568	
1568	1566	
3993	4033	
4033	3993	
1336	1337	
1337	1336	
567	568	
568	567	
3335	3336	
3336	3335	
3321	3632	
3632	3321	
1389	1632	
1632	1389	
1502	1999	
1999	1502	
2321	2322	
2322	2321	
4157	4223	
4223	4157	
4390	4391	
4391	4390	
3670	3702	
3702	3670	
2479	2555	
2555	2479	
3031	3101	
3101	3031	
4181	4298	
4298	4181	
849	907	
907	849	
2666	2788	
2788	2666	
1681	1875	
1875	1681	
831	932	
932	831	
4544	4579	
4579	4544	
2939	3223	
3223	2939	
4181	4297	
4297	4181	
1078	1079	
1079	1078	
1699	1776	
1776	1699	
955	983	
983	955	
2302	2354	
2354	2302	
2177	2178	
2178	2177	
2868	3135	
3135	2868	
3028	3122	
3122	3028	
831	906	
906	831	
4502	4503	
4503	4502	
3370	3523	
3523	3370	
2733	3064	
3064	2733	
256	259	
259	256	
2174	2175	
2175	2174	
959	1006	
1006	959	
1768	1840	
1840	1768	
4779	4780	
4780	4779	
2598	2599	
2599	2598	
3816	3817	
3817	3816	
2600	2933	
2933	2600	
2729	2731	
2731	2729	
2199	2200	
2200	2199	
4878	4920	
4920	4878	
1448	1461	
1461	1448	
3899	3900	
3900	3899	
4359	4388	
4388	4359	
4224	4273	
4273	4224	
2311	2346	
2346	2311	
2630	3272	
3272	2630	
1638	1930	
1930	1638	
385	386	
386	385	
901	928	
928	901	
434	435	
435	434	
1479	1480	
1480	1479	
741	744	
744	741	
2365	4859	
4859	2365	
771	773	
773	771	
2978	3192	
3192	2978	
2336	2338	
2338	2336	
916	918	
918	916	
794	804	
804	794	
3875	3892	
3892	3875	
2749	3084	
3084	2749	
163	164	
164	163	
217	218	
218	217	
744	746	
746	744	
1210	1211	
1211	1210	
1973	2009	
2009	1973	
4911	4921	
4921	4911	
4440	4441	
4441	4440	
326	4428	
4428	326	
4097	4245	
4245	4097	
2439	2683	
2683	2439	
803	821	
821	803	
4083	4084	
4084	4083	
813	1228	
1228	813	
1613	1847	
1847	1613	
2480	2482	
2482	2480	
2495	2763	
2763	2495	
2974	2975	
2975	2974	
3355	3714	
3714	3355	
3559	3579	
3579	3559	
3141	3284	
3284	3141	
935	969	
969	935	
3883	3910	
3910	3883	
272	372	
372	272	
2570	2896	
2896	2570	
2688	3090	
3090	2688	
2380	2388	
2388	2380	
1802	2001	
2001	1802	
642	658	
658	642	
4210	4316	
4316	4210	
2070	2101	
2101	2070	
3786	3886	
3886	3786	
3152	3250	
3250	3152	
3552	3692	
3692	3552	
132	4461	
4461	132	
1788	1959	
1959	1788	
127	129	
129	127	
287	351	
351	287	
4449	4462	
4462	4449	
1248	1913	
1913	1248	
1269	1373	
1373	1269	
1206	1866	
1866	1206	
812	1227	
1227	812	
4647	4674	
4674	4647	
4867	4869	
4869	4867	
792	793	
793	792	
4195	4266	
4266	4195	
2502	3226	
3226	2502	
4936	4938	
4938	4936	
3798	3941	
3941	3798	
851	854	
854	851	
2915	3138	
3138	2915	
849	909	
909	849	
2649	3273	
3273	2649	
1581	1582	
1582	1581	
4546	4700	
4700	4546	
3452	3497	
3497	3452	
4073	4074	
4074	4073	
1958	2038	
2038	1958	
332	333	
333	332	
3482	3536	
3536	3482	
1233	1234	
1234	1233	
2575	2581	
2581	2575	
2575	2905	
2905	2575	
1231	1488	
1488	1231	
3613	3662	
3662	3613	
2578	2902	
2902	2578	
4469	4796	
4796	4469	
4438	4439	
4439	4438	
3310	3460	
3460	3310	
4499	4674	
4674	4499	
1414	1416	
1416	1414	
3365	3716	
3716	3365	
4194	4218	
4218	4194	
2453	2454	
2454	2453	
1787	1896	
1896	1787	
2503	2611	
2611	2503	
2362	2363	
2363	2362	
1273	1361	
1361	1273	
1996	2049	
2049	1996	
1619	1882	
1882	1619	
4004	4036	
4036	4004	
4908	4919	
4919	4908	
2441	2443	
2443	2441	
4330	4401	
4401	4330	
2750	3085	
3085	2750	
2658	2667	
2667	2658	
2564	2892	
2892	2564	
755	757	
757	755	
1838	2099	
2099	1838	
1719	1849	
1849	1719	
10	50	
50	10	
2152	2162	
2162	2152	
4167	4169	
4169	4167	
3618	3649	
3649	3618	
3898	3918	
3918	3898	
2542	3112	
3112	2542	
490	2543	
2543	490	
2488	2489	
2489	2488	
4832	4837	
4837	4832	
1706	2007	
2007	1706	
2787	2977	
2977	2787	
3072	3081	
3081	3072	
2212	2282	
2282	2212	
873	930	
930	873	
3324	3342	
3342	3324	
2584	2908	
2908	2584	
2851	2852	
2852	2851	
951	978	
978	951	
3796	3876	
3876	3796	
3512	3564	
3564	3512	
3826	3863	
3863	3826	
748	750	
750	748	
1471	2173	
2173	1471	
969	1021	
1021	969	
2575	2964	
2964	2575	
1272	1626	
1626	1272	
1623	2099	
2099	1623	
4187	4218	
4218	4187	
965	966	
966	965	
763	814	
814	763	
4476	4628	
4628	4476	
285	1178	
1178	285	
3363	4509	
4509	3363	
1156	1221	
1221	1156	
485	489	
489	485	
490	2542	
2542	490	
2585	2674	
2674	2585	
4455	4458	
4458	4455	
658	738	
738	658	
539	542	
542	539	
1953	2140	
2140	1953	
1554	1670	
1670	1554	
2235	2312	
2312	2235	
1850	2118	
2118	1850	
4218	4301	
4301	4218	
4163	4164	
4164	4163	
4047	4080	
4080	4047	
753	2414	
2414	753	
1090	1959	
1959	1090	
878	928	
928	878	
2382	2383	
2383	2382	
1370	1371	
1371	1370	
42	98	
98	42	
4333	4391	
4391	4333	
478	498	
498	478	
4363	4370	
4370	4363	
2760	3041	
3041	2760	
1112	1581	
1581	1112	
53	231	
231	53	
1300	1807	
1807	1300	
521	522	
522	521	
1361	1487	
1487	1361	
4024	4026	
4026	4024	
2458	2525	
2525	2458	
1530	1536	
1536	1530	
1244	1365	
1365	1244	
4767	4769	
4769	4767	
1106	1317	
1317	1106	
1151	1335	
1335	1151	
56	119	
119	56	
1658	1786	
1786	1658	
680	726	
726	680	
1162	1517	
1517	1162	
2563	2620	
2620	2563	
253	337	
337	253	
1563	1787	
1787	1563	
2896	2897	
2897	2896	
1617	1700	
1700	1617	
2585	2880	
2880	2585	
4206	4207	
4207	4206	
4516	4554	
4554	4516	
3318	3473	
3473	3318	
1547	1638	
1638	1547	
2554	3187	
3187	2554	
2285	2331	
2331	2285	
1757	1909	
1909	1757	
3355	3437	
3437	3355	
2446	2559	
2559	2446	
2585	2717	
2717	2585	
3811	3864	
3864	3811	
413	464	
464	413	
2530	2792	
2792	2530	
1147	2064	
2064	1147	
4885	4886	
4886	4885	
3758	3792	
3792	3758	
1771	1899	
1899	1771	
2640	2965	
2965	2640	
1093	1094	
1094	1093	
2534	2823	
2823	2534	
3489	3737	
3737	3489	
2274	2372	
2372	2274	
4357	4407	
4407	4357	
4482	4483	
4483	4482	
4060	4065	
4065	4060	
2457	3004	
3004	2457	
1250	1289	
1289	1250	
3355	3569	
3569	3355	
1106	1249	
1249	1106	
2474	2552	
2552	2474	
1353	1859	
1859	1353	
2585	2911	
2911	2585	
4151	4215	
4215	4151	
2565	2677	
2677	2565	
4359	4383	
4383	4359	
2585	3158	
3158	2585	
504	564	
564	504	
1104	2121	
2121	1104	
1060	2002	
2002	1060	
3683	3685	
3685	3683	
780	781	
781	780	
1041	1044	
1044	1041	
3355	3716	
3716	3355	
244	361	
361	244	
4009	4079	
4079	4009	
4352	4363	
4363	4352	
2739	2740	
2740	2739	
413	452	
452	413	
1257	1258	
1258	1257	
2553	2922	
2922	2553	
1325	1326	
1326	1325	
1623	2115	
2115	1623	
1993	1995	
1995	1993	
477	480	
480	477	
3399	3675	
3675	3399	
3785	3905	
3905	3785	
2450	2717	
2717	2450	
1247	1384	
1384	1247	
2553	2871	
2871	2553	
1363	1471	
1471	1363	
740	757	
757	740	
2249	4573	
4573	2249	
2959	3121	
3121	2959	
2233	2305	
2305	2233	
4383	4395	
4395	4383	
2217	2345	
2345	2217	
1135	1451	
1451	1135	
1855	2000	
2000	1855	
850	854	
854	850	
1442	1548	
1548	1442	
4166	4214	
4214	4166	
48	106	
106	48	
1204	1488	
1488	1204	
692	738	
738	692	
2434	2524	
2524	2434	
4346	4357	
4357	4346	
4722	4723	
4723	4722	
4381	4402	
4402	4381	
