3302	3631	
3631	3302	
1032	1052	
1052	1032	
4390	4391	
4391	4390	
3780	3790	
3790	3780	
2641	3208	
3208	2641	
2585	3199	
3199	2585	
102	140	
140	102	
3329	3558	
3558	3329	
3972	4005	
4005	3972	
3320	3542	
3542	3320	
1519	1521	
1521	1519	
772	824	
824	772	
1653	2039	
2039	1653	
3338	3634	
3634	3338	
1451	1472	
1472	1451	
1280	1523	
1523	1280	
1586	1702	
1702	1586	
2576	3043	
3043	2576	
4504	4589	
4589	4504	
40	97	
97	40	
3322	4830	
4830	3322	
2254	2281	
2281	2254	
1158	1159	
1159	1158	
945	1006	
1006	945	
3356	3357	
3357	3356	
3015	3016	
3016	3015	
1147	2064	
2064	1147	
3046	3047	
3047	3046	
2039	2040	
2040	2039	
2485	2548	
2548	2485	
4878	4920	
4920	4878	
41	218	
218	41	
2248	4535	
4535	2248	
4145	4146	
4146	4145	
4393	4395	
4395	4393	
949	951	
951	949	
2309	2388	
2388	2309	
1520	1521	
1521	1520	
3803	4199	
4199	3803	
2727	2781	
2781	2727	
3878	3904	
3904	3878	
2064	2125	
2125	2064	
2879	3117	
3117	2879	
1353	1379	
1379	1353	
1928	2177	
2177	1928	
3901	3925	
3925	3901	
4473	4617	
4617	4473	
1460	2072	
2072	1460	
2490	3017	
3017	2490	
912	917	
917	912	
3687	3728	
3728	3687	
684	685	
685	684	
2340	2363	
2363	2340	
3341	3342	
3342	3341	
2665	2799	
2799	2665	
3960	4023	
4023	3960	
576	640	
640	576	
2717	2719	
2719	2717	
1577	1631	
1631	1577	
2658	2667	
2667	2658	
4657	4687	
4687	4657	
3629	3741	
3741	3629	
4044	4045	
4045	4044	
76	77	
77	76	
2622	2638	
2638	2622	
2656	3155	
3155	2656	
4160	4269	
4269	4160	
35	69	
69	35	
2434	2662	
2662	2434	
526	532	
532	526	
1391	1413	
1413	1391	
1753	1865	
1865	1753	
3214	3252	
3252	3214	
3386	3445	
3445	3386	
1962	2029	
2029	1962	
3982	4067	
4067	3982	
1591	1622	
1622	1591	
2096	2135	
2135	2096	
2880	3197	
3197	2880	
4717	4728	
4728	4717	
4426	4430	
4430	4426	
2697	3093	
3093	2697	
282	284	
284	282	
640	641	
641	640	
385	386	
386	385	
1140	1301	
1301	1140	
3097	3281	
3281	3097	
3118	3119	
3119	3118	
3887	3888	
3888	3887	
4199	4227	
4227	4199	
2180	2181	
2181	2180	
990	994	
994	990	
2444	2681	
2681	2444	
2265	2306	
2306	2265	
2488	2489	
2489	2488	
3410	3712	
3712	3410	
1084	1224	
1224	1084	
4007	4056	
4056	4007	
1929	1938	
1938	1929	
432	436	
436	432	
258	299	
299	258	
709	710	
710	709	
3304	3468	
3468	3304	
1378	1593	
1593	1378	
1361	1362	
1362	1361	
1299	1805	
1805	1299	
3905	4199	
4199	3905	
1060	1542	
1542	1060	
4250	4265	
4265	4250	
4376	4384	
4384	4376	
1550	1931	
1931	1550	
297	300	
300	297	
4458	4465	
4465	4458	
3707	3708	
3708	3707	
4899	4925	
4925	4899	
3576	3578	
3578	3576	
1511	1891	
1891	1511	
3310	3478	
3478	3310	
4516	4614	
4614	4516	
848	886	
886	848	
1356	2007	
2007	1356	
950	970	
970	950	
1933	2116	
2116	1933	
185	187	
187	185	
1085	1478	
1478	1085	
9	75	
75	9	
2054	2089	
2089	2054	
3337	3349	
3349	3337	
3358	3726	
3726	3358	
2266	2414	
2414	2266	
3018	3213	
3213	3018	
1724	1795	
1795	1724	
890	902	
902	890	
2295	2405	
2405	2295	
3072	3073	
3073	3072	
4626	4786	
4786	4626	
680	693	
693	680	
605	658	
658	605	
4640	4821	
4821	4640	
3594	3726	
3726	3594	
2589	3251	
3251	2589	
246	378	
378	246	
84	4446	
4446	84	
3358	3395	
3395	3358	
357	377	
377	357	
1074	1076	
1076	1074	
3958	4016	
4016	3958	
2530	2579	
2579	2530	
1072	1314	
1314	1072	
2815	3142	
3142	2815	
3353	3655	
3655	3353	
652	653	
653	652	
2249	2251	
2251	2249	
2569	2666	
2666	2569	
2614	2617	
2617	2614	
1251	1389	
1389	1251	
4138	4162	
4162	4138	
2513	3017	
3017	2513	
243	355	
355	243	
1185	1442	
1442	1185	
1224	1594	
1594	1224	
1114	1932	
1932	1114	
138	143	
143	138	
3839	3923	
3923	3839	
2342	2363	
2363	2342	
1212	1770	
1770	1212	
521	4448	
4448	521	
254	255	
255	254	
3347	3661	
3661	3347	
393	447	
447	393	
1078	1244	
1244	1078	
4193	4234	
4234	4193	
36	157	
157	36	
1939	1940	
1940	1939	
1458	1952	
1952	1458	
413	414	
414	413	
1199	1200	
1200	1199	
2715	3057	
3057	2715	
4604	4605	
4605	4604	
4291	4293	
4293	4291	
934	969	
969	934	
3360	4677	
4677	3360	
331	340	
340	331	
2539	2606	
2606	2539	
2450	2717	
2717	2450	
2223	2235	
2235	2223	
2644	2648	
2648	2644	
3344	3472	
3472	3344	
2492	2643	
2643	2492	
2473	2476	
2476	2473	
4299	4318	
4318	4299	
303	307	
307	303	
971	1026	
1026	971	
1415	1874	
1874	1415	
511	534	
534	511	
25	136	
136	25	
1360	1775	
1775	1360	
4336	4373	
4373	4336	
458	461	
461	458	
1129	1187	
1187	1129	
1152	1484	
1484	1152	
2697	3270	
3270	2697	
336	338	
338	336	
742	779	
779	742	
2997	3211	
3211	2997	
1046	1059	
1059	1046	
3347	3402	
3402	3347	
1066	1901	
1901	1066	
3863	3907	
3907	3863	
952	1023	
1023	952	
1358	1735	
1735	1358	
179	199	
199	179	
3773	3795	
3795	3773	
4583	4623	
4623	4583	
943	1005	
1005	943	
4646	4675	
4675	4646	
103	190	
190	103	
2466	2717	
2717	2466	
2694	3022	
3022	2694	
3315	3355	
3355	3315	
1298	1299	
1299	1298	
3848	3920	
3920	3848	
4195	4196	
4196	4195	
2094	2107	
2107	2094	
4564	4814	
4814	4564	
1106	1180	
1180	1106	
4838	4890	
4890	4838	
4119	4120	
4120	4119	
1131	1308	
1308	1131	
1744	1870	
1870	1744	
3461	3462	
3462	3461	
3317	3421	
3421	3317	
108	116	
116	108	
1020	1021	
1021	1020	
740	748	
748	740	
4115	4187	
4187	4115	
3951	3980	
3980	3951	
3316	3366	
3366	3316	
1033	4902	
4902	1033	
3979	4027	
4027	3979	
4704	4711	
4711	4704	
4520	4801	
4801	4520	
2428	2656	
2656	2428	
1690	1691	
1691	1690	
3831	3849	
3849	3831	
4100	4260	
4260	4100	
1973	2010	
2010	1973	
2798	3222	
3222	2798	
3871	3916	
3916	3871	
4201	4221	
4221	4201	
1673	1687	
1687	1673	
4103	4225	
4225	4103	
1134	1531	
1531	1134	
3779	3851	
3851	3779	
2756	2857	
2857	2756	
2672	2673	
2673	2672	
1393	1404	
1404	1393	
3770	3782	
3782	3770	
2758	3099	
3099	2758	
1842	2122	
2122	1842	
4458	4464	
4464	4458	
1331	1634	
1634	1331	
744	746	
746	744	
3775	3776	
3776	3775	
1015	1016	
1016	1015	
967	1026	
1026	967	
56	149	
149	56	
1088	1401	
1401	1088	
692	726	
726	692	
3771	3783	
3783	3771	
4497	4606	
4606	4497	
2083	2084	
2084	2083	
3521	3557	
3557	3521	
2932	2935	
2935	2932	
4762	4768	
4768	4762	
353	374	
374	353	
1672	1816	
1816	1672	
3485	3567	
3567	3485	
3752	3936	
3936	3752	
4468	4613	
4613	4468	
2114	2151	
2151	2114	
1121	1122	
1122	1121	
942	959	
959	942	
4210	4314	
4314	4210	
1838	2099	
2099	1838	
22	4445	
4445	22	
3001	3143	
3143	3001	
2674	2890	
2890	2674	
4345	4409	
4409	4345	
2433	2578	
2578	2433	
4328	4331	
4331	4328	
2312	2364	
2364	2312	
2446	2559	
2559	2446	
2864	3122	
3122	2864	
1252	1297	
1297	1252	
4453	4455	
4455	4453	
4420	4421	
4421	4420	
4220	4221	
4221	4220	
2983	3232	
3232	2983	
3786	3891	
3891	3786	
1587	1867	
1867	1587	
4486	4487	
4487	4486	
1661	1820	
1820	1661	
518	520	
520	518	
2529	2917	
2917	2529	
4085	4086	
4086	4085	
3873	3929	
3929	3873	
3954	4062	
4062	3954	
2174	2175	
2175	2174	
1649	1954	
1954	1649	
2290	2292	
2292	2290	
2810	3036	
3036	2810	
396	2231	
2231	396	
2553	2843	
2843	2553	
3829	3830	
3830	3829	
3013	3014	
3014	3013	
2579	2580	
2580	2579	
4090	4160	
4160	4090	
1709	1870	
1870	1709	
2297	2298	
2298	2297	
2216	2387	
2387	2216	
1471	2173	
2173	1471	
383	384	
384	383	
55	107	
107	55	
4133	4211	
4211	4133	
2531	2725	
2725	2531	
780	784	
784	780	
4562	4622	
4622	4562	
4561	4811	
4811	4561	
4538	4805	
4805	4538	
429	446	
446	429	
3489	3545	
3545	3489	
4485	4530	
4530	4485	
1702	2167	
2167	1702	
3827	3856	
3856	3827	
4550	4624	
4624	4550	
2939	3169	
3169	2939	
1863	1933	
1933	1863	
2380	2388	
2388	2380	
260	261	
261	260	
2214	4897	
4897	2214	
4451	4454	
4454	4451	
4203	4256	
4256	4203	
2692	2936	
2936	2692	
979	1036	
1036	979	
4332	4335	
4335	4332	
4929	4938	
4938	4929	
1082	1224	
1224	1082	
1574	2099	
2099	1574	
2378	2386	
2386	2378	
20	199	
199	20	
2232	2405	
2405	2232	
1117	2195	
2195	1117	
4780	4824	
4824	4780	
2722	2889	
2889	2722	
4710	4724	
4724	4710	
1454	1457	
1457	1454	
3812	3843	
3843	3812	
413	459	
459	413	
3537	3538	
3538	3537	
2706	2840	
2840	2706	
2446	3206	
3206	2446	
1251	1420	
1420	1251	
217	218	
218	217	
2615	2616	
2616	2615	
349	350	
350	349	
3808	3875	
3875	3808	
2498	2729	
2729	2498	
418	421	
421	418	
3329	3586	
3586	3329	
482	485	
485	482	
1613	1847	
1847	1613	
1206	1866	
1866	1206	
2450	2451	
2451	2450	
882	931	
931	882	
4721	4739	
4739	4721	
1286	1300	
1300	1286	
2959	3148	
3148	2959	
2055	2107	
2107	2055	
4570	4571	
4571	4570	
2061	2107	
2107	2061	
145	194	
194	145	
1868	1917	
1917	1868	
2797	3175	
3175	2797	
1157	1736	
1736	1157	
1100	1530	
1530	1100	
2474	2483	
2483	2474	
2440	4458	
4458	2440	
3848	3927	
3927	3848	
515	519	
519	515	
2182	2197	
2197	2182	
827	858	
858	827	
4749	4784	
4784	4749	
4489	4509	
4509	4489	
4832	4889	
4889	4832	
42	181	
181	42	
2458	2617	
2617	2458	
1303	1304	
1304	1303	
1282	1701	
1701	1282	
3596	3597	
3597	3596	
1177	1265	
1265	1177	
4015	4025	
4025	4015	
3005	3056	
3056	3005	
2128	2153	
2153	2128	
3288	3290	
3290	3288	
4437	4439	
4439	4437	
1342	1860	
1860	1342	
4698	4699	
4699	4698	
1584	1951	
1951	1584	
4858	4860	
4860	4858	
1603	1686	
1686	1603	
3439	3590	
3590	3439	
36	38	
38	36	
4492	4543	
4543	4492	
2221	2405	
2405	2221	
750	776	
776	750	
3350	3700	
3700	3350	
521	832	
832	521	
4539	4809	
4809	4539	
4343	4399	
4399	4343	
4932	4934	
4934	4932	
2299	2407	
2407	2299	
3092	3127	
3127	3092	
940	1036	
1036	940	
4709	4729	
4729	4709	
4518	4691	
4691	4518	
210	211	
211	210	
992	1047	
1047	992	
371	378	
378	371	
579	702	
702	579	
1730	1913	
1913	1730	
4710	4714	
4714	4710	
4029	4031	
4031	4029	
901	928	
928	901	
2337	2404	
2404	2337	
4333	4391	
4391	4333	
1151	1335	
1335	1151	
3544	3556	
3556	3544	
1564	1950	
1950	1564	
2319	2321	
2321	2319	
2843	3096	
3096	2843	
1604	1773	
1773	1604	
1978	1979	
1979	1978	
2926	2929	
2929	2926	
2544	2791	
2791	2544	
2653	3188	
3188	2653	
2246	2308	
2308	2246	
2957	3263	
3263	2957	
1646	1864	
1864	1646	
1843	1981	
1981	1843	
3308	3692	
3692	3308	
3365	3716	
3716	3365	
420	426	
426	420	
3371	3621	
3621	3371	
1549	1782	
1782	1549	
2884	3058	
3058	2884	
482	489	
489	482	
1081	1560	
1560	1081	
2607	3188	
3188	2607	
2024	2025	
2025	2024	
3321	3328	
3328	3321	
681	708	
708	681	
771	773	
773	771	
2640	2966	
2966	2640	
831	868	
868	831	
1430	1431	
1431	1430	
661	662	
662	661	
1879	1993	
1993	1879	
1885	2047	
2047	1885	
3400	3534	
3534	3400	
4134	4135	
4135	4134	
251	319	
319	251	
2274	2275	
2275	2274	
3419	3627	
3627	3419	
1317	1406	
1406	1317	
2962	2963	
2963	2962	
1243	1423	
1423	1243	
1106	1877	
1877	1106	
3351	3702	
3702	3351	
822	1124	
1124	822	
276	351	
351	276	
2724	2857	
2857	2724	
1101	2139	
2139	1101	
1814	1920	
1920	1814	
4218	4219	
4219	4218	
3437	3665	
3665	3437	
3955	4055	
4055	3955	
767	771	
771	767	
3363	4509	
4509	3363	
3691	3692	
3692	3691	
2342	4035	
4035	2342	
2237	2238	
2238	2237	
3635	3721	
3721	3635	
464	469	
469	464	
1134	1610	
1610	1134	
1697	2031	
2031	1697	
4366	4367	
4367	4366	
4707	4713	
4713	4707	
3963	3999	
3999	3963	
1425	2016	
2016	1425	
1324	1365	
1365	1324	
251	289	
289	251	
3006	3007	
3007	3006	
3337	3672	
3672	3337	
1410	1419	
1419	1410	
4361	4418	
4418	4361	
1883	1954	
1954	1883	
4878	4881	
4881	4878	
2644	3236	
3236	2644	
4712	4728	
4728	4712	
1268	1776	
1776	1268	
4520	4802	
4802	4520	
4886	4887	
4887	4886	
2832	2833	
2833	2832	
18	19	
19	18	
2938	3140	
3140	2938	
3825	3903	
3903	3825	
4692	4694	
4694	4692	
4357	4407	
4407	4357	
308	323	
323	308	
4098	4147	
4147	4098	
3543	4862	
4862	3543	
4726	4784	
4784	4726	
1419	1963	
1963	1419	
2684	2813	
2813	2684	
1573	2053	
2053	1573	
1408	1980	
1980	1408	
3749	3932	
3932	3749	
2651	3114	
3114	2651	
1696	1826	
1826	1696	
2577	2641	
2641	2577	
1	3587	
3587	1	
2565	2817	
2817	2565	
4906	4908	
4908	4906	
1166	1438	
1438	1166	
3508	3513	
3513	3508	
2121	2137	
2137	2121	
1946	2033	
2033	1946	
4727	4775	
4775	4727	
2977	3203	
3203	2977	
2556	4317	
4317	2556	
3885	3904	
3904	3885	
2624	2980	
2980	2624	
1281	1313	
1313	1281	
758	823	
823	758	
101	210	
210	101	
835	896	
896	835	
3959	3979	
3979	3959	
4180	4196	
4196	4180	
3299	3558	
3558	3299	
1776	1886	
1886	1776	
597	600	
600	597	
1090	1630	
1630	1090	
1276	1489	
1489	1276	
680	683	
683	680	
3188	3283	
3283	3188	
3309	3464	
3464	3309	
3815	3821	
3821	3815	
523	524	
524	523	
1499	1995	
1995	1499	
2065	2097	
2097	2065	
21	176	
176	21	
3981	4038	
4038	3981	
3459	3465	
3465	3459	
394	442	
442	394	
3355	3714	
3714	3355	
1311	1446	
1446	1311	
2464	2713	
2713	2464	
936	941	
941	936	
274	362	
362	274	
2563	2620	
2620	2563	
1554	1957	
1957	1554	
3833	3919	
3919	3833	
3407	3410	
3410	3407	
4210	4315	
4315	4210	
2564	2892	
2892	2564	
4537	4686	
4686	4537	
2207	2213	
2213	2207	
1155	1774	
1774	1155	
1206	2037	
2037	1206	
1169	1403	
1403	1169	
3777	3797	
3797	3777	
1772	1878	
1878	1772	
2608	2790	
2790	2608	
3806	3807	
3807	3806	
293	298	
298	293	
2506	2777	
2777	2506	
3486	3487	
3487	3486	
4329	4377	
4377	4329	
1757	1847	
1847	1757	
3599	3628	
3628	3599	
3319	3497	
3497	3319	
1555	1841	
1841	1555	
326	4428	
4428	326	
2574	2812	
2812	2574	
2793	3012	
3012	2793	
3350	3688	
3688	3350	
986	1012	
1012	986	
3824	3842	
3842	3824	
1609	2065	
2065	1609	
1489	2120	
2120	1489	
2628	2990	
2990	2628	
2647	3257	
3257	2647	
4835	4836	
4836	4835	
1565	1745	
1745	1565	
2870	2876	
2876	2870	
4362	4363	
4363	4362	
329	330	
330	329	
1070	1371	
1371	1070	
2800	2820	
2820	2800	
54	147	
147	54	
3897	3933	
3933	3897	
4361	4419	
4419	4361	
3360	3730	
3730	3360	
597	601	
601	597	
2349	2406	
2406	2349	
2696	2703	
2703	2696	
3711	3713	
3713	3711	
242	366	
366	242	
667	726	
726	667	
2136	2156	
2156	2136	
3492	3650	
3650	3492	
1813	2011	
2011	1813	
1371	1539	
1539	1371	
2227	2230	
2230	2227	
3814	3831	
3831	3814	
833	874	
874	833	
1563	1787	
1787	1563	
2484	2505	
2505	2484	
3861	3914	
3914	3861	
3378	4478	
4478	3378	
140	186	
186	140	
3471	3598	
3598	3471	
798	799	
799	798	
4132	4133	
4133	4132	
859	881	
881	859	
2493	2627	
2627	2493	
4113	4114	
4114	4113	
4548	4549	
4549	4548	
2993	3118	
3118	2993	
812	1227	
1227	812	
276	286	
286	276	
831	906	
906	831	
1605	2043	
2043	1605	
1069	1300	
1300	1069	
3030	3284	
3284	3030	
2378	2379	
2379	2378	
1715	1961	
1961	1715	
2609	2963	
2963	2609	
3775	3922	
3922	3775	
1590	1716	
1716	1590	
4142	4143	
4143	4142	
846	884	
884	846	
4358	4416	
4416	4358	
706	709	
709	706	
2208	2244	
2244	2208	
3442	3614	
3614	3442	
1068	1419	
1419	1068	
3569	3588	
3588	3569	
1024	1050	
1050	1024	
4123	4124	
4124	4123	
1094	1177	
1177	1094	
1734	2051	
2051	1734	
2883	2986	
2986	2883	
2433	2661	
2661	2433	
4651	4723	
4723	4651	
2532	2612	
2612	2532	
3555	3605	
3605	3555	
743	804	
804	743	
948	1048	
1048	948	
3311	3312	
3312	3311	
1698	1982	
1982	1698	
1817	2149	
2149	1817	
1357	2139	
2139	1357	
852	902	
902	852	
3404	3682	
3682	3404	
1557	1846	
1846	1557	
3449	3710	
3710	3449	
4107	4184	
4184	4107	
2949	2950	
2950	2949	
4098	4283	
4283	4098	
2505	2785	
2785	2505	
4798	4822	
4822	4798	
2258	2262	
2262	2258	
3781	3798	
3798	3781	
2502	2552	
2552	2502	
1208	1794	
1794	1208	
1215	1216	
1216	1215	
4195	4257	
4257	4195	
4097	4136	
4136	4097	
752	2413	
2413	752	
2792	2916	
2916	2792	
971	1037	
1037	971	
1386	2096	
2096	1386	
1238	1239	
1239	1238	
4619	4625	
4625	4619	
2178	2183	
2183	2178	
1899	1958	
1958	1899	
2472	2588	
2588	2472	
4645	4668	
4668	4645	
2739	2740	
2740	2739	
1167	1541	
1541	1167	
1854	1889	
1889	1854	
2522	3045	
3045	2522	
1106	1810	
1810	1106	
4129	4323	
4323	4129	
2837	2969	
2969	2837	
2248	2250	
2250	2248	
2908	2918	
2918	2908	
3609	3661	
3661	3609	
2550	2854	
2854	2550	
1156	1161	
1161	1156	
150	181	
181	150	
4001	4030	
4030	4001	
1132	1605	
1605	1132	
4404	4410	
4410	4404	
1284	1684	
1684	1284	
4532	4651	
4651	4532	
507	546	
546	507	
4202	4304	
4304	4202	
1075	1217	
1217	1075	
481	4111	
4111	481	
4337	4402	
4402	4337	
2541	2583	
2583	2541	
3791	3792	
3792	3791	
3293	3593	
3593	3293	
1930	2196	
2196	1930	
248	250	
250	248	
3007	3247	
3247	3007	
3493	3499	
3499	3493	
4512	4613	
4613	4512	
544	566	
566	544	
3403	3748	
3748	3403	
124	232	
232	124	
1636	1738	
1738	1636	
58	167	
167	58	
3361	4678	
4678	3361	
2850	2851	
2851	2850	
1390	1425	
1425	1390	
1789	1816	
1816	1789	
332	333	
333	332	
4155	4242	
4242	4155	
1108	1240	
1240	1108	
3467	3502	
3502	3467	
3613	3662	
3662	3613	
2504	2782	
2782	2504	
2981	3003	
3003	2981	
2470	2471	
2471	2470	
2544	2844	
2844	2544	
4089	4187	
4187	4089	
739	749	
749	739	
1170	1309	
1309	1170	
4880	4900	
4900	4880	
4615	4654	
4654	4615	
2979	3054	
3054	2979	
4718	4731	
4731	4718	
2340	2401	
2401	2340	
3364	3579	
3579	3364	
3431	3610	
3610	3431	
550	551	
551	550	
4144	4146	
4146	4144	
3683	3722	
3722	3683	
1296	1426	
1426	1296	
2160	2161	
2161	2160	
3414	3551	
3551	3414	
501	573	
573	501	
4110	4121	
4121	4110	
143	202	
202	143	
1071	2028	
2028	1071	
4569	4651	
4651	4569	
975	1010	
1010	975	
2804	2805	
2805	2804	
2751	3086	
3086	2751	
383	462	
462	383	
1153	1730	
1730	1153	
4663	4664	
4664	4663	
1579	1657	
1657	1579	
1837	2049	
2049	1837	
4378	4415	
4415	4378	
2893	2894	
2894	2893	
1484	1485	
1485	1484	
1953	2140	
2140	1953	
1719	1849	
1849	1719	
264	334	
334	264	
3053	3197	
3197	3053	
1347	1461	
1461	1347	
763	777	
777	763	
2105	2107	
2107	2105	
1205	1449	
1449	1205	
238	318	
318	238	
157	193	
193	157	
4098	4281	
4281	4098	
4212	4305	
4305	4212	
4149	4173	
4173	4149	
1747	1748	
1748	1747	
2014	2127	
2127	2014	
3427	3608	
3608	3427	
3307	3627	
3627	3307	
2800	3151	
3151	2800	
4352	4401	
4401	4352	
3219	3272	
3272	3219	
2646	2648	
2648	2646	
4782	4827	
4827	4782	
2478	2810	
2810	2478	
3294	3334	
3334	3294	
2694	3021	
3021	2694	
1164	1435	
1435	1164	
3854	3888	
3888	3854	
3378	3379	
3379	3378	
3503	3550	
3550	3503	
553	555	
555	553	
4755	4812	
4812	4755	
27	161	
161	27	
701	702	
702	701	
3767	3838	
3838	3767	
449	467	
467	449	
278	298	
298	278	
4112	4213	
4213	4112	
3442	3444	
3444	3442	
266	267	
267	266	
4422	4432	
4432	4422	
2570	2896	
2896	2570	
1711	1921	
1921	1711	
1965	2019	
2019	1965	
1571	1881	
1881	1571	
2302	2354	
2354	2302	
1452	1541	
1541	1452	
1437	1935	
1935	1437	
3966	4063	
4063	3966	
4474	4476	
4476	4474	
4685	4771	
4771	4685	
1235	1723	
1723	1235	
1104	1556	
1556	1104	
4482	4483	
4483	4482	
474	4173	
4173	474	
4404	4414	
4414	4404	
1388	1399	
1399	1388	
3445	3447	
3447	3445	
756	787	
787	756	
1209	1309	
1309	1209	
183	184	
184	183	
2796	3110	
3110	2796	
4853	4854	
4854	4853	
3343	3648	
3648	3343	
2600	2933	
2933	2600	
1250	1501	
1501	1250	
1073	1192	
1192	1073	
1442	1537	
1537	1442	
2287	2387	
2387	2287	
2530	3113	
3113	2530	
1219	1689	
1689	1219	
567	568	
568	567	
4715	4751	
4751	4715	
1758	1782	
1782	1758	
485	498	
498	485	
958	993	
993	958	
4819	4820	
4820	4819	
3949	3998	
3998	3949	
1086	1088	
1088	1086	
262	345	
345	262	
4647	4674	
4674	4647	
3845	3873	
3873	3845	
3802	3936	
3936	3802	
263	321	
321	263	
4876	4883	
4883	4876	
1321	1412	
1412	1321	
2409	4552	
4552	2409	
1828	2006	
2006	1828	
2222	2229	
2229	2222	
3576	3731	
3731	3576	
1927	1977	
1977	1927	
4787	4794	
4794	4787	
4740	4747	
4747	4740	
2575	2907	
2907	2575	
2457	3011	
3011	2457	
4141	4143	
4143	4141	
3805	3864	
3864	3805	
4157	4228	
4228	4157	
3834	3835	
3835	3834	
4810	4823	
4823	4810	
2974	2975	
2975	2974	
1335	1558	
1558	1335	
4630	4672	
4672	4630	
4291	4294	
4294	4291	
2426	2655	
2655	2426	
287	351	
351	287	
48	106	
106	48	
3957	4008	
4008	3957	
2806	3238	
3238	2806	
4375	4381	
4381	4375	
402	403	
403	402	
2983	3235	
3235	2983	
2382	2398	
2398	2382	
875	878	
878	875	
1616	1834	
1834	1616	
424	443	
443	424	
1225	1326	
1326	1225	
438	473	
473	438	
2660	3024	
3024	2660	
1288	1289	
1289	1288	
428	452	
452	428	
30	123	
123	30	
274	275	
275	274	
3826	3908	
3908	3826	
1120	1956	
1956	1120	
4469	4602	
4602	4469	
4577	4621	
4621	4577	
4182	4226	
4226	4182	
3454	4845	
4845	3454	
2219	2332	
2332	2219	
2509	2616	
2616	2509	
1308	1476	
1476	1308	
2429	2545	
2545	2429	
4917	4922	
4922	4917	
3811	3864	
3864	3811	
4840	4843	
4843	4840	
2199	2200	
2200	2199	
1524	1632	
1632	1524	
3507	3510	
3510	3507	
2249	2370	
2370	2249	
1255	1762	
1762	1255	
1968	2126	
2126	1968	
933	1053	
1053	933	
2506	2802	
2802	2506	
2455	3105	
3105	2455	
3694	3695	
3695	3694	
2289	2341	
2341	2289	
1026	1043	
1043	1026	
3324	3342	
3342	3324	
3320	3547	
3547	3320	
4554	4701	
4701	4554	
803	821	
821	803	
3639	3656	
3656	3639	
1571	1728	
1728	1571	
4708	4733	
4733	4708	
1670	1685	
1685	1670	
4389	4391	
4391	4389	
2479	2481	
2481	2479	
4734	4744	
4744	4734	
2956	3094	
3094	2956	
429	470	
470	429	
1794	1796	
1796	1794	
817	818	
818	817	
961	1055	
1055	961	
2575	2904	
2904	2575	
1453	1456	
1456	1453	
4237	4243	
4243	4237	
4491	4580	
4580	4491	
4276	4279	
4279	4276	
1411	1412	
1412	1411	
2629	2987	
2987	2629	
1284	1835	
1835	1284	
4203	4236	
4236	4203	
4681	4825	
4825	4681	
24	4461	
4461	24	
849	908	
908	849	
4629	4653	
4653	4629	
2307	2330	
2330	2307	
1644	1751	
1751	1644	
1098	1731	
1731	1098	
2054	2119	
2119	2054	
536	557	
557	536	
1862	2039	
2039	1862	
1327	1433	
1433	1327	
143	151	
151	143	
1779	1848	
1848	1779	
2825	2952	
2952	2825	
3636	3637	
3637	3636	
45	47	
47	45	
651	653	
653	651	
2721	2723	
2723	2721	
4327	4387	
4387	4327	
1218	1450	
1450	1218	
1859	1992	
1992	1859	
760	814	
814	760	
4470	4639	
4639	4470	
2878	3153	
3153	2878	
1082	1750	
1750	1082	
3607	3709	
3709	3607	
86	110	
110	86	
3872	3911	
3911	3872	
1093	1095	
1095	1093	
1103	1143	
1143	1103	
2733	3064	
3064	2733	
3953	3983	
3983	3953	
1097	1343	
1343	1097	
3843	3844	
3844	3843	
4355	4403	
4403	4355	
671	672	
672	671	
1635	1703	
1703	1635	
4785	4786	
4786	4785	
4209	4311	
4311	4209	
298	343	
343	298	
1489	2179	
2179	1489	
2783	2784	
2784	2783	
3185	3186	
3186	3185	
4339	4340	
4340	4339	
3410	3677	
3677	3410	
3376	3432	
3432	3376	
4088	4299	
4299	4088	
800	1230	
1230	800	
1787	1896	
1896	1787	
1130	1830	
1830	1130	
1019	1031	
1031	1019	
1209	1679	
1679	1209	
2462	2463	
2463	2462	
1532	2158	
2158	1532	
2729	2731	
2731	2729	
4209	4312	
4312	4209	
2656	2669	
2669	2656	
141	142	
142	141	
2447	2814	
2814	2447	
2819	2959	
2959	2819	
584	680	
680	584	
23	4446	
4446	23	
2846	3213	
3213	2846	
1600	1601	
1601	1600	
761	762	
762	761	
1628	1663	
1663	1628	
4359	4416	
4416	4359	
3961	3962	
3962	3961	
2650	3289	
3289	2650	
914	917	
917	914	
2830	2835	
2835	2830	
2914	3280	
3280	2914	
4186	4317	
4317	4186	
1662	2067	
2067	1662	
2236	2238	
2238	2236	
962	993	
993	962	
2840	3025	
3025	2840	
2205	2211	
2211	2205	
3783	3841	
3841	3783	
1410	1498	
1498	1410	
4502	4503	
4503	4502	
1427	1449	
1449	1427	
1455	1457	
1457	1455	
3566	3719	
3719	3566	
3495	3500	
3500	3495	
2445	2604	
2604	2445	
1257	1292	
1292	1257	
492	497	
497	492	
3301	3446	
3446	3301	
592	597	
597	592	
976	1034	
1034	976	
3696	3697	
3697	3696	
968	1057	
1057	968	
480	493	
493	480	
819	4940	
4940	819	
2571	2898	
2898	2571	
4102	4306	
4306	4102	
2496	2766	
2766	2496	
1136	1139	
1139	1136	
827	877	
877	827	
4840	4842	
4842	4840	
67	70	
70	67	
240	337	
337	240	
3630	3631	
3631	3630	
4447	4448	
4448	4447	
1000	1026	
1026	1000	
4828	4884	
4884	4828	
2838	2857	
2857	2838	
1067	1418	
1418	1067	
1087	1220	
1220	1087	
4186	4300	
4300	4186	
4167	4168	
4168	4167	
1089	1446	
1446	1089	
4833	4898	
4898	4833	
3008	3221	
3221	3008	
3571	3601	
3601	3571	
609	611	
611	609	
1572	1740	
1740	1572	
4586	4589	
4589	4586	
3796	3876	
3876	3796	
619	626	
626	619	
3065	3202	
3202	3065	
1599	2012	
2012	1599	
4365	4368	
4368	4365	
4184	4185	
4185	4184	
960	965	
965	960	
791	803	
803	791	
4901	4902	
4902	4901	
825	826	
826	825	
2159	2169	
2169	2159	
1628	1809	
1809	1628	
4427	4443	
4443	4427	
1693	1907	
1907	1693	
4002	4020	
4020	4002	
4100	4241	
4241	4100	
2063	2124	
2124	2063	
2217	2288	
2288	2217	
487	491	
491	487	
2293	2367	
2367	2293	
3209	3269	
3269	3209	
4344	4408	
4408	4344	
1204	1488	
1488	1204	
4554	4666	
4666	4554	
2767	2768	
2768	2767	
4178	4179	
4179	4178	
4024	4026	
4026	4024	
4346	4360	
4360	4346	
1272	1273	
1273	1272	
1200	1892	
1892	1200	
1210	1211	
1211	1210	
3514	3701	
3701	3514	
1112	1581	
1581	1112	
4018	4037	
4037	4018	
4221	4222	
4222	4221	
1162	1641	
1641	1162	
2321	2322	
2322	2321	
3074	3085	
3085	3074	
2576	2989	
2989	2576	
4560	4677	
4677	4560	
3331	4831	
4831	3331	
495	496	
496	495	
3813	3838	
3838	3813	
1116	1552	
1552	1116	
2528	2543	
2543	2528	
4534	4541	
4541	4534	
2880	2882	
2882	2880	
1871	1872	
1872	1871	
3562	3744	
3744	3562	
154	157	
157	154	
2778	2842	
2842	2778	
476	477	
477	476	
4140	4143	
4143	4140	
1386	1387	
1387	1386	
1520	1588	
1588	1520	
1872	2129	
2129	1872	
953	1030	
1030	953	
3768	3943	
3943	3768	
1665	1915	
1915	1665	
1655	1897	
1897	1655	
3124	3128	
3128	3124	
2333	2381	
2381	2333	
2201	2203	
2203	2201	
4581	4582	
4582	4581	
1087	1624	
1624	1087	
597	602	
602	597	
392	406	
406	392	
26	94	
94	26	
1219	1767	
1767	1219	
1229	1478	
1478	1229	
4498	4499	
4499	4498	
1064	1176	
1176	1064	
2533	2542	
2542	2533	
1186	1949	
1949	1186	
1513	1736	
1736	1513	
3141	3284	
3284	3141	
4779	4780	
4780	4779	
892	896	
896	892	
2489	3115	
3115	2489	
3020	3174	
3174	3020	
1858	2023	
2023	1858	
1173	1468	
1468	1173	
1430	1974	
1974	1430	
3411	3676	
3676	3411	
1496	2010	
2010	1496	
2102	2155	
2155	2102	
1561	1819	
1819	1561	
2516	2519	
2519	2516	
3234	3266	
3266	3234	
1576	1593	
1593	1576	
4438	4439	
4439	4438	
3976	3979	
3979	3976	
1192	1330	
1330	1192	
1494	1988	
1988	1494	
3328	3561	
3561	3328	
2919	3167	
3167	2919	
2670	3005	
3005	2670	
2224	2350	
2350	2224	
4224	4270	
4270	4224	
1005	1008	
1008	1005	
72	73	
73	72	
4361	4406	
4406	4361	
2670	2795	
2795	2670	
2573	2899	
2899	2573	
427	1125	
1125	427	
4548	4638	
4638	4548	
535	559	
559	535	
1749	1822	
1822	1749	
855	860	
860	855	
3299	3440	
3440	3299	
831	932	
932	831	
722	723	
723	722	
1741	2025	
2025	1741	
830	4444	
4444	830	
4137	4238	
4238	4137	
1065	1091	
1091	1065	
675	702	
702	675	
249	313	
313	249	
1160	2092	
2092	1160	
2066	2187	
2187	2066	
1012	1044	
1044	1012	
1285	2141	
2141	1285	
2924	2937	
2937	2924	
3296	3506	
3506	3296	
4906	4907	
4907	4906	
1380	1502	
1502	1380	
2520	3005	
3005	2520	
4494	4596	
4596	4494	
589	591	
591	589	
3959	3997	
3997	3959	
719	720	
720	719	
790	2304	
2304	790	
4691	4781	
4781	4691	
4706	4716	
4716	4706	
4118	4154	
4154	4118	
1545	1575	
1575	1545	
1815	2023	
2023	1815	
3947	3973	
3973	3947	
2123	2134	
2134	2123	
2884	3146	
3146	2884	
4022	4034	
4034	4022	
1969	1970	
1970	1969	
3009	3165	
3165	3009	
216	225	
225	216	
3123	3128	
3128	3123	
3766	3938	
3938	3766	
2480	2482	
2482	2480	
4506	4660	
4660	4506	
2356	2402	
2402	2356	
2005	2010	
2010	2005	
3526	3665	
3665	3526	
3476	3710	
3710	3476	
2468	2527	
2527	2468	
2676	2677	
2677	2676	
4157	4223	
4223	4157	
2547	2548	
2548	2547	
1312	1447	
1447	1312	
2655	3178	
3178	2655	
2435	2638	
2638	2435	
46	47	
47	46	
3456	3663	
3663	3456	
2467	2717	
2717	2467	
2423	4563	
4563	2423	
4720	4736	
4736	4720	
922	926	
926	922	
1470	2112	
2112	1470	
2242	2355	
2355	2242	
1213	1346	
1346	1213	
1041	1056	
1056	1041	
2537	3055	
3055	2537	
1583	1691	
1691	1583	
1662	1722	
1722	1662	
348	352	
352	348	
2549	2855	
2855	2549	
87	89	
89	87	
1232	1246	
1246	1232	
1198	1512	
1512	1198	
2326	2329	
2329	2326	
3438	3527	
3527	3438	
1206	1207	
1207	1206	
4224	4275	
4275	4224	
511	513	
513	511	
937	1050	
1050	937	
1651	1797	
1797	1651	
4689	4690	
4690	4689	
880	900	
900	880	
2255	2327	
2327	2255	
471	472	
472	471	
4872	4905	
4905	4872	
43	94	
94	43	
945	1058	
1058	945	
2494	3017	
3017	2494	
1338	1831	
1831	1338	
4442	4443	
4443	4442	
597	598	
598	597	
1394	1515	
1515	1394	
1906	1941	
1941	1906	
2210	2212	
2212	2210	
1861	2098	
2098	1861	
2234	2360	
2360	2234	
1973	2009	
2009	1973	
4482	4772	
4772	4482	
694	726	
726	694	
1193	1528	
1528	1193	
1315	1816	
1816	1315	
3317	3392	
3392	3317	
2218	2346	
2346	2218	
1333	1677	
1677	1333	
2799	2946	
2946	2799	
4856	4871	
4871	4856	
4737	4739	
4739	4737	
1611	1760	
1760	1611	
1608	1970	
1970	1608	
1257	1402	
1402	1257	
4528	4676	
4676	4528	
2264	2282	
2282	2264	
2647	3258	
3258	2647	
564	1481	
1481	564	
4893	4894	
4894	4893	
4480	4481	
4481	4480	
3413	3684	
3684	3413	
4014	4029	
4029	4014	
4277	4279	
4279	4277	
4382	4397	
4397	4382	
395	419	
419	395	
4246	4247	
4247	4246	
2390	2395	
2395	2390	
4118	4159	
4159	4118	
4155	4249	
4249	4155	
3494	3501	
3501	3494	
3173	3213	
3213	3173	
1669	1754	
1754	1669	
4520	4800	
4800	4520	
2986	3107	
3107	2986	
2766	3100	
3100	2766	
895	897	
897	895	
1737	1738	
1738	1737	
2500	3271	
3271	2500	
3050	3098	
3098	3050	
655	669	
669	655	
764	774	
774	764	
3495	3735	
3735	3495	
4753	4754	
4754	4753	
759	778	
778	759	
3785	4199	
4199	3785	
4609	4686	
4686	4609	
585	614	
614	585	
2432	2590	
2590	2432	
1329	1483	
1483	1329	
1464	1466	
1466	1464	
1242	1995	
1995	1242	
3348	4883	
4883	3348	
3303	3468	
3468	3303	
2285	2286	
2286	2285	
2823	2824	
2824	2823	
575	660	
660	575	
486	494	
494	486	
4330	4401	
4401	4330	
4851	4892	
4892	4851	
1109	1495	
1495	1109	
2276	2277	
2277	2276	
2469	2596	
2596	2469	
184	200	
200	184	
1133	1323	
1323	1133	
2652	2760	
2760	2652	
4348	4417	
4417	4348	
2964	3066	
3066	2964	
3184	3187	
3187	3184	
657	696	
696	657	
133	2562	
2562	133	
32	174	
174	32	
675	676	
676	675	
61	188	
188	61	
119	175	
175	119	
828	837	
837	828	
3493	3496	
3496	3493	
940	1051	
1051	940	
4364	4371	
4371	4364	
3846	3847	
3847	3846	
1372	1374	
1374	1372	
2436	2586	
2586	2436	
3685	3723	
3723	3685	
1235	1902	
1902	1235	
1829	2034	
2034	1829	
4431	4433	
4433	4431	
506	546	
546	506	
4090	4217	
4217	4090	
4857	4859	
4859	4857	
1729	1997	
1997	1729	
2459	2558	
2558	2459	
1263	1432	
1432	1263	
2168	2190	
2190	2168	
4513	4598	
4598	4513	
2557	2558	
2558	2557	
577	578	
578	577	
1077	1224	
1224	1077	
28	98	
98	28	
1003	1045	
1045	1003	
627	628	
628	627	
280	312	
312	280	
3993	4033	
4033	3993	
4470	4766	
4766	4470	
1166	1525	
1525	1166	
560	561	
561	560	
500	501	
501	500	
10	50	
50	10	
924	927	
927	924	
2456	2709	
2709	2456	
2711	3210	
3210	2711	
819	820	
820	819	
1107	1365	
1365	1107	
187	228	
228	187	
3640	3641	
3641	3640	
2728	2952	
2952	2728	
4741	4742	
4742	4741	
4484	4688	
4688	4484	
2278	2371	
2371	2278	
3840	3843	
3843	3840	
1316	1467	
1467	1316	
2771	2781	
2781	2771	
3541	3667	
3667	3541	
5	120	
120	5	
33	34	
34	33	
3763	3789	
3789	3763	
2819	3131	
3131	2819	
1687	1688	
1688	1687	
2493	3224	
3224	2493	
126	129	
129	126	
1444	1445	
1445	1444	
4099	4172	
4172	4099	
2779	2857	
2857	2779	
4927	4928	
4928	4927	
2133	2154	
2154	2133	
3401	3686	
3686	3401	
748	751	
751	748	
4155	4258	
4258	4155	
4103	4104	
4104	4103	
1198	1349	
1349	1198	
899	930	
930	899	
1229	1254	
1254	1229	
52	172	
172	52	
4372	4373	
4373	4372	
4347	4398	
4398	4347	
2746	3081	
3081	2746	
1190	1191	
1191	1190	
3409	3411	
3411	3409	
124	173	
173	124	
2800	3150	
3150	2800	
1945	2098	
2098	1945	
490	2680	
2680	490	
1187	1469	
1469	1187	
1018	1022	
1022	1018	
2554	2870	
2870	2554	
4522	4554	
4554	4522	
4010	4036	
4036	4010	
129	235	
235	129	
717	718	
718	717	
3568	3577	
3577	3568	
85	4448	
4448	85	
991	1011	
1011	991	
2245	2315	
2315	2245	
1589	2150	
2150	1589	
1940	2027	
2027	1940	
2858	2859	
2859	2858	
4370	4392	
4392	4370	
1943	2030	
2030	1943	
1495	1919	
1919	1495	
2764	2765	
2765	2764	
1310	1540	
1540	1310	
144	192	
192	144	
2500	2776	
2776	2500	
2645	3240	
3240	2645	
1181	1735	
1735	1181	
3308	3474	
3474	3308	
1506	1507	
1507	1506	
558	562	
562	558	
2246	2420	
2420	2246	
4526	4804	
4804	4526	
1718	1955	
1955	1718	
4299	4319	
4319	4299	
3816	3817	
3817	3816	
582	612	
612	582	
1140	1486	
1486	1140	
4733	4757	
4757	4733	
2736	2737	
2737	2736	
2773	3002	
3002	2773	
3618	3649	
3649	3618	
3970	3971	
3971	3970	
4540	4588	
4588	4540	
4087	4218	
4218	4087	
2017	2018	
2018	2017	
3426	3733	
3733	3426	
1570	1618	
1618	1570	
2491	2759	
2759	2491	
4556	4670	
4670	4556	
4515	4669	
4669	4515	
360	381	
381	360	
645	646	
646	645	
2336	2374	
2374	2336	
1118	1825	
1825	1118	
4030	4039	
4039	4030	
1580	1987	
1987	1580	
31	62	
62	31	
3281	3282	
3282	3281	
1945	2148	
2148	1945	
3010	3238	
3238	3010	
548	549	
549	548	
2502	3227	
3227	2502	
4912	4923	
4923	4912	
2693	3077	
3077	2693	
2085	2143	
2143	2085	
881	891	
891	881	
3852	3853	
3853	3852	
670	704	
704	670	
1578	1985	
1985	1578	
99	4459	
4459	99	
1063	1160	
1160	1063	
1522	1844	
1844	1522	
1219	1912	
1912	1219	
3822	3881	
3881	3822	
4507	4535	
4535	4507	
2808	2842	
2842	2808	
1932	1944	
1944	1932	
2647	3260	
3260	2647	
331	380	
380	331	
2867	2976	
2976	2867	
1145	1491	
1491	1145	
135	236	
236	135	
3373	3431	
3431	3373	
3385	4850	
4850	3385	
749	805	
805	749	
4436	4439	
4439	4436	
790	2417	
2417	790	
848	879	
879	848	
1448	1461	
1461	1448	
4591	4665	
4665	4591	
1727	1778	
1778	1727	
2132	2145	
2145	2132	
833	834	
834	833	
4477	4832	
4832	4477	
509	572	
572	509	
1221	1292	
1292	1221	
3377	3480	
3480	3377	
309	358	
358	309	
2538	2920	
2920	2538	
3535	3717	
3717	3535	
2944	3200	
3200	2944	
1004	1028	
1028	1004	
1824	1914	
1914	1824	
3398	3625	
3625	3398	
3827	3828	
3828	3827	
3335	3336	
3336	3335	
3339	3643	
3643	3339	
3343	3573	
3573	3343	
3834	3879	
3879	3834	
3121	3161	
3161	3121	
2666	2788	
2788	2666	
1102	1226	
1226	1102	
1080	1559	
1559	1080	
4832	4837	
4837	4832	
3382	3740	
3740	3382	
3307	3652	
3652	3307	
2610	2640	
2640	2610	
2514	2515	
2515	2514	
2977	3267	
3267	2977	
1224	1262	
1262	1224	
3867	3895	
3895	3867	
1313	1443	
1443	1313	
1499	1500	
1500	1499	
4077	4078	
4078	4077	
1671	2013	
2013	1671	
2803	2982	
2982	2803	
4029	4032	
4032	4029	
1474	2042	
2042	1474	
83	218	
218	83	
1614	1654	
1654	1614	
1194	1195	
1195	1194	
770	771	
771	770	
260	382	
382	260	
3668	3745	
3745	3668	
2442	2443	
2443	2442	
2453	2454	
2454	2453	
3069	3070	
3070	3069	
59	60	
60	59	
257	259	
259	257	
350	369	
369	350	
2800	3253	
3253	2800	
1713	1843	
1843	1713	
3346	3709	
3709	3346	
4633	4664	
4664	4633	
1596	1960	
1960	1596	
4511	4702	
4702	4511	
2172	2192	
2192	2172	
1261	1263	
1263	1261	
2501	2645	
2645	2501	
314	326	
326	314	
1258	1488	
1488	1258	
3044	3045	
3045	3044	
2874	2875	
2875	2874	
2585	3158	
3158	2585	
4680	4826	
4826	4680	
3966	4064	
4064	3966	
2988	2990	
2990	2988	
1492	1710	
1710	1492	
4125	4128	
4128	4125	
442	466	
466	442	
4864	4887	
4887	4864	
4190	4193	
4193	4190	
933	1014	
1014	933	
1652	1759	
1759	1652	
3072	3166	
3166	3072	
2689	3091	
3091	2689	
2321	2324	
2324	2321	
1823	1964	
1964	1823	
2524	2586	
2586	2524	
528	530	
530	528	
3343	3638	
3638	3343	
306	316	
316	306	
831	867	
867	831	
871	928	
928	871	
1175	1201	
1201	1175	
1801	1996	
1996	1801	
696	697	
697	696	
4079	4080	
4080	4079	
277	342	
342	277	
4059	4061	
4061	4059	
2319	2366	
2366	2319	
1424	1924	
1924	1424	
4644	4652	
4652	4644	
711	712	
712	711	
3641	3678	
3678	3641	
2489	3060	
3060	2489	
3548	3612	
3612	3548	
2534	2659	
2659	2534	
3986	4078	
4078	3986	
4354	4410	
4410	4354	
1136	1138	
1138	1136	
505	548	
548	505	
3898	3918	
3918	3898	
2998	3230	
3230	2998	
698	728	
728	698	
279	295	
295	279	
111	148	
148	111	
3321	3632	
3632	3321	
2242	2310	
2310	2242	
4149	4326	
4326	4149	
594	628	
628	594	
582	583	
583	582	
543	545	
545	543	
1754	1833	
1833	1754	
156	189	
189	156	
2629	2948	
2948	2629	
1489	2138	
2138	1489	
715	716	
716	715	
95	171	
171	95	
3421	3671	
3671	3421	
14	29	
29	14	
780	781	
781	780	
850	854	
854	850	
1742	1743	
1743	1742	
2881	3117	
3117	2881	
2847	2932	
2932	2847	
3344	3647	
3647	3344	
1370	1371	
1371	1370	
4634	4683	
4683	4634	
2862	2863	
2863	2862	
3075	3088	
3088	3075	
637	728	
728	637	
3633	3683	
3683	3633	
4658	4660	
4660	4658	
4101	4206	
4206	4101	
2952	3265	
3265	2952	
2546	2548	
2548	2546	
4788	4792	
4792	4788	
581	626	
626	581	
396	400	
400	396	
2927	3163	
3163	2927	
4607	4608	
4608	4607	
91	496	
496	91	
3352	3365	
3365	3352	
1732	2117	
2117	1732	
453	463	
463	453	
2868	3135	
3135	2868	
1712	1904	
1904	1712	
4180	4290	
4290	4180	
219	224	
224	219	
2353	2382	
2382	2353	
4469	4796	
4796	4469	
4000	4020	
4020	4000	
4627	4649	
4649	4627	
3205	3277	
3277	3205	
4192	4193	
4193	4192	
4050	4053	
4053	4050	
2393	2394	
2394	2393	
2185	2198	
2198	2185	
2079	2095	
2095	2079	
2548	2848	
2848	2548	
3536	3703	
3703	3536	
291	292	
292	291	
1091	1504	
1504	1091	
2171	2192	
2192	2171	
981	1055	
1055	981	
233	234	
234	233	
3585	3726	
3726	3585	
2603	2943	
2943	2603	
831	920	
920	831	
3275	3276	
3276	3275	
885	928	
928	885	
96	148	
148	96	
3319	3574	
3574	3319	
2601	2964	
2964	2601	
2748	3083	
3083	2748	
2811	2971	
2971	2811	
1158	1905	
1905	1158	
4933	4934	
4934	4933	
3728	3729	
3729	3728	
688	689	
689	688	
2852	3278	
3278	2852	
210	213	
213	210	
3798	3939	
3939	3798	
2455	3228	
3228	2455	
2992	3197	
3197	2992	
2493	3225	
3225	2493	
1582	1764	
1764	1582	
3494	3734	
3734	3494	
3755	3778	
3778	3755	
4004	4036	
4036	4004	
795	796	
796	795	
972	973	
973	972	
1062	1444	
1444	1062	
4834	4916	
4916	4834	
4072	4073	
4073	4072	
7	8	
8	7	
2452	2561	
2561	2452	
3372	4878	
4878	3372	
1516	1925	
1925	1516	
893	894	
894	893	
1894	1936	
1936	1894	
4301	4303	
4303	4301	
386	445	
445	386	
3554	3651	
3651	3554	
2842	3195	
3195	2842	
1035	1049	
1049	1035	
3297	3326	
3326	3297	
4538	4806	
4806	4538	
1491	1984	
1984	1491	
2209	2412	
2412	2209	
4697	4699	
4699	4697	
448	449	
449	448	
633	634	
634	633	
4137	4259	
4259	4137	
4475	4559	
4559	4475	
2593	2909	
2909	2593	
244	335	
335	244	
4093	4102	
4102	4093	
1644	2035	
2035	1644	
792	793	
793	792	
2020	2046	
2046	2020	
1683	1778	
1778	1683	
283	284	
284	283	
4458	4463	
4463	4458	
4479	4655	
4655	4479	
3763	3765	
3765	3763	
2786	2787	
2787	2786	
4531	4611	
4611	4531	
1786	2041	
2041	1786	
1754	1790	
1790	1754	
294	300	
300	294	
2233	2305	
2305	2233	
4195	4254	
4254	4195	
4073	4074	
4074	4073	
770	797	
797	770	
2057	2060	
2060	2057	
1681	1875	
1875	1681	
2465	2716	
2716	2465	
3305	3468	
3468	3305	
576	625	
625	576	
2218	2347	
2347	2218	
1135	1534	
1534	1135	
1509	1510	
1510	1509	
4896	4926	
4926	4896	
2082	2085	
2085	2082	
597	620	
620	597	
4693	4695	
4695	4693	
3968	3969	
3969	3968	
4181	4297	
4297	4181	
3559	3579	
3579	3559	
2955	2956	
2956	2955	
2283	2284	
2284	2283	
2475	2519	
2519	2475	
4455	4456	
4456	4455	
3595	3727	
3727	3595	
3331	4603	
4603	3331	
92	123	
123	92	
2259	2262	
2262	2259	
4705	4745	
4745	4705	
3541	3653	
3653	3541	
4593	4611	
4611	4593	
2545	2592	
2592	2545	
3797	3937	
3937	3797	
2632	3204	
3204	2632	
2290	2377	
2377	2290	
3375	3431	
3431	3375	
843	4457	
4457	843	
457	460	
460	457	
168	170	
170	168	
1186	2075	
2075	1186	
2700	2709	
2709	2700	
1083	1503	
1503	1083	
2936	2972	
2972	2936	
4129	4324	
4324	4129	
541	569	
569	541	
3399	3565	
3565	3399	
1182	1398	
1398	1182	
2	3583	
3583	2	
769	772	
772	769	
1405	1406	
1406	1405	
2869	3136	
3136	2869	
2678	2942	
2942	2678	
2448	2597	
2597	2448	
851	854	
854	851	
3480	3481	
3481	3480	
4500	4764	
4764	4500	
1606	1645	
1645	1606	
1658	1771	
1771	1658	
226	230	
230	226	
1648	1807	
1807	1648	
2594	2605	
2605	2594	
4641	4645	
4645	4641	
3582	3612	
3612	3582	
4523	4545	
4545	4523	
3783	3868	
3868	3783	
4060	4065	
4065	4060	
2657	2916	
2916	2657	
3415	3659	
3659	3415	
1506	1818	
1818	1506	
1584	2000	
2000	1584	
2924	2925	
2925	2924	
4829	4874	
4874	4829	
3005	3157	
3157	3005	
4210	4313	
4313	4210	
4197	4199	
4199	4197	
177	178	
178	177	
478	479	
479	478	
4157	4233	
4233	4157	
1908	2062	
2062	1908	
964	1025	
1025	964	
4850	4909	
4909	4850	
4334	4335	
4335	4334	
508	565	
565	508	
2293	2348	
2348	2293	
4677	4684	
4684	4677	
3182	3189	
3189	3182	
4557	4643	
4643	4557	
2913	2923	
2923	2913	
3422	3528	
3528	3422	
1725	2080	
2080	1725	
2449	2687	
2687	2449	
1792	1793	
1793	1792	
1278	1279	
1279	1278	
4616	4683	
4683	4616	
1414	1416	
1416	1414	
1682	1834	
1834	1682	
4342	4411	
4411	4342	
1726	1755	
1755	1726	
3675	3699	
3699	3675	
2575	3154	
3154	2575	
580	725	
725	580	
4263	4264	
4264	4263	
1616	2002	
2002	1616	
2654	3019	
3019	2654	
416	417	
417	416	
1026	1027	
1027	1026	
105	1055	
1055	105	
3332	3333	
3333	3332	
2439	2683	
2683	2439	
1353	1354	
1354	1353	
1115	1543	
1543	1115	
2294	2382	
2382	2294	
4555	4579	
4579	4555	
2839	3152	
3152	2839	
4452	4454	
4454	4452	
1691	1918	
1918	1691	
273	274	
274	273	
4100	4244	
4244	4100	
2225	2404	
2404	2225	
2397	2399	
2399	2397	
2886	2888	
2888	2886	
4704	4746	
4746	4704	
3942	3943	
3943	3942	
3351	3673	
3673	3351	
4098	4282	
4282	4098	
1666	1667	
1667	1666	
205	207	
207	205	
1366	1490	
1490	1366	
3837	3895	
3895	3837	
3642	4885	
4885	3642	
680	682	
682	680	
4512	4696	
4696	4512	
2621	4317	
4317	2621	
665	666	
666	665	
854	861	
861	854	
2273	2275	
2275	2273	
2745	3012	
3012	2745	
2585	2911	
2911	2585	
1637	1738	
1738	1637	
4383	4403	
4403	4383	
4166	4181	
4181	4166	
1163	1299	
1299	1163	
1400	1852	
1852	1400	
3160	3174	
3174	3160	
353	4425	
4425	353	
4761	4777	
4777	4761	
4051	4052	
4052	4051	
4895	4925	
4925	4895	
594	595	
595	594	
484	496	
496	484	
4839	4903	
4903	4839	
2969	3104	
3104	2969	
3836	3918	
3918	3836	
1325	1822	
1822	1325	
3384	3591	
3591	3384	
4041	4066	
4066	4041	
3434	3529	
3529	3434	
980	4855	
4855	980	
4060	4071	
4071	4060	
831	905	
905	831	
3405	3658	
3658	3405	
4847	4848	
4848	4847	
422	1784	
1784	422	
3786	3857	
3857	3786	
4508	4575	
4575	4508	
145	196	
196	145	
2630	3272	
3272	2630	
4	88	
88	4	
2671	2796	
2796	2671	
1392	1426	
1426	1392	
1066	2069	
2069	1066	
3974	4078	
4078	3974	
1378	2021	
2021	1378	
1105	1179	
1179	1105	
2521	2559	
2559	2521	
538	551	
551	538	
963	1013	
1013	963	
2516	2517	
2517	2516	
1972	2133	
2133	1972	
3362	4476	
4476	3362	
1468	2188	
2188	1468	
1191	1407	
1407	1191	
1126	1127	
1127	1126	
852	865	
865	852	
1286	1535	
1535	1286	
1367	1400	
1400	1367	
2487	2632	
2632	2487	
265	308	
308	265	
1785	1910	
1910	1785	
3358	3725	
3725	3358	
4093	4285	
4285	4093	
2704	2896	
2896	2704	
1642	1804	
1804	1642	
1752	2157	
2157	1752	
3345	3622	
3622	3345	
169	170	
170	169	
2272	2334	
2334	2272	
848	889	
889	848	
4841	4844	
4844	4841	
838	853	
853	838	
629	630	
630	629	
974	1023	
1023	974	
4189	4214	
4214	4189	
3310	3460	
3460	3310	
2582	2583	
2583	2582	
4460	4461	
4461	4460	
1030	1038	
1038	1030	
3370	3523	
3523	3370	
1264	1799	
1799	1264	
3763	3946	
3946	3763	
1689	1857	
1857	1689	
1640	1766	
1766	1640	
304	305	
305	304	
3771	3772	
3772	3771	
3302	3450	
3450	3302	
2280	2284	
2284	2280	
2694	3029	
3029	2694	
2575	2905	
2905	2575	
831	919	
919	831	
98	100	
100	98	
2584	2608	
2608	2584	
2515	3231	
3231	2515	
4533	4547	
4547	4533	
4682	4683	
4683	4682	
1617	1620	
1620	1617	
3289	3291	
3291	3289	
4087	4267	
4267	4087	
728	729	
729	728	
4734	4738	
4738	4734	
1680	1734	
1734	1680	
2509	2510	
2510	2509	
1625	2004	
2004	1625	
3412	3468	
3468	3412	
525	530	
530	525	
2267	2269	
2269	2267	
1704	1976	
1976	1704	
252	322	
322	252	
4610	4636	
4636	4610	
3416	3431	
3431	3416	
488	1183	
1183	488	
2374	2375	
2375	2374	
755	757	
757	755	
2479	2555	
2555	2479	
4866	4867	
4867	4866	
1029	1030	
1030	1029	
833	866	
866	833	
2685	2686	
2686	2685	
607	610	
610	607	
4888	4900	
4900	4888	
539	542	
542	539	
4341	4374	
4374	4341	
2563	3147	
3147	2563	
984	985	
985	984	
4198	4199	
4199	4198	
3316	3620	
3620	3316	
4472	4671	
4671	4472	
2507	2508	
2508	2507	
1005	1009	
1009	1005	
2499	2538	
2538	2499	
4117	4240	
4240	4117	
2500	2775	
2775	2500	
849	909	
909	849	
2631	2634	
2634	2631	
3995	4065	
4065	3995	
2574	2906	
2906	2574	
4356	4357	
4357	4356	
3798	3941	
3941	3798	
2241	4631	
4631	2241	
802	2207	
2207	802	
1546	1553	
1553	1546	
1202	1203	
1203	1202	
643	644	
644	643	
1428	1429	
1429	1428	
3468	3479	
3479	3468	
2243	2335	
2335	2243	
1492	1493	
1493	1492	
2750	3085	
3085	2750	
2931	3047	
3047	2931	
1544	1547	
1547	1544	
1206	1989	
1989	1206	
1194	1678	
1678	1194	
1395	1396	
1396	1395	
4083	4084	
4084	4083	
4139	4151	
4151	4139	
843	863	
863	843	
2903	2976	
2976	2903	
4852	4882	
4882	4852	
4542	4675	
4675	4542	
2202	2204	
2204	2202	
4839	4904	
4904	4839	
2318	2327	
2327	2318	
2825	3177	
3177	2825	
4870	4913	
4913	4870	
1144	1222	
1222	1144	
4177	4179	
4179	4177	
2801	2922	
2922	2801	
4549	4576	
4576	4549	
1223	1524	
1524	1223	
3456	3457	
3457	3456	
1348	1629	
1629	1348	
3858	3859	
3859	3858	
424	444	
444	424	
2256	2303	
2303	2256	
1638	1930	
1930	1638	
3071	3086	
3086	3071	
4873	4891	
4891	4873	
2724	2755	
2755	2724	
533	570	
570	533	
3063	3109	
3109	3063	
2560	2604	
2604	2560	
1965	1966	
1966	1965	
2110	2113	
2113	2110	
146	153	
153	146	
4009	4046	
4046	4009	
613	614	
614	613	
2590	2912	
2912	2590	
2710	3215	
3215	2710	
1322	1416	
1416	1322	
71	86	
86	71	
1099	1334	
1334	1099	
2430	2595	
2595	2430	
3145	3180	
3180	3145	
977	1047	
1047	977	
2783	3076	
3076	2783	
1602	2130	
2130	1602	
2780	3011	
3011	2780	
3539	3654	
3654	3539	
1477	1478	
1478	1477	
81	82	
82	81	
425	426	
426	425	
396	398	
398	396	
841	842	
842	841	
1633	1964	
1964	1633	
402	439	
439	402	
1287	1289	
1289	1287	
3418	3565	
3565	3418	
1305	1306	
1306	1305	
4019	4020	
4020	4019	
3838	3906	
3906	3838	
1566	1567	
1567	1566	
2499	3078	
3078	2499	
4518	4778	
4778	4518	
4070	4105	
4105	4070	
3128	3149	
3149	3128	
4111	4268	
4268	4111	
800	801	
801	800	
2376	2403	
2403	2376	
2396	4849	
4849	2396	
3862	3901	
3901	3862	
3483	3739	
3739	3483	
1763	1880	
1880	1763	
4209	4309	
4309	4209	
3033	3034	
3034	3033	
3381	4850	
4850	3381	
4467	4553	
4553	4467	
522	570	
570	522	
4158	4232	
4232	4158	
3948	3956	
3956	3948	
857	902	
902	857	
1165	1777	
1777	1165	
3964	3965	
3965	3964	
4524	4579	
4579	4524	
1547	1595	
1595	1547	
2358	2371	
2371	2358	
2382	2383	
2383	2382	
239	354	
354	239	
1660	1827	
1827	1660	
2527	2789	
2789	2527	
1855	1951	
1951	1855	
2774	3003	
3003	2774	
2815	3198	
3198	2815	
1643	1699	
1699	1643	
4203	4235	
4235	4203	
2970	3132	
3132	2970	
3488	3498	
3498	3488	
3576	3718	
3718	3576	
921	927	
927	921	
1236	1237	
1237	1236	
4041	4043	
4043	4041	
4488	4529	
4529	4488	
592	593	
593	592	
2279	2414	
2414	2279	
2978	3191	
3191	2978	
2647	3256	
3256	2647	
2384	2418	
2418	2384	
3762	3926	
3926	3762	
3306	3467	
3467	3306	
2841	2932	
2932	2841	
272	372	
372	272	
3031	3101	
3101	3031	
104	174	
174	104	
4878	4914	
4914	4878	
2391	2394	
2394	2391	
2747	3082	
3082	2747	
1154	1197	
1197	1154	
3129	3284	
3284	3129	
3517	3584	
3584	3517	
2737	3193	
3193	2737	
2257	2282	
2282	2257	
2865	2952	
2952	2865	
4097	4200	
4200	4097	
1933	1934	
1934	1933	
3810	3821	
3821	3810	
3809	3921	
3921	3809	
526	527	
527	526	
253	337	
337	253	
1757	1909	
1909	1757	
588	597	
597	588	
2829	2834	
2834	2829	
1149	1150	
1150	1149	
78	109	
109	78	
2839	3250	
3250	2839	
3988	4006	
4006	3988	
4769	4770	
4770	4769	
547	548	
548	547	
214	499	
499	214	
154	155	
155	154	
3159	3186	
3186	3159	
4157	4229	
4229	4157	
3456	3458	
3458	3456	
4632	4743	
4743	4632	
3894	3904	
3904	3894	
4513	4514	
4514	4513	
1769	2032	
2032	1769	
2675	2914	
2914	2675	
389	437	
437	389	
3797	3800	
3800	3797	
3428	3429	
3429	3428	
2636	2934	
2934	2636	
2055	2081	
2081	2055	
1812	1851	
1851	1812	
3537	3746	
3746	3537	
0	451	
451	0	
2645	3239	
3239	2645	
4783	4784	
4784	4783	
1656	1897	
1897	1656	
2328	2329	
2329	2328	
2644	3237	
3237	2644	
1188	1189	
1189	1188	
724	725	
725	724	
214	215	
215	214	
3522	3739	
3739	3522	
2891	2942	
2942	2891	
2263	2357	
2357	2263	
271	274	
274	271	
556	563	
563	556	
2831	2836	
2836	2831	
65	68	
68	65	
3540	3724	
3724	3540	
4930	4931	
4931	4930	
2559	3242	
3242	2559	
64	68	
68	64	
1747	2008	
2008	1747	
528	529	
529	528	
388	430	
430	388	
1836	1952	
1952	1836	
672	674	
674	672	
2697	3190	
3190	2697	
407	408	
408	407	
4092	4116	
4116	4092	
1371	1538	
1538	1371	
3758	3883	
3883	3758	
3484	3485	
3485	3484	
1474	1475	
1475	1474	
162	165	
165	162	
1668	1890	
1890	1668	
844	846	
846	844	
3427	3623	
3623	3427	
2480	2591	
2591	2480	
4422	4424	
4424	4422	
3512	3564	
3564	3512	
3126	3130	
3130	3126	
1765	2042	
2042	1765	
2572	2898	
2898	2572	
2967	2968	
2968	2967	
1166	1168	
1168	1166	
1922	2151	
2151	1922	
2077	2191	
2191	2077	
2978	3192	
3192	2978	
3059	3128	
3128	3059	
608	609	
609	608	
1473	1530	
1530	1473	
4525	4759	
4759	4525	
26	203	
203	26	
1061	1444	
1444	1061	
4174	4207	
4207	4174	
737	738	
738	737	
2220	2229	
2229	2220	
4158	4230	
4230	4158	
1096	2109	
2109	1096	
2103	2145	
2145	2103	
1408	1798	
1798	1408	
2671	3026	
3026	2671	
1564	1569	
1569	1564	
2268	2382	
2382	2268	
3910	3917	
3917	3910	
733	734	
734	733	
2386	2408	
2408	2386	
4911	4921	
4921	4911	
4332	4400	
4400	4332	
3664	3726	
3726	3664	
4158	4231	
4231	4158	
2619	2976	
2976	2619	
4910	4924	
4924	4910	
4191	4193	
4193	4191	
829	836	
836	829	
1806	1847	
1847	1806	
3359	3466	
3466	3359	
998	1034	
1034	998	
2801	2995	
2995	2801	
4918	4924	
4924	4918	
1318	1319	
1319	1318	
586	587	
587	586	
1623	2115	
2115	1623	
2300	2407	
2407	2300	
1266	1267	
1267	1266	
3820	3896	
3896	3820	
3330	3705	
3705	3330	
2385	2418	
2418	2385	
2276	2389	
2389	2276	
3004	3125	
3125	3004	
2551	2852	
2852	2551	
3590	3624	
3624	3590	
1421	1422	
1422	1421	
166	176	
176	166	
1247	1384	
1384	1247	
806	807	
807	806	
2226	2228	
2228	2226	
3815	3819	
3819	3815	
4585	4587	
4587	4585	
220	221	
221	220	
2512	3229	
3229	2512	
3183	3188	
3188	3183	
2635	2638	
2638	2635	
536	537	
537	536	
923	926	
926	923	
2431	2816	
2816	2431	
4601	4654	
4654	4601	
1639	1911	
1911	1639	
2625	2627	
2627	2625	
163	191	
191	163	
270	274	
274	270	
4181	4296	
4296	4181	
1513	2022	
2022	1513	
4564	4813	
4813	4564	
654	655	
655	654	
672	673	
673	672	
1761	1999	
1999	1761	
431	433	
433	431	
2953	2954	
2954	2953	
4170	4171	
4171	4170	
335	373	
373	335	
3509	3511	
3511	3509	
1359	1867	
1867	1359	
1174	1184	
1184	1174	
3383	3562	
3562	3383	
2464	2712	
2712	2464	
3285	3286	
3286	3285	
4054	4055	
4055	4054	
2090	2144	
2144	2090	
4527	4528	
4528	4527	
1647	1916	
1916	1647	
4094	4152	
4152	4094	
4592	4635	
4635	4592	
1441	1794	
1794	1441	
3644	3645	
3645	3644	
754	783	
783	754	
511	512	
512	511	
1873	2128	
2128	1873	
2497	2769	
2769	2497	
4091	4092	
4092	4091	
4609	4773	
4773	4609	
2508	2613	
2613	2508	
1664	2163	
2163	1664	
2550	2853	
2853	2550	
3796	3934	
3934	3796	
2131	2145	
2145	2131	
3318	3473	
3473	3318	
3327	3740	
3740	3327	
223	227	
227	223	
4551	4584	
4584	4551	
2939	3223	
3223	2939	
2553	2999	
2999	2553	
1253	1304	
1304	1253	
3071	3201	
3201	3071	
1291	1994	
1994	1291	
2301	2372	
2372	2301	
916	918	
918	916	
3394	3709	
3709	3394	
4505	4600	
4600	4505	
2247	2386	
2386	2247	
1016	1017	
1017	1016	
1214	1774	
1774	1214	
3751	3793	
3793	3751	
2516	2518	
2518	2516	
3307	3470	
3470	3307	
2345	2346	
2346	2345	
4540	4789	
4789	4540	
3756	3757	
3757	3756	
991	1054	
1054	991	
3611	3669	
3669	3611	
257	368	
368	257	
3044	3137	
3137	3044	
324	325	
325	324	
2679	2680	
2680	2679	
987	989	
989	987	
4520	4521	
4521	4520	
1887	2145	
2145	1887	
4578	4722	
4722	4578	
3323	3345	
3345	3323	
514	4458	
4458	514	
2519	2602	
2602	2519	
285	1178	
1178	285	
944	995	
995	944	
1249	1256	
1256	1249	
2704	3103	
3103	2704	
4719	4732	
4732	4719	
3027	3049	
3049	3027	
4724	4735	
4735	4724	
502	504	
504	502	
700	702	
702	700	
3406	3410	
3410	3406	
1352	1435	
1435	1352	
3750	3762	
3762	3750	
1283	1377	
1377	1283	
4114	4320	
4320	4114	
3451	3615	
3615	3451	
2893	3000	
3000	2893	
4215	4216	
4216	4215	
3869	3870	
3870	3869	
647	648	
648	647	
3817	3889	
3889	3817	
2542	3068	
3068	2542	
3607	3736	
3736	3607	
13	15	
15	13	
3992	4013	
4013	3992	
2984	2985	
2985	2984	
1113	1116	
1116	1113	
2279	2361	
2361	2279	
4493	4510	
4510	4493	
4041	4042	
4042	4041	
1723	1975	
1975	1723	
197	201	
201	197	
3798	3940	
3940	3798	
1302	1398	
1398	1302	
3374	3431	
3431	3374	
1487	1531	
1531	1487	
869	895	
895	869	
182	184	
184	182	
3823	3913	
3913	3823	
410	411	
411	410	
4867	4868	
4868	4867	
706	707	
707	706	
1205	2086	
2086	1205	
4599	4820	
4820	4599	
4620	4776	
4776	4620	
3827	3944	
3944	3827	
1585	1721	
1721	1585	
1709	2100	
2100	1709	
3796	3799	
3799	3796	
51	120	
120	51	
456	465	
465	456	
3355	3715	
3715	3355	
3174	3194	
3194	3174	
4538	4807	
4807	4538	
2653	3040	
3040	2653	
36	37	
37	36	
2424	2425	
2425	2424	
1530	1533	
1533	1530	
1617	1700	
1700	1617	
412	1248	
1248	412	
2239	2313	
2313	2239	
1990	2026	
2026	1990	
1382	1383	
1383	1382	
1898	2088	
2088	1898	
1005	1007	
1007	1005	
454	455	
455	454	
3295	3314	
3314	3295	
3038	3276	
3276	3038	
1245	1505	
1505	1245	
1968	1983	
1983	1968	
2509	2511	
2511	2509	
2575	2581	
2581	2575	
2866	2959	
2959	2866	
4082	4084	
4084	4082	
1171	1403	
1403	1171	
2457	2930	
2930	2457	
2314	2321	
2321	2314	
1363	1471	
1471	1363	
3850	3851	
3851	3850	
3512	3560	
3560	3512	
2951	2997	
2997	2951	
935	969	
969	935	
4153	4154	
4154	4153	
4117	4239	
4239	4117	
1002	1005	
1005	1002	
475	4446	
4446	475	
3553	3675	
3675	3553	
987	988	
988	987	
2647	3255	
3255	2647	
2662	2705	
2705	2662	
2900	2901	
2901	2900	
782	4934	
4934	782	
2057	2059	
2059	2057	
125	208	
208	125	
4255	4264	
4264	4255	
116	118	
118	116	
2871	2877	
2877	2871	
848	888	
888	848	
3704	3705	
3705	3704	
2352	2388	
2388	2352	
3505	3506	
3506	3505	
14	17	
17	14	
2552	3292	
3292	2552	
3	4930	
4930	3	
2368	2369	
2369	2368	
4542	4799	
4799	4542	
2749	3084	
3084	2749	
589	590	
590	589	
2320	2321	
2321	2320	
4385	4413	
4413	4385	
3603	3605	
3605	3603	
2525	2617	
2617	2525	
847	848	
848	847	
4167	4169	
4169	4167	
1850	2118	
2118	1850	
1708	1795	
1795	1708	
3463	3464	
3464	3463	
3217	3218	
3218	3217	
440	441	
441	440	
1332	1345	
1345	1332	
2526	3234	
3234	2526	
1275	1307	
1307	1275	
4148	4325	
4325	4148	
1527	2193	
2193	1527	
3391	3694	
3694	3391	
4373	4405	
4405	4373	
3990	3991	
3991	3990	
4792	4795	
4795	4792	
2296	2298	
2298	2296	
2743	2744	
2744	2743	
2548	2958	
2958	2548	
4224	4274	
4274	4224	
241	242	
242	241	
1231	1488	
1488	1231	
4935	4937	
4937	4935	
262	344	
344	262	
3515	3742	
3742	3515	
3804	3928	
3928	3804	
3661	3743	
3743	3661	
3865	3866	
3866	3865	
4166	4208	
4208	4166	
3892	3938	
3938	3892	
2690	2691	
2691	2690	
2421	2422	
2422	2421	
4353	4412	
4412	4353	
53	231	
231	53	
3412	3626	
3626	3412	
1626	2003	
2003	1626	
2633	3187	
3187	2633	
4122	4124	
4124	4122	
2872	2873	
2873	2872	
741	744	
744	741	
483	3769	
3769	483	
2864	3120	
3120	2864	
3300	3446	
3446	3300	
4519	4597	
4597	4519	
794	804	
804	794	
2932	3042	
3042	2932	
252	376	
376	252	
810	811	
811	810	
2807	3168	
3168	2807	
3592	3662	
3662	3592	
1081	1942	
1942	1081	
2469	2639	
2639	2469	
3950	3975	
3975	3950	
955	983	
983	955	
3027	3048	
3048	3027	
3753	3774	
3774	3753	
4278	4279	
4279	4278	
2091	2190	
2190	2091	
4205	4218	
4218	4205	
2753	3088	
3088	2753	
1172	2180	
2180	1172	
1808	1839	
1839	1808	
1713	2194	
2194	1713	
3977	3979	
3979	3977	
843	862	
862	843	
3139	3156	
3156	3139	
4175	4176	
4176	4175	
245	247	
247	245	
1269	1373	
1373	1269	
2362	2363	
2363	2362	
978	1005	
1005	978	
195	204	
204	195	
2540	2828	
2828	2540	
4567	4667	
4667	4567	
3340	3342	
3342	3340	
4558	4700	
4700	4558	
3424	3426	
3426	3424	
1123	1459	
1459	1123	
4816	4817	
4817	4816	
1936	1937	
1937	1936	
2897	3023	
3023	2897	
2623	2979	
2979	2623	
4182	4183	
4183	4182	
1350	1364	
1364	1350	
1607	1773	
1773	1607	
4536	4631	
4631	4536	
1442	1548	
1548	1442	
4531	4650	
4650	4531	
3758	3759	
3759	3758	
4224	4271	
4271	4224	
1707	2019	
2019	1707	
3518	3666	
3666	3518	
4908	4919	
4919	4908	
1368	1369	
1369	1368	
2159	2170	
2170	2159	
4546	4700	
4700	4546	
3354	3355	
3355	3354	
913	917	
917	913	
226	229	
229	226	
2071	2166	
2166	2071	
4153	4253	
4253	4153	
2444	2707	
2707	2444	
3996	4016	
4016	3996	
2585	3095	
3095	2585	
3363	3475	
3475	3363	
3893	3915	
3915	3893	
2938	2994	
2994	2938	
3325	3572	
3572	3325	
2427	2730	
2730	2427	
355	356	
356	355	
1181	2164	
2164	1181	
104	222	
222	104	
564	1482	
1482	564	
4163	4164	
4164	4163	
849	907	
907	849	
915	918	
918	915	
2769	2770	
2770	2769	
1733	2052	
2052	1733	
2533	3112	
3112	2533	
386	387	
387	386	
831	910	
910	831	
1566	1568	
1568	1566	
3860	3902	
3902	3860	
4095	4105	
4105	4095	
1083	1295	
1295	1083	
2249	2252	
2252	2249	
1326	1328	
1328	1326	
721	722	
722	721	
4379	4380	
4380	4379	
1780	1947	
1947	1780	
1136	1137	
1137	1136	
4073	4075	
4075	4073	
3397	3656	
3656	3397	
503	504	
504	503	
677	720	
720	677	
210	212	
212	210	
93	94	
94	93	
11	94	
94	11	
1041	1042	
1042	1041	
4338	4342	
4342	4338	
3387	4878	
4878	3387	
3563	3564	
3564	3563	
4057	4058	
4058	4057	
1128	1353	
1353	1128	
4564	4815	
4815	4564	
4204	4286	
4286	4204	
4096	4106	
4106	4096	
4181	4295	
4295	4181	
3923	3924	
3924	3923	
1352	2189	
2189	1352	
2694	2921	
2921	2694	
1381	1397	
1397	1381	
2618	2974	
2974	2618	
2074	2101	
2101	2074	
4165	4289	
4289	4165	
1554	1720	
1720	1554	
2915	2965	
2965	2915	
2757	2889	
2889	2757	
1270	1271	
1271	1270	
864	883	
883	864	
3786	3886	
3886	3786	
2698	2699	
2699	2698	
4880	4915	
4915	4880	
2343	2344	
2344	2343	
3453	3646	
3646	3453	
3079	3116	
3116	3079	
1695	1967	
1967	1695	
2058	2106	
2106	2058	
4097	4245	
4245	4097	
2439	2682	
2682	2439	
2922	3051	
3051	2922	
1291	1803	
1803	1291	
3423	3425	
3425	3423	
3162	3197	
3197	3162	
3351	3674	
3674	3351	
1141	1142	
1142	1141	
2071	2165	
2165	2071	
4175	4280	
4280	4175	
2649	3273	
3273	2649	
4703	4793	
4793	4703	
127	129	
129	127	
1290	1409	
1409	1290	
4572	4573	
4573	4572	
1546	1888	
1888	1546	
1478	2050	
2050	1478	
1597	1598	
1598	1597	
1196	1197	
1197	1196	
4081	4086	
4086	4081	
4394	4396	
4396	4394	
1293	1294	
1294	1293	
2752	3087	
3087	2752	
3298	3538	
3538	3298	
6	8	
8	6	
873	930	
930	873	
3530	3531	
3531	3530	
604	606	
606	604	
359	361	
361	359	
2093	2142	
2142	2093	
4246	4248	
4248	4246	
1551	1779	
1779	1551	
2495	2761	
2761	2495	
3436	3485	
3485	3436	
1259	1260	
1260	1259	
315	316	
316	315	
3552	3692	
3692	3552	
4628	4662	
4662	4628	
327	328	
328	327	
3619	3705	
3705	3619	
4566	4763	
4763	4566	
4305	4307	
4307	4305	
2809	2843	
2843	2809	
621	622	
622	621	
1694	1731	
1731	1694	
2885	2887	
2887	2885	
4181	4298	
4298	4181	
649	650	
650	649	
61	209	
209	61	
2815	3106	
3106	2815	
3809	3945	
3945	3809	
1351	2017	
2017	1351	
236	237	
237	236	
808	809	
809	808	
3032	3102	
3102	3032	
946	947	
947	946	
4073	4076	
4076	4073	
2754	3089	
3089	2754	
735	736	
736	735	
690	691	
691	690	
3417	3431	
3431	3417	
2111	2163	
2163	2111	
3984	3985	
3985	3984	
615	616	
616	615	
3317	3393	
3393	3317	
281	334	
334	281	
3445	3448	
3448	3445	
1788	1959	
1959	1788	
4760	4761	
4761	4760	
1783	1900	
1900	1783	
4750	4751	
4751	4750	
3952	4040	
4040	3952	
4359	4388	
4388	4359	
163	164	
164	163	
206	207	
207	206	
3504	3732	
3732	3504	
4130	4131	
4131	4130	
1621	1948	
1948	1621	
2817	2818	
2818	2817	
1436	1462	
1462	1436	
4069	4105	
4105	4069	
396	399	
399	396	
3332	3616	
3616	3332	
845	903	
903	845	
1492	1986	
1986	1492	
4458	4466	
4466	4458	
1320	1440	
1440	1320	
2240	2325	
2325	2240	
2267	2270	
2270	2267	
4517	4661	
4661	4517	
4574	4656	
4656	4574	
2521	3233	
3233	2521	
1692	1869	
1869	1692	
2460	2461	
2461	2460	
785	786	
786	785	
137	224	
224	137	
14	16	
16	14	
4012	4028	
4028	4012	
2648	3261	
3261	2648	
4047	4080	
4080	4047	
413	415	
415	413	
3788	3935	
3935	3788	
3899	3900	
3900	3899	
112	113	
113	112	
4434	4435	
4435	4434	
753	2414	
2414	753	
4127	4128	
4128	4127	
2474	2642	
2642	2474	
748	775	
775	748	
3455	3621	
3621	3455	
3760	3761	
3761	3760	
1164	2184	
2184	1164	
788	789	
789	788	
4126	4128	
4128	4126	
2409	2410	
2410	2409	
1146	1148	
1148	1146	
3603	3660	
3660	3603	
3009	3264	
3264	3009	
4755	4758	
4758	4755	
66	69	
69	66	
4386	4402	
4402	4386	
49	4448	
4448	49	
3313	3693	
3693	3313	
1506	1514	
1514	1506	
1385	1895	
1895	1385	
2860	2861	
2861	2860	
4161	4251	
4251	4161	
856	4458	
4458	856	
939	956	
956	939	
2268	2271	
2271	2268	
4539	4808	
4808	4539	
1439	1526	
1526	1439	
434	435	
435	434	
535	574	
574	535	
3307	3469	
3469	3307	
4565	4602	
4602	4565	
956	957	
957	956	
4863	4877	
4877	4863	
1339	1341	
1341	1339	
2577	3248	
3248	2577	
1030	1040	
1040	1030	
2568	2895	
2895	2568	
1608	1998	
1998	1608	
36	39	
39	36	
2533	3179	
3179	2533	
2073	2108	
2108	2073	
2477	3218	
3218	2477	
966	997	
997	966	
554	555	
555	554	
3369	4875	
4875	3369	
3122	3249	
3249	3122	
2726	3061	
3061	2726	
996	1001	
1001	996	
401	402	
402	401	
4195	4266	
4266	4195	
4493	4797	
4797	4493	
1612	1627	
1627	1612	
4450	4462	
4462	4450	
876	895	
895	876	
2339	2419	
2419	2339	
2331	2392	
2392	2331	
134	236	
236	134	
1233	1234	
1234	1233	
1676	1677	
1677	1676	
2714	2942	
2942	2714	
2486	2543	
2543	2486	
12	13	
13	12	
2735	2827	
2827	2735	
57	2562	
2562	57	
367	370	
370	367	
79	80	
80	79	
2438	2439	
2439	2438	
2545	2637	
2637	2545	
1336	1337	
1337	1336	
63	68	
68	63	
1440	1811	
1811	1440	
3930	3931	
3931	3930	
768	772	
772	768	
1517	1518	
1518	1517	
3978	3979	
3979	3978	
153	158	
158	153	
517	520	
520	517	
2227	2359	
2359	2227	
3433	3657	
3657	3433	
4003	4034	
4034	4003	
3605	3606	
3606	3605	
1674	1800	
1800	1674	
450	468	
468	450	
1562	2158	
2158	1562	
642	658	
658	642	
3581	3654	
3654	3581	
731	732	
732	731	
4369	4392	
4392	4369	
2711	3220	
3220	2711	
74	98	
98	74	
631	632	
632	631	
4349	4402	
4402	4349	
2799	2947	
2947	2799	
3604	3611	
3611	3604	
1344	1345	
1345	1344	
128	129	
129	128	
1650	2015	
2015	1650	
1078	1079	
1079	1078	
4291	4292	
4292	4291	
1030	1039	
1039	1030	
1434	1930	
1930	1434	
1463	1953	
1953	1463	
2928	3164	
3164	2928	
375	378	
378	375	
1802	2001	
2001	1802	
694	695	
695	694	
2495	2762	
2762	2495	
2918	3181	
3181	2918	
4730	4748	
4748	4730	
1241	1355	
1355	1241	
3882	3917	
3917	3882	
3320	3546	
3546	3320	
29	130	
130	29	
4490	4648	
4648	4490	
4449	4462	
4462	4449	
114	115	
115	114	
2321	2323	
2323	2321	
1768	1840	
1840	1768	
390	391	
391	390	
2441	2443	
2443	2441	
4936	4938	
4938	4936	
1592	2048	
2048	1592	
981	982	
982	981	
2909	2910	
2910	2909	
3754	3784	
3784	3754	
2991	3196	
3196	2991	
2727	3287	
3287	2727	
268	269	
269	268	
3390	3690	
3690	3390	
1971	1991	
1991	1971	
3679	3680	
3680	3679	
2437	2439	
2439	2437	
2771	2772	
2772	2771	
2649	3274	
3274	2649	
3420	3532	
3532	3420	
1953	2186	
2186	1953	
530	531	
531	530	
1479	1480	
1480	1479	
4150	4202	
4202	4150	
954	1050	
1050	954	
635	636	
636	635	
2397	2400	
2400	2397	
1856	1951	
1951	1856	
3762	3764	
3764	3762	
2523	2611	
2611	2523	
747	780	
780	747	
2655	3176	
3176	2655	
426	3987	
3987	426	
3602	3719	
3719	3602	
2728	3207	
3207	2728	
3310	3477	
3477	3310	
1832	1930	
1930	1832	
552	555	
555	552	
2316	2317	
2317	2316	
3244	3279	
3279	3244	
310	311	
311	310	
594	596	
596	594	
2996	3245	
3245	2996	
3992	4021	
4021	3992	
2495	2763	
2763	2495	
815	816	
816	815	
2215	2411	
2411	2215	
678	679	
679	678	
3144	3246	
3246	3144	
575	730	
730	575	
4697	4818	
4818	4697	
594	705	
705	594	
2647	3259	
3259	2647	
4790	4791	
4791	4790	
1615	1659	
1659	1615	
3600	3738	
3738	3600	
3039	3105	
3105	3039	
516	520	
520	516	
3832	3833	
3833	3832	
4108	4109	
4109	4108	
2056	2084	
2084	2056	
3028	3122	
3122	3028	
4203	4262	
4262	4203	
3443	3740	
3740	3443	
1705	1853	
1853	1705	
3294	3388	
3388	3294	
327	379	
379	327	
3679	3681	
3681	3679	
1340	1540	
1540	1340	
4209	4308	
4308	4209	
2260	2262	
2262	2260	
2857	3080	
3080	2857	
4301	4302	
4302	4301	
2415	2416	
2416	2415	
2566	2567	
2567	2566	
3111	3117	
3117	3111	
2373	2397	
2397	2373	
509	571	
571	509	
3416	3430	
3430	3416	
1536	2176	
2176	1536	
3670	3702	
3702	3670	
2152	2162	
2162	2152	
4011	4017	
4017	4011	
617	618	
618	617	
1821	1923	
1923	1821	
3874	3903	
3903	3874	
2794	3108	
3108	2794	
1675	1706	
1706	1675	
3482	3536	
3536	3482	
2497	3172	
3172	2497	
937	938	
938	937	
296	365	
365	296	
2643	3212	
3212	2643	
2559	3243	
3243	2559	
4471	4590	
4590	4471	
238	4423	
4423	238	
320	321	
321	320	
2700	3268	
3268	2700	
2104	2109	
2109	2104	
2936	3241	
3241	2936	
2915	3138	
3138	2915	
88	90	
90	88	
2578	2902	
2902	2578	
4725	4754	
4754	4725	
1529	1559	
1559	1529	
1791	1793	
1793	1791	
2038	2078	
2078	2038	
1465	1466	
1466	1465	
2206	2382	
2382	2206	
2826	3017	
3017	2826	
3549	3706	
3706	3549	
301	302	
302	301	
2960	2961	
2961	2960	
2845	2971	
2971	2845	
603	604	
604	603	
2587	2588	
2588	2587	
3389	3580	
3580	3389	
4861	4867	
4867	4861	
4203	4261	
4261	4203	
4939	4940	
4940	4939	
4209	4310	
4310	4209	
317	1119	
1119	317	
3408	3411	
3411	3408	
1092	1488	
1488	1092	
288	290	
290	288	
1717	2136	
2136	1717	
3890	3909	
3909	3890	
3314	3435	
3435	3314	
177	180	
180	177	
2146	2147	
2147	2146	
2646	3254	
3254	2646	
2973	3052	
3052	2973	
4224	4272	
4272	4224	
2503	2611	
2611	2503	
1893	2030	
2030	1893	
2585	2720	
2720	2585	
4440	4441	
4441	4440	
338	339	
339	338	
3452	3497	
3497	3452	
813	1228	
1228	813	
3171	3286	
3286	3171	
3855	3912	
3912	3855	
1110	1111	
1111	1110	
3517	3520	
3520	3517	
2044	2045	
2045	2044	
2070	2101	
2101	2070	
4727	4774	
4774	4727	
3133	3134	
3134	3133	
4865	4923	
4923	4865	
1756	2087	
2087	1756	
1926	1940	
1940	1926	
341	346	
346	341	
347	352	
352	347	
29	160	
160	29	
4726	4756	
4756	4726	
4496	4767	
4767	4496	
575	659	
659	575	
2730	2732	
2732	2730	
1277	2203	
2203	1277	
3720	3737	
3737	3720	
3524	3525	
3525	3524	
2664	2799	
2799	2664	
4048	4049	
4049	4048	
3801	3918	
3918	3801	
1069	1497	
1497	1069	
2351	2364	
2364	2351	
587	703	
703	587	
4867	4869	
4869	4867	
2535	2536	
2536	2535	
4637	4642	
4642	4637	
831	904	
904	831	
3967	3969	
3969	3967	
423	430	
430	423	
2253	2311	
2311	2253	
1375	1376	
1376	1375	
1311	2036	
2036	1311	
638	639	
639	638	
2502	3226	
3226	2502	
1210	2076	
2076	1210	
3411	3519	
3519	3411	
3957	3989	
3989	3957	
4350	4351	
4351	4350	
510	561	
561	510	
720	727	
727	720	
686	687	
687	686	
2472	3216	
3216	2472	
1439	1884	
1884	1439	
4708	4752	
4752	4708	
765	766	
766	765	
4846	4848	
4848	4846	
3299	3441	
3441	3299	
2663	2668	
2668	2663	
3533	3706	
3706	3533	
698	699	
699	698	
256	259	
259	256	
1714	1739	
1739	1714	
152	198	
198	152	
850	898	
898	850	
847	911	
911	847	
3378	3380	
3380	3378	
4165	4288	
4288	4165	
2549	2856	
2856	2549	
2688	3090	
3090	2688	
4574	4594	
4594	4574	
4224	4273	
4273	4224	
3884	3904	
3904	3884	
4500	4501	
4501	4500	
4534	4618	
4618	4534	
4210	4316	
4316	4210	
3689	3698	
3698	3689	
3747	3748	
3748	3747	
2445	2708	
2708	2445	
4562	4612	
4612	4562	
404	405	
405	404	
846	870	
870	846	
2734	2738	
2738	2734	
3371	3516	
3516	3371	
2952	3035	
3035	2952	
2598	2599	
2599	2598	
2702	3067	
3067	2702	
1649	2068	
2068	1649	
2536	2701	
2701	2536	
994	999	
999	994	
2336	2338	
2338	2336	
2692	3262	
3262	2692	
668	718	
718	668	
4568	4679	
4679	4568	
623	624	
624	623	
2626	2627	
2627	2626	
2849	2851	
2851	2849	
4673	4823	
4823	4673	
1508	1876	
1876	1508	
1190	1845	
1845	1190	
1903	1990	
1990	1903	
132	4461	
4461	132	
4284	4322	
4322	4284	
1224	1746	
1746	1224	
242	364	
364	242	
663	664	
664	663	
4156	4194	
4194	4156	
1274	1450	
1450	1274	
131	139	
139	131	
848	887	
887	848	
3994	4068	
4068	3994	
154	159	
159	154	
4188	4284	
4284	4188	
1619	1882	
1882	1619	
3545	3617	
3617	3545	
242	363	
363	242	
4427	4429	
4429	4427	
2468	2718	
2718	2468	
4544	4579	
4579	4544	
3490	3491	
3491	3490	
1612	1781	
1781	1612	
2365	4859	
4859	2365	
4574	4595	
4595	4574	
2821	2822	
2822	2821	
713	714	
714	713	
2944	2945	
2945	2944	
2842	2940	
2940	2842	
2695	2979	
2979	2695	
597	599	
599	597	
3037	3041	
3041	3037	
121	122	
122	121	
4495	4659	
4659	4495	
743	745	
745	743	
4127	4252	
4252	4127	
4500	4765	
4765	4500	
3367	3368	
3368	3367	
396	397	
397	396	
409	431	
431	409	
656	658	
658	656	
2741	2742	
2742	2741	
2728	3062	
3062	2728	
3877	3916	
3916	3877	
2291	2315	
2315	2291	
4879	4902	
4902	4879	
44	47	
47	44	
3787	3789	
3789	3787	
3794	3795	
3795	3794	
540	569	
569	540	
1417	1921	
1921	1417	
3575	3589	
3589	3575	
116	117	
117	116	
4284	4321	
4321	4284	
4204	4287	
4287	4204	
872	929	
929	872	
3570	3601	
3601	3570	
839	840	
840	839	
925	927	
927	925	
4526	4803	
4803	4526	
2941	3170	
3170	2941	
3396	3656	
3656	3396	
3818	3880	
3880	3818	
2221	2261	
2261	2221	
1294	1304	
1304	1294	
1024	1059	
1059	1024	
485	486	
486	485	
1309	1310	
1310	1309	
742	759	
759	742	
170	171	
171	170	
3296	3325	
3325	3296	
4731	4738	
4738	4731	
4358	4359	
4359	4358	
103	153	
153	103	
2640	2965	
2965	2640	
4336	4395	
4395	4336	
3982	4035	
4035	3982	
1202	1204	
1204	1202	
2434	2698	
2698	2434	
1460	2108	
2108	1460	
1348	1449	
1449	1348	
1406	1422	
1422	1406	
939	984	
984	939	
4487	4703	
4703	4487	
2527	2815	
2815	2527	
3750	3793	
3793	3750	
852	853	
853	852	
2565	2894	
2894	2565	
3334	4759	
4759	3334	
965	966	
966	965	
258	306	
306	258	
3667	3745	
3745	3667	
1389	1478	
1478	1389	
317	318	
318	317	
1876	2141	
2141	1876	
1102	1573	
1573	1102	
2810	2840	
2840	2810	
1408	1983	
1983	1408	
2530	2918	
2918	2530	
3309	3310	
3310	3309	
2472	2493	
2493	2472	
2515	2810	
2810	2515	
1547	1548	
1548	1547	
1817	2150	
2150	1817	
1842	2079	
2079	1842	
3793	3794	
3794	3793	
2586	2604	
2604	2586	
2814	3012	
3012	2814	
740	815	
815	740	
48	101	
101	48	
3762	3932	
3932	3762	
2221	2232	
2232	2221	
1100	1276	
1276	1100	
2488	2576	
2576	2488	
4685	4686	
4686	4685	
81	2562	
2562	81	
779	789	
789	779	
2797	2800	
2800	2797	
2363	2365	
2365	2363	
1749	1885	
1885	1749	
2553	2721	
2721	2553	
4345	4419	
4419	4345	
2608	3060	
3060	2608	
854	859	
859	854	
1572	1685	
1685	1572	
871	885	
885	871	
843	861	
861	843	
523	525	
525	523	
1272	1626	
1626	1272	
2504	2604	
2604	2504	
4383	4391	
4391	4383	
1528	1762	
1762	1528	
1428	2069	
2069	1428	
2800	2997	
2997	2800	
1709	1797	
1797	1709	
4332	4381	
4381	4332	
2840	2883	
2883	2840	
490	2799	
2799	490	
4520	4592	
4592	4520	
492	493	
493	492	
1337	1997	
1997	1337	
2285	2331	
2331	2285	
3895	3920	
3920	3895	
1097	1379	
1379	1097	
1649	1752	
1752	1649	
944	945	
945	944	
2502	2503	
2503	2502	
1333	1346	
1346	1333	
490	2832	
2832	490	
2463	2991	
2991	2463	
939	940	
940	939	
3757	3931	
3931	3757	
2084	2085	
2085	2084	
1347	1842	
1842	1347	
3453	3454	
3454	3453	
4513	4581	
4581	4513	
1795	1796	
1796	1795	
2096	2190	
2190	2096	
2842	2981	
2981	2842	
2474	2475	
2475	2474	
4689	4691	
4691	4689	
4708	4746	
4746	4708	
1623	2014	
2014	1623	
3774	3863	
3863	3774	
332	353	
353	332	
1098	1914	
1914	1098	
54	109	
109	54	
240	316	
316	240	
3779	3816	
3816	3779	
1298	1302	
1302	1298	
108	207	
207	108	
4872	4917	
4917	4872	
3321	3471	
3471	3321	
1063	1625	
1625	1063	
2457	2458	
2458	2457	
282	295	
295	282	
953	1011	
1011	953	
4336	4342	
4342	4336	
2710	3199	
3199	2710	
1361	1487	
1487	1361	
795	804	
804	795	
2530	2792	
2792	2530	
1184	2447	
2447	1184	
2519	2599	
2599	2519	
3347	3348	
3348	3347	
2106	2154	
2154	2106	
1468	1954	
1954	1468	
584	652	
652	584	
2137	2140	
2140	2137	
1124	2021	
2021	1124	
3317	3352	
3352	3317	
1224	1727	
1727	1224	
3431	3695	
3695	3431	
1367	1388	
1388	1367	
3768	3838	
3838	3768	
4391	4395	
4395	4391	
2820	2825	
2825	2820	
2082	2083	
2083	2082	
632	639	
639	632	
1195	1416	
1416	1195	
392	402	
402	392	
2363	2364	
2364	2363	
1623	2099	
2099	1623	
3329	3365	
3365	3329	
4898	4899	
4899	4898	
1224	1799	
1799	1224	
1205	1290	
1290	1205	
4352	4413	
4413	4352	
2285	2392	
2392	2285	
1242	1725	
1725	1242	
783	800	
800	783	
2846	2936	
2936	2846	
361	362	
362	361	
2607	2608	
2608	2607	
846	860	
860	846	
2538	3123	
3123	2538	
