3871	3915	
3915	3871	
4767	4769	
4769	4767	
297	340	
340	297	
2245	2315	
2315	2245	
509	545	
545	509	
2501	2502	
2502	2501	
4863	4877	
4877	4863	
1190	1191	
1191	1190	
2233	2305	
2305	2233	
3329	3472	
3472	3329	
1551	1779	
1779	1551	
4878	4914	
4914	4878	
1015	1016	
1016	1015	
523	524	
524	523	
715	716	
716	715	
4643	4644	
4644	4643	
2752	3087	
3087	2752	
2760	2878	
2878	2760	
1360	1363	
1363	1360	
1016	1017	
1017	1016	
3498	3515	
3515	3498	
264	334	
334	264	
4084	4090	
4090	4084	
2267	2333	
2333	2267	
658	712	
712	658	
1506	1514	
1514	1506	
2485	2741	
2741	2485	
3959	3979	
3979	3959	
2266	2272	
2272	2266	
3315	3355	
3355	3315	
1406	1422	
1422	1406	
3376	3432	
3432	3376	
1110	1111	
1111	1110	
1216	1512	
1512	1216	
4132	4133	
4133	4132	
2102	2146	
2146	2102	
2333	2381	
2381	2333	
3343	3659	
3659	3343	
734	736	
736	734	
3783	3841	
3841	3783	
3327	3713	
3713	3327	
257	368	
368	257	
241	351	
351	241	
4381	4398	
4398	4381	
258	311	
311	258	
528	530	
530	528	
2489	3115	
3115	2489	
780	783	
783	780	
4352	4376	
4376	4352	
706	707	
707	706	
1094	1177	
1177	1094	
3706	3707	
3707	3706	
4939	4940	
4940	4939	
2220	2229	
2229	2220	
2096	2135	
2135	2096	
106	186	
186	106	
2328	2383	
2383	2328	
1951	2012	
2012	1951	
1081	1154	
1154	1081	
3005	3157	
3157	3005	
1005	1049	
1049	1005	
3575	3589	
3589	3575	
532	533	
533	532	
2629	2987	
2987	2629	
4444	4462	
4462	4444	
1224	1225	
1225	1224	
407	408	
408	407	
2454	2560	
2560	2454	
771	773	
773	771	
2544	2843	
2843	2544	
3794	3795	
3795	3794	
4345	4365	
4365	4345	
2801	2922	
2922	2801	
1965	1966	
1966	1965	
2757	2889	
2889	2757	
1630	1729	
1729	1630	
758	824	
824	758	
3538	3741	
3741	3538	
3044	3045	
3045	3044	
1280	1523	
1523	1280	
1647	1916	
1916	1647	
450	468	
468	450	
3762	3926	
3926	3762	
2623	2979	
2979	2623	
3145	3180	
3180	3145	
1235	1902	
1902	1235	
3009	3264	
3264	3009	
168	229	
229	168	
2467	2717	
2717	2467	
4164	4207	
4207	4164	
4522	4554	
4554	4522	
2913	2923	
2923	2913	
2202	2204	
2204	2202	
4458	4464	
4464	4458	
3053	3197	
3197	3053	
1326	1424	
1424	1326	
154	173	
173	154	
4015	4033	
4033	4015	
2563	2790	
2790	2563	
4715	4727	
4727	4715	
4212	4305	
4305	4212	
4376	4392	
4392	4376	
859	881	
881	859	
998	1034	
1034	998	
1272	1928	
1928	1272	
3318	4864	
4864	3318	
1072	1073	
1073	1072	
4191	4193	
4193	4191	
3810	3811	
3811	3810	
2878	3153	
3153	2878	
2506	2777	
2777	2506	
2283	2284	
2284	2283	
1453	1456	
1456	1453	
1082	1750	
1750	1082	
4342	4368	
4368	4342	
2207	2213	
2213	2207	
2515	2595	
2595	2515	
1081	1942	
1942	1081	
1777	1849	
1849	1777	
504	523	
523	504	
4865	4923	
4923	4865	
4906	4907	
4907	4906	
3437	3665	
3665	3437	
2596	2928	
2928	2596	
663	664	
664	663	
4493	4797	
4797	4493	
4509	4664	
4664	4509	
239	240	
240	239	
2687	3099	
3099	2687	
4174	4317	
4317	4174	
4349	4402	
4402	4349	
332	353	
353	332	
2575	2601	
2601	2575	
632	639	
639	632	
1326	1821	
1821	1326	
3576	3718	
3718	3576	
4762	4768	
4768	4762	
3473	3544	
3544	3473	
4566	4763	
4763	4566	
4352	4374	
4374	4352	
2727	3009	
3009	2727	
431	433	
433	431	
3351	3689	
3689	3351	
1084	1224	
1224	1084	
2368	2377	
2377	2368	
2884	3146	
3146	2884	
188	205	
205	188	
782	4934	
4934	782	
4641	4645	
4645	4641	
1316	1467	
1467	1316	
1512	2020	
2020	1512	
2783	3076	
3076	2783	
3805	3864	
3864	3805	
3454	4845	
4845	3454	
4862	4878	
4878	4862	
2543	4219	
4219	2543	
3468	3526	
3526	3468	
3897	3923	
3923	3897	
2548	2848	
2848	2548	
3763	3766	
3766	3763	
743	760	
760	743	
2349	2350	
2350	2349	
2242	2355	
2355	2242	
3780	3781	
3781	3780	
584	585	
585	584	
3825	3903	
3903	3825	
4898	4899	
4899	4898	
4908	4919	
4919	4908	
1067	1068	
1068	1067	
2376	2403	
2403	2376	
2249	4573	
4573	2249	
329	330	
330	329	
575	660	
660	575	
1592	2048	
2048	1592	
3293	3593	
3593	3293	
2475	2558	
2558	2475	
1124	2021	
2021	1124	
4048	4049	
4049	4048	
4367	4392	
4392	4367	
1460	2081	
2081	1460	
785	786	
786	785	
831	919	
919	831	
1063	1625	
1625	1063	
3412	3468	
3468	3412	
2279	2414	
2414	2279	
396	400	
400	396	
582	583	
583	582	
2223	2235	
2235	2223	
3316	3620	
3620	3316	
342	355	
355	342	
272	274	
274	272	
4670	4689	
4689	4670	
1185	1442	
1442	1185	
2739	2741	
2741	2739	
2553	3149	
3149	2553	
1166	1646	
1646	1166	
3972	4005	
4005	3972	
2470	2471	
2471	2470	
1125	1476	
1476	1125	
475	4446	
4446	475	
3302	3672	
3672	3302	
1607	1674	
1674	1607	
3511	3563	
3563	3511	
1099	1334	
1334	1099	
2391	2394	
2394	2391	
4178	4179	
4179	4178	
3758	3792	
3792	3758	
2276	2290	
2290	2276	
351	352	
352	351	
4607	4608	
4608	4607	
3371	3567	
3567	3371	
4100	4241	
4241	4100	
1104	1717	
1717	1104	
3121	3161	
3161	3121	
742	743	
743	742	
2649	3274	
3274	2649	
521	4448	
4448	521	
3781	3870	
3870	3781	
1219	1912	
1912	1219	
1650	1788	
1788	1650	
67	70	
70	67	
3316	3317	
3317	3316	
1100	2179	
2179	1100	
2257	2282	
2282	2257	
2249	2370	
2370	2249	
1329	1330	
1330	1329	
393	447	
447	393	
543	545	
545	543	
948	949	
949	948	
3111	3117	
3117	3111	
1633	1964	
1964	1633	
3126	3130	
3130	3126	
3139	3156	
3156	3139	
3386	3445	
3445	3386	
3028	3122	
3122	3028	
3683	3722	
3722	3683	
3351	3671	
3671	3351	
4111	4201	
4201	4111	
1101	2139	
2139	1101	
1668	1808	
1808	1668	
2434	2624	
2624	2434	
3796	3916	
3916	3796	
2956	3094	
3094	2956	
2185	2198	
2198	2185	
2849	2851	
2851	2849	
4084	4086	
4086	4084	
3863	3907	
3907	3863	
3779	3855	
3855	3779	
2353	2388	
2388	2353	
2838	2839	
2839	2838	
334	352	
352	334	
3778	3943	
3943	3778	
3785	4199	
4199	3785	
1219	1407	
1407	1219	
1693	1858	
1858	1693	
764	820	
820	764	
1152	1484	
1484	1152	
632	634	
634	632	
2488	2576	
2576	2488	
3152	3250	
3250	3152	
3412	3626	
3626	3412	
1702	2003	
2003	1702	
945	1058	
1058	945	
763	777	
777	763	
318	336	
336	318	
2538	2544	
2544	2538	
1151	1530	
1530	1151	
4475	4559	
4559	4475	
3830	3895	
3895	3830	
2528	2543	
2543	2528	
1375	1376	
1376	1375	
4452	4454	
4454	4452	
3462	3465	
3465	3462	
1461	2125	
2125	1461	
4221	4222	
4222	4221	
2089	2129	
2129	2089	
4395	4396	
4396	4395	
1927	2080	
2080	1927	
2505	2522	
2522	2505	
4332	4400	
4400	4332	
4705	4714	
4714	4705	
2276	2389	
2389	2276	
2574	2972	
2972	2574	
4568	4679	
4679	4568	
1025	1026	
1026	1025	
392	425	
425	392	
2868	3135	
3135	2868	
1932	1944	
1944	1932	
2121	2137	
2137	2121	
2988	2990	
2990	2988	
3429	3619	
3619	3429	
1208	1794	
1794	1208	
3985	3987	
3987	3985	
2205	2210	
2210	2205	
482	485	
485	482	
1858	2023	
2023	1858	
210	212	
212	210	
2209	4743	
4743	2209	
3767	3838	
3838	3767	
3018	3213	
3213	3018	
1256	1763	
1763	1256	
4114	4320	
4320	4114	
56	152	
152	56	
2608	2651	
2651	2608	
4009	4018	
4018	4009	
604	657	
657	604	
2647	3259	
3259	2647	
4152	4163	
4163	4152	
696	697	
697	696	
2538	2550	
2550	2538	
1649	1752	
1752	1649	
3757	3930	
3930	3757	
1933	1944	
1944	1933	
624	655	
655	624	
3329	3587	
3587	3329	
1334	1515	
1515	1334	
3807	3901	
3901	3807	
4893	4894	
4894	4893	
2426	2655	
2655	2426	
776	786	
786	776	
1524	1632	
1632	1524	
4554	4666	
4666	4554	
3888	3909	
3909	3888	
2241	4631	
4631	2241	
1953	2143	
2143	1953	
3955	4056	
4056	3955	
755	757	
757	755	
353	374	
374	353	
9	208	
208	9	
3913	3922	
3922	3913	
3397	3656	
3656	3397	
539	544	
544	539	
1609	2065	
2065	1609	
1083	1503	
1503	1083	
506	539	
539	506	
4485	4530	
4530	4485	
1162	1163	
1163	1162	
2554	2608	
2608	2554	
3827	3856	
3856	3827	
2534	2823	
2823	2534	
902	931	
931	902	
4336	4347	
4347	4336	
2538	3123	
3123	2538	
1060	2002	
2002	1060	
2265	2306	
2306	2265	
2585	3215	
3215	2585	
1149	1150	
1150	1149	
2486	2743	
2743	2486	
3658	3686	
3686	3658	
1418	1419	
1419	1418	
156	189	
189	156	
4828	4884	
4884	4828	
2038	2078	
2078	2038	
1147	1207	
1207	1147	
435	1297	
1297	435	
223	227	
227	223	
3445	3737	
3737	3445	
4047	4080	
4080	4047	
1206	1705	
1705	1206	
2337	2357	
2357	2337	
2515	3231	
3231	2515	
2452	2694	
2694	2452	
4651	4652	
4652	4651	
285	306	
306	285	
1104	2121	
2121	1104	
587	703	
703	587	
2490	2730	
2730	2490	
1460	2123	
2123	1460	
51	194	
194	51	
1417	1921	
1921	1417	
1945	2148	
2148	1945	
1438	1811	
1811	1438	
2691	2891	
2891	2691	
3629	3741	
3741	3629	
2857	3080	
3080	2857	
2662	3200	
3200	2662	
4540	4588	
4588	4540	
1090	1108	
1108	1090	
1285	2141	
2141	1285	
3324	3342	
3342	3324	
1933	2116	
2116	1933	
76	77	
77	76	
2479	2481	
2481	2479	
655	689	
689	655	
986	1010	
1010	986	
2908	2918	
2918	2908	
1788	1959	
1959	1788	
2545	2862	
2862	2545	
85	4448	
4448	85	
1090	1496	
1496	1090	
443	464	
464	443	
261	334	
334	261	
1321	1522	
1522	1321	
2123	2134	
2134	2123	
1225	1326	
1326	1225	
849	855	
855	849	
1756	2087	
2087	1756	
3979	4027	
4027	3979	
25	58	
58	25	
2561	2883	
2883	2561	
3498	3627	
3627	3498	
1359	1867	
1867	1359	
811	1124	
1124	811	
1666	1667	
1667	1666	
1965	2034	
2034	1965	
2838	2857	
2857	2838	
1284	1526	
1526	1284	
1439	1516	
1516	1439	
1899	1958	
1958	1899	
1563	1787	
1787	1563	
1339	1340	
1340	1339	
2574	2812	
2812	2574	
2409	4552	
4552	2409	
3880	3925	
3925	3880	
2575	2794	
2794	2575	
4210	4313	
4313	4210	
257	310	
310	257	
4381	4408	
4408	4381	
1022	1046	
1046	1022	
3127	3128	
3128	3127	
4007	4056	
4056	4007	
2644	2648	
2648	2644	
589	591	
591	589	
1441	1442	
1442	1441	
3174	3194	
3194	3174	
521	832	
832	521	
4651	4826	
4826	4651	
4033	4034	
4034	4033	
2530	3181	
3181	2530	
3322	3454	
3454	3322	
1311	2192	
2192	1311	
1131	1243	
1243	1131	
2440	4458	
4458	2440	
1579	1657	
1657	1579	
2959	3121	
3121	2959	
2601	3049	
3049	2601	
748	750	
750	748	
4401	4408	
4408	4401	
4717	4728	
4728	4717	
2886	3189	
3189	2886	
3763	3789	
3789	3763	
1395	1396	
1396	1395	
766	803	
803	766	
4384	4385	
4385	4384	
4336	4373	
4373	4336	
2146	2147	
2147	2146	
3711	3712	
3712	3711	
2345	2346	
2346	2345	
1352	2189	
2189	1352	
3184	3187	
3187	3184	
959	1006	
1006	959	
4332	4413	
4413	4332	
587	618	
618	587	
4344	4408	
4408	4344	
946	947	
947	946	
2439	2991	
2991	2439	
1726	1977	
1977	1726	
742	762	
762	742	
1557	1712	
1712	1557	
68	4893	
4893	68	
257	360	
360	257	
3865	3904	
3904	3865	
846	860	
860	846	
4126	4128	
4128	4126	
2483	3219	
3219	2483	
4291	4292	
4292	4291	
276	351	
351	276	
2439	2449	
2449	2439	
3595	3727	
3727	3595	
474	481	
481	474	
3839	3923	
3923	3839	
622	736	
736	622	
3368	3370	
3370	3368	
3763	4199	
4199	3763	
183	184	
184	183	
4118	4159	
4159	4118	
4067	4068	
4068	4067	
3334	4759	
4759	3334	
4356	4357	
4357	4356	
1953	2187	
2187	1953	
4166	4188	
4188	4166	
3171	3286	
3286	3171	
2224	2350	
2350	2224	
4347	4398	
4398	4347	
1584	2012	
2012	1584	
1712	1904	
1904	1712	
2635	2638	
2638	2635	
214	499	
499	214	
2548	2958	
2958	2548	
1557	1846	
1846	1557	
4698	4699	
4699	4698	
1361	1864	
1864	1361	
2621	4317	
4317	2621	
813	1228	
1228	813	
4640	4641	
4641	4640	
424	443	
443	424	
3299	3440	
3440	3299	
2527	2815	
2815	2527	
2547	2548	
2548	2547	
4263	4264	
4264	4263	
2847	2932	
2932	2847	
2670	3221	
3221	2670	
4364	4372	
4372	4364	
185	187	
187	185	
1024	1059	
1059	1024	
2285	2286	
2286	2285	
2691	2942	
2942	2691	
0	386	
386	0	
1522	1844	
1844	1522	
291	292	
292	291	
3774	3863	
3863	3774	
1547	1548	
1548	1547	
1419	1453	
1453	1419	
1318	1319	
1319	1318	
2544	2791	
2791	2544	
627	628	
628	627	
1821	1923	
1923	1821	
4136	4222	
4222	4136	
4556	4648	
4648	4556	
1327	1433	
1433	1327	
81	2562	
2562	81	
2620	2978	
2978	2620	
1115	1543	
1543	1115	
4327	4375	
4375	4327	
892	896	
896	892	
2397	2398	
2398	2397	
859	864	
864	859	
1106	1143	
1143	1106	
4014	4029	
4029	4014	
3404	3456	
3456	3404	
21	176	
176	21	
174	189	
189	174	
2236	2238	
2238	2236	
4481	4655	
4655	4481	
2883	2900	
2900	2883	
2596	2927	
2927	2596	
2294	2382	
2382	2294	
1166	1525	
1525	1166	
2393	2394	
2394	2393	
4494	4596	
4596	4494	
3884	3904	
3904	3884	
971	1037	
1037	971	
818	819	
819	818	
953	1011	
1011	953	
4885	4886	
4886	4885	
2700	2709	
2709	2700	
4344	4413	
4413	4344	
4602	4611	
4611	4602	
1653	1742	
1742	1653	
395	419	
419	395	
2522	2807	
2807	2522	
4853	4854	
4854	4853	
1400	1401	
1401	1400	
2625	2627	
2627	2625	
3031	3101	
3101	3031	
4337	4402	
4402	4337	
2736	2806	
2806	2736	
3351	3598	
3598	3351	
2529	2917	
2917	2529	
770	771	
771	770	
1091	1429	
1429	1091	
1109	1210	
1210	1109	
2435	2670	
2670	2435	
4627	4649	
4649	4627	
71	224	
224	71	
3829	3837	
3837	3829	
3044	3137	
3137	3044	
3370	3523	
3523	3370	
2572	2899	
2899	2572	
1591	1622	
1622	1591	
1612	1613	
1613	1612	
694	726	
726	694	
3962	4004	
4004	3962	
2243	2325	
2325	2243	
2937	2938	
2938	2937	
4328	4331	
4331	4328	
49	4448	
4448	49	
2409	2410	
2410	2409	
256	259	
259	256	
1584	1855	
1855	1584	
525	530	
530	525	
4350	4351	
4351	4350	
108	116	
116	108	
3313	3314	
3314	3313	
4121	4202	
4202	4121	
2485	2561	
2561	2485	
3807	3844	
3844	3807	
4276	4279	
4279	4276	
1116	1552	
1552	1116	
3371	3516	
3516	3371	
2959	3148	
3148	2959	
56	149	
149	56	
341	346	
346	341	
2874	3186	
3186	2874	
1602	2130	
2130	1602	
4156	4194	
4194	4156	
2825	2952	
2952	2825	
2747	3082	
3082	2747	
2260	2262	
2262	2260	
408	456	
456	408	
560	561	
561	560	
1147	2064	
2064	1147	
2622	2702	
2702	2622	
4733	4745	
4745	4733	
2596	2918	
2918	2596	
3650	3651	
3651	3650	
162	165	
165	162	
206	207	
207	206	
1953	2056	
2056	1953	
71	86	
86	71	
3347	3349	
3349	3347	
3777	3797	
3797	3777	
4106	4147	
4147	4106	
2562	4448	
4448	2562	
4129	4324	
4324	4129	
3549	3706	
3706	3549	
3784	3797	
3797	3784	
921	927	
927	921	
2586	2911	
2911	2586	
1591	1930	
1930	1591	
1492	1710	
1710	1492	
4147	4204	
4204	4147	
859	883	
883	859	
2939	4024	
4024	2939	
2385	2418	
2418	2385	
4189	4214	
4214	4189	
1133	1609	
1609	1133	
3325	3572	
3572	3325	
1224	1594	
1594	1224	
169	170	
170	169	
1817	2149	
2149	1817	
3310	3478	
3478	3310	
1307	1812	
1812	1307	
762	778	
778	762	
1193	1528	
1528	1193	
4526	4804	
4804	4526	
4520	4800	
4800	4520	
1210	1536	
1536	1210	
2242	2249	
2249	2242	
4532	4596	
4596	4532	
1286	1300	
1300	1286	
2883	2986	
2986	2883	
3789	3895	
3895	3789	
4367	4374	
4374	4367	
987	988	
988	987	
846	894	
894	846	
4372	4391	
4391	4372	
78	109	
109	78	
1087	1088	
1088	1087	
2468	2718	
2718	2468	
4508	4636	
4636	4508	
1768	1840	
1840	1768	
1561	1819	
1819	1561	
2574	2692	
2692	2574	
3533	3706	
3706	3533	
3783	3784	
3784	3783	
1846	1883	
1883	1846	
3618	3649	
3649	3618	
144	192	
192	144	
1589	1599	
1599	1589	
1353	1859	
1859	1353	
3775	3921	
3921	3775	
536	557	
557	536	
2434	2698	
2698	2434	
2716	3279	
3279	2716	
1023	1050	
1050	1023	
2519	2599	
2599	2519	
2495	2763	
2763	2495	
3315	3656	
3656	3315	
4928	4929	
4929	4928	
804	1402	
1402	804	
4165	4289	
4289	4165	
1030	1033	
1033	1030	
1492	1565	
1565	1492	
1077	1224	
1224	1077	
389	2282	
2282	389	
3355	3601	
3601	3355	
1656	1897	
1897	1656	
3572	3657	
3657	3572	
1707	2019	
2019	1707	
3796	3876	
3876	3796	
1598	1686	
1686	1598	
4365	4368	
4368	4365	
4542	4675	
4675	4542	
1368	1903	
1903	1368	
4344	4385	
4385	4344	
1321	1505	
1505	1321	
1378	1400	
1400	1378	
3310	3333	
3333	3310	
3517	3520	
3520	3517	
1026	1027	
1027	1026	
1434	1930	
1930	1434	
1270	1271	
1271	1270	
1754	1833	
1833	1754	
1325	1326	
1326	1325	
4205	4218	
4218	4205	
2368	2369	
2369	2368	
4175	4176	
4176	4175	
757	791	
791	757	
2490	2948	
2948	2490	
856	4458	
4458	856	
4187	4196	
4196	4187	
1582	1764	
1764	1582	
535	574	
574	535	
2831	2836	
2836	2831	
948	950	
950	948	
490	2680	
2680	490	
4615	4654	
4654	4615	
309	4431	
4431	309	
2798	3253	
3253	2798	
4147	4151	
4151	4147	
4565	4602	
4602	4565	
4867	4868	
4868	4867	
483	484	
484	483	
1156	1260	
1260	1156	
2696	2787	
2787	2696	
4556	4670	
4670	4556	
1248	1913	
1913	1248	
420	2283	
2283	420	
3345	3622	
3622	3345	
2460	2461	
2461	2460	
2711	3210	
3210	2711	
2509	2511	
2511	2509	
1347	1447	
1447	1347	
942	959	
959	942	
2111	2163	
2163	2111	
871	928	
928	871	
582	612	
612	582	
4012	4028	
4028	4012	
478	492	
492	478	
2915	2965	
2965	2915	
3843	3844	
3844	3843	
1060	1061	
1061	1060	
1175	1467	
1467	1175	
422	439	
439	422	
4592	4635	
4635	4592	
1106	1249	
1249	1106	
2693	3171	
3171	2693	
2238	2291	
2291	2238	
277	314	
314	277	
564	1482	
1482	564	
1236	1237	
1237	1236	
3410	3666	
3666	3410	
2603	3115	
3115	2603	
578	610	
610	578	
2671	3004	
3004	2671	
1257	1292	
1292	1257	
2445	2604	
2604	2445	
3966	4041	
4041	3966	
2740	2883	
2883	2740	
2542	3174	
3174	2542	
3887	3888	
3888	3887	
1577	1631	
1631	1577	
4374	4376	
4376	4374	
4513	4581	
4581	4513	
4339	4340	
4340	4339	
396	2231	
2231	396	
1307	1308	
1308	1307	
3309	3310	
3310	3309	
2932	2935	
2935	2932	
811	822	
822	811	
1133	1323	
1323	1133	
2645	2647	
2647	2645	
950	1034	
1034	950	
792	793	
793	792	
3779	3893	
3893	3779	
3833	3919	
3919	3833	
1928	2003	
2003	1928	
2697	3134	
3134	2697	
647	648	
648	647	
679	681	
681	679	
2221	2376	
2376	2221	
1091	1092	
1092	1091	
1086	1088	
1088	1086	
2522	2614	
2614	2522	
1709	1870	
1870	1709	
4129	4323	
4323	4129	
1572	1740	
1740	1572	
2619	2976	
2976	2619	
980	4855	
4855	980	
2437	2439	
2439	2437	
2311	2346	
2346	2311	
1062	1444	
1444	1062	
4875	4876	
4876	4875	
3522	3571	
3571	3522	
4354	4410	
4410	4354	
1622	1623	
1623	1622	
960	987	
987	960	
408	437	
437	408	
3664	3726	
3726	3664	
1442	1548	
1548	1442	
967	968	
968	967	
310	311	
311	310	
332	333	
333	332	
1063	1065	
1065	1063	
1619	1882	
1882	1619	
3024	3071	
3071	3024	
1309	1316	
1316	1309	
2919	3167	
3167	2919	
2565	2894	
2894	2565	
3793	3904	
3904	3793	
84	4461	
4461	84	
855	856	
856	855	
2540	2828	
2828	2540	
4531	4650	
4650	4531	
1323	1374	
1374	1323	
4830	4831	
4831	4830	
2629	2948	
2948	2629	
315	356	
356	315	
1132	1135	
1135	1132	
3958	3999	
3999	3958	
539	542	
542	539	
532	564	
564	532	
295	296	
296	295	
9	75	
75	9	
4154	4156	
4156	4154	
1917	1999	
1999	1917	
1361	1450	
1450	1361	
283	284	
284	283	
1140	1345	
1345	1140	
511	538	
538	511	
2504	2604	
2604	2504	
975	1010	
1010	975	
4442	4443	
4443	4442	
4153	4253	
4253	4153	
2301	2372	
2372	2301	
3160	3174	
3174	3160	
4392	4401	
4401	4392	
1242	1995	
1995	1242	
3784	3785	
3785	3784	
3599	3719	
3719	3599	
4165	4288	
4288	4165	
1003	1045	
1045	1003	
73	231	
231	73	
304	305	
305	304	
1341	1448	
1448	1341	
2435	2490	
2490	2435	
4357	4377	
4377	4357	
636	648	
648	636	
4482	4590	
4590	4482	
91	4446	
4446	91	
4203	4236	
4236	4203	
2319	2366	
2366	2319	
1361	1444	
1444	1361	
4448	4458	
4458	4448	
3752	3804	
3804	3752	
4154	4193	
4193	4154	
2553	3284	
3284	2553	
2471	2966	
2966	2471	
644	687	
687	644	
1242	1725	
1725	1242	
2971	2978	
2978	2971	
2331	2392	
2392	2331	
2390	2395	
2395	2390	
557	558	
558	557	
1801	1996	
1996	1801	
3072	3166	
3166	3072	
1323	2098	
2098	1323	
4059	4061	
4061	4059	
2072	2073	
2073	2072	
4195	4254	
4254	4195	
2843	3096	
3096	2843	
2137	2140	
2140	2137	
4439	4441	
4441	4439	
1839	1840	
1840	1839	
3317	3336	
3336	3317	
4010	4047	
4047	4010	
3308	3692	
3692	3308	
3071	3201	
3201	3071	
2938	2994	
2994	2938	
2932	3020	
3020	2932	
105	1055	
1055	105	
3775	3922	
3922	3775	
4327	4387	
4387	4327	
3562	3744	
3744	3562	
3381	4850	
4850	3381	
1170	1486	
1486	1170	
2046	2047	
2047	2046	
2645	3240	
3240	2645	
2978	3192	
3192	2978	
217	218	
218	217	
2796	3152	
3152	2796	
937	1010	
1010	937	
675	702	
702	675	
4476	4628	
4628	4476	
2336	2374	
2374	2336	
430	441	
441	430	
114	115	
115	114	
3556	3708	
3708	3556	
214	215	
215	214	
1943	2030	
2030	1943	
1613	1847	
1847	1613	
2938	3140	
3140	2938	
4134	4138	
4138	4134	
4518	4691	
4691	4518	
3983	4000	
4000	3983	
3359	3466	
3466	3359	
4901	4907	
4907	4901	
3449	3710	
3710	3449	
161	196	
196	161	
2432	2590	
2590	2432	
3855	3912	
3912	3855	
3285	3286	
3286	3285	
3467	3527	
3527	3467	
833	874	
874	833	
3895	3900	
3900	3895	
4422	4432	
4432	4422	
3030	3284	
3284	3030	
11	94	
94	11	
3766	3938	
3938	3766	
984	1050	
1050	984	
1170	1531	
1531	1170	
2496	3017	
3017	2496	
675	676	
676	675	
4158	4232	
4232	4158	
1680	1734	
1734	1680	
35	36	
36	35	
2539	2549	
2549	2539	
743	804	
804	743	
4639	4689	
4689	4639	
1554	1720	
1720	1554	
1293	1294	
1294	1293	
1100	1276	
1276	1100	
3762	3935	
3935	3762	
241	242	
242	241	
976	1048	
1048	976	
2330	2405	
2405	2330	
4004	4036	
4036	4004	
4511	4702	
4702	4511	
1583	2087	
2087	1583	
1705	1853	
1853	1705	
1263	1432	
1432	1263	
2662	2819	
2819	2662	
3613	3662	
3662	3613	
3750	3793	
3793	3750	
4345	4419	
4419	4345	
4710	4724	
4724	4710	
4367	4404	
4404	4367	
2246	2388	
2388	2246	
2671	3143	
3143	2671	
3850	3851	
3851	3850	
2544	2844	
2844	2544	
1754	1790	
1790	1754	
1128	1401	
1401	1128	
4440	4441	
4441	4440	
630	696	
696	630	
521	4458	
4458	521	
1041	1056	
1056	1041	
4343	4345	
4345	4343	
1315	1816	
1816	1315	
4872	4917	
4917	4872	
4483	4876	
4876	4483	
794	804	
804	794	
3317	3392	
3392	3317	
3214	3252	
3252	3214	
242	363	
363	242	
3371	3608	
3608	3371	
4704	4711	
4711	4704	
3872	3895	
3895	3872	
1165	1777	
1777	1165	
2826	3017	
3017	2826	
4434	4435	
4435	4434	
4137	4238	
4238	4137	
2245	2421	
2421	2245	
1644	1909	
1909	1644	
1026	1045	
1045	1026	
2987	3122	
3122	2987	
835	896	
896	835	
2658	2667	
2667	2658	
83	221	
221	83	
543	561	
561	543	
4792	4795	
4795	4792	
776	4928	
4928	776	
2091	2190	
2190	2091	
3065	3159	
3159	3065	
2279	2361	
2361	2279	
3975	3994	
3994	3975	
852	853	
853	852	
4619	4637	
4637	4619	
1374	1451	
1451	1374	
3817	3889	
3889	3817	
1546	1553	
1553	1546	
709	710	
710	709	
2501	2645	
2645	2501	
2893	2996	
2996	2893	
2219	2332	
2332	2219	
3403	3747	
3747	3403	
3342	4876	
4876	3342	
43	94	
94	43	
2825	2865	
2865	2825	
2614	2970	
2970	2614	
2409	4649	
4649	2409	
3805	3863	
3863	3805	
2225	2314	
2314	2225	
1571	1881	
1881	1571	
4336	4361	
4361	4336	
3434	3529	
3529	3434	
3358	3725	
3725	3358	
299	316	
316	299	
1320	1527	
1527	1320	
1690	1691	
1691	1690	
4427	4429	
4429	4427	
2582	2583	
2583	2582	
4455	4458	
4458	4455	
1627	1664	
1664	1627	
1257	1258	
1258	1257	
748	805	
805	748	
2053	2196	
2196	2053	
875	876	
876	875	
4148	4325	
4325	4148	
2152	2162	
2162	2152	
26	94	
94	26	
2114	2151	
2151	2114	
587	624	
624	587	
3881	3882	
3882	3881	
1363	1471	
1471	1363	
3424	3426	
3426	3424	
1150	1275	
1275	1150	
3340	3342	
3342	3340	
4106	4144	
4144	4106	
3571	3601	
3601	3571	
2799	2800	
2800	2799	
132	4461	
4461	132	
4102	4306	
4306	4102	
2780	2781	
2781	2780	
3785	3798	
3798	3785	
1795	1796	
1796	1795	
2760	2840	
2840	2760	
2729	2731	
2731	2729	
3959	4011	
4011	3959	
1228	1231	
1231	1228	
4184	4185	
4185	4184	
2798	2820	
2820	2798	
1358	1765	
1765	1358	
57	2562	
2562	57	
2617	2973	
2973	2617	
4788	4792	
4792	4788	
3957	4031	
4031	3957	
4359	4372	
4372	4359	
479	480	
480	479	
1257	1402	
1402	1257	
1050	1052	
1052	1050	
311	344	
344	311	
4172	4193	
4193	4172	
68	69	
69	68	
2727	3287	
3287	2727	
216	225	
225	216	
2325	2406	
2406	2325	
2476	3217	
3217	2476	
890	902	
902	890	
1337	1663	
1663	1337	
2944	3131	
3131	2944	
1257	1992	
1992	1257	
4616	4683	
4683	4616	
4026	4033	
4033	4026	
2697	3133	
3133	2697	
2486	2543	
2543	2486	
3670	3702	
3702	3670	
3319	3574	
3574	3319	
1098	1099	
1099	1098	
588	597	
597	588	
2474	2552	
2552	2474	
1088	1401	
1401	1088	
1659	1826	
1826	1659	
3010	3238	
3238	3010	
4832	4841	
4841	4832	
4541	4816	
4816	4541	
273	274	
274	273	
3530	3531	
3531	3530	
4373	4396	
4396	4373	
4118	4154	
4154	4118	
2248	4536	
4536	2248	
187	230	
230	187	
2506	2622	
2622	2506	
3339	3643	
3643	3339	
2538	3124	
3124	2538	
4554	4701	
4701	4554	
671	713	
713	671	
2560	2604	
2604	2560	
2611	2612	
2612	2611	
1169	1170	
1170	1169	
4343	4399	
4399	4343	
3364	4570	
4570	3364	
1614	1654	
1654	1614	
2436	2672	
2672	2436	
4206	4207	
4207	4206	
1365	1373	
1373	1365	
3332	3333	
3333	3332	
1106	1323	
1323	1106	
4524	4659	
4659	4524	
3173	3213	
3213	3173	
1670	1685	
1685	1670	
3948	3978	
3978	3948	
308	340	
340	308	
1109	1471	
1471	1109	
2820	2825	
2825	2820	
1609	2148	
2148	1609	
2917	3186	
3186	2917	
3780	3790	
3790	3780	
2542	3207	
3207	2542	
768	772	
772	768	
179	206	
206	179	
4354	4404	
4404	4354	
3426	3600	
3600	3426	
2505	2785	
2785	2505	
1725	2080	
2080	1725	
1386	2159	
2159	1386	
1356	1530	
1530	1356	
195	204	
204	195	
3826	3908	
3908	3826	
3485	3567	
3567	3485	
2858	2859	
2859	2858	
4141	4143	
4143	4141	
4470	4676	
4676	4470	
2211	2212	
2212	2211	
319	322	
322	319	
604	691	
691	604	
4482	4772	
4772	4482	
3434	3564	
3564	3434	
48	101	
101	48	
4504	4522	
4522	4504	
2927	3163	
3163	2927	
581	626	
626	581	
1820	2043	
2043	1820	
815	816	
816	815	
1022	1059	
1059	1022	
298	335	
335	298	
268	269	
269	268	
1946	2033	
2033	1946	
3497	3501	
3501	3497	
827	845	
845	827	
2579	3113	
3113	2579	
523	525	
525	523	
1229	1524	
1524	1229	
254	255	
255	254	
2339	2419	
2419	2339	
122	123	
123	122	
4609	4773	
4773	4609	
1651	1795	
1795	1651	
3378	4478	
4478	3378	
2550	2854	
2854	2550	
3904	3905	
3905	3904	
2645	2648	
2648	2645	
4504	4589	
4589	4504	
4044	4045	
4045	4044	
3358	3395	
3395	3358	
2554	2575	
2575	2554	
2477	3218	
3218	2477	
2447	2457	
2457	2447	
279	295	
295	279	
2554	2870	
2870	2554	
2841	2932	
2932	2841	
2553	2999	
2999	2553	
3960	3962	
3962	3960	
4163	4216	
4216	4163	
1471	2173	
2173	1471	
970	971	
971	970	
1714	1739	
1739	1714	
4336	4346	
4346	4336	
3486	3733	
3733	3486	
501	549	
549	501	
1723	1975	
1975	1723	
2553	2801	
2801	2553	
1462	1463	
1463	1462	
2174	2175	
2175	2174	
1376	1422	
1422	1376	
3337	3429	
3429	3337	
3814	3908	
3908	3814	
4473	4508	
4508	4473	
3786	3891	
3891	3786	
1962	2029	
2029	1962	
2063	2124	
2124	2063	
972	973	
973	972	
1381	1397	
1397	1381	
4864	4879	
4879	4864	
3329	3466	
3466	3329	
2014	2127	
2127	2014	
4469	4507	
4507	4469	
2986	3153	
3153	2986	
385	386	
386	385	
2527	2804	
2804	2527	
859	860	
860	859	
3753	3755	
3755	3753	
42	181	
181	42	
2932	3042	
3042	2932	
767	771	
771	767	
3762	3932	
3932	3762	
827	858	
858	827	
2500	2579	
2579	2500	
243	355	
355	243	
2607	2654	
2654	2607	
2446	3206	
3206	2446	
2005	2010	
2010	2005	
2984	2985	
2985	2984	
848	879	
879	848	
967	1026	
1026	967	
1150	1283	
1283	1150	
3426	3733	
3733	3426	
1157	1326	
1326	1157	
2574	2936	
2936	2574	
4483	4501	
4501	4483	
1478	2086	
2086	1478	
1472	2129	
2129	1472	
2450	2451	
2451	2450	
4255	4264	
4264	4255	
750	753	
753	750	
3949	3950	
3950	3949	
2054	2089	
2089	2054	
4345	4347	
4347	4345	
2764	2765	
2765	2764	
1091	1525	
1525	1091	
3774	3797	
3797	3774	
4152	4165	
4165	4152	
4872	4890	
4890	4872	
952	1024	
1024	952	
1741	1793	
1793	1741	
4538	4807	
4807	4538	
667	680	
680	667	
1760	1898	
1898	1760	
4206	4217	
4217	4206	
3661	3743	
3743	3661	
4361	4373	
4373	4361	
3382	3740	
3740	3382	
2258	2262	
2262	2258	
4328	4346	
4346	4328	
427	1125	
1125	427	
4398	4402	
4402	4398	
2628	2990	
2990	2628	
3633	3722	
3722	3633	
2290	2368	
2368	2290	
1222	1254	
1254	1222	
252	376	
376	252	
1178	1340	
1340	1178	
478	479	
479	478	
2498	2513	
2513	2498	
3491	3727	
3727	3491	
2851	3156	
3156	2851	
3890	3909	
3909	3890	
34	35	
35	34	
2815	3106	
3106	2815	
3771	3772	
3772	3771	
4158	4162	
4162	4158	
743	744	
744	743	
1173	1531	
1531	1173	
2215	2357	
2357	2215	
1221	1292	
1292	1221	
3491	3675	
3675	3491	
1123	1243	
1243	1123	
4575	4820	
4820	4575	
1242	1291	
1291	1242	
4531	4542	
4542	4531	
2502	2552	
2552	2502	
210	211	
211	210	
3815	3819	
3819	3815	
3124	3128	
3128	3124	
1105	1666	
1666	1105	
2504	2609	
2609	2504	
632	718	
718	632	
661	662	
662	661	
2382	2419	
2419	2382	
4182	4183	
4183	4182	
539	541	
541	539	
2130	2153	
2153	2130	
4927	4928	
4928	4927	
2160	2162	
2162	2160	
3050	3098	
3098	3050	
35	142	
142	35	
4181	4295	
4295	4181	
1654	1883	
1883	1654	
1413	2193	
2193	1413	
2024	2025	
2025	2024	
2595	3005	
3005	2595	
4491	4669	
4669	4491	
2537	2841	
2841	2537	
878	928	
928	878	
680	682	
682	680	
4221	4317	
4317	4221	
59	60	
60	59	
2756	2857	
2857	2756	
511	513	
513	511	
255	285	
285	255	
4790	4791	
4791	4790	
4512	4696	
4696	4512	
3776	3797	
3797	3776	
3401	3554	
3554	3401	
1785	1910	
1910	1785	
2778	2842	
2842	2778	
1078	1459	
1459	1078	
4836	4849	
4849	4836	
2082	2137	
2137	2082	
2085	2143	
2143	2085	
2740	3042	
3042	2740	
315	316	
316	315	
2267	2269	
2269	2267	
41	167	
167	41	
553	555	
555	553	
1749	1822	
1822	1749	
2585	2586	
2586	2585	
2434	2436	
2436	2434	
3038	3276	
3276	3038	
4792	4793	
4793	4792	
2534	3017	
3017	2534	
640	641	
641	640	
4115	4172	
4172	4115	
4533	4547	
4547	4533	
3576	3577	
3577	3576	
4059	4060	
4060	4059	
416	450	
450	416	
1069	1197	
1197	1069	
386	446	
446	386	
1708	1795	
1795	1708	
4880	4915	
4915	4880	
3313	3693	
3693	3313	
4520	4802	
4802	4520	
831	895	
895	831	
1380	1506	
1506	1380	
41	58	
58	41	
4608	4690	
4690	4608	
26	203	
203	26	
950	970	
970	950	
128	129	
129	128	
1962	1963	
1963	1962	
3468	3469	
3469	3468	
4749	4754	
4754	4749	
803	821	
821	803	
1052	1058	
1058	1052	
3485	3486	
3486	3485	
4553	4568	
4568	4553	
4051	4052	
4052	4051	
506	565	
565	506	
2939	3223	
3223	2939	
1086	1091	
1091	1086	
2498	2729	
2729	2498	
2110	2113	
2113	2110	
871	885	
885	871	
2798	2997	
2997	2798	
2083	2084	
2084	2083	
2265	4854	
4854	2265	
4094	4152	
4152	4094	
3008	3221	
3221	3008	
1546	1888	
1888	1546	
1609	1725	
1725	1609	
260	287	
287	260	
1761	1999	
1999	1761	
390	391	
391	390	
1392	1426	
1426	1392	
2702	3067	
3067	2702	
4710	4714	
4714	4710	
2880	2998	
2998	2880	
3845	3872	
3872	3845	
520	2312	
2312	520	
1159	1170	
1170	1159	
3006	3007	
3007	3006	
260	350	
350	260	
2572	2898	
2898	2572	
689	732	
732	689	
4562	4622	
4622	4562	
1215	1216	
1216	1215	
2607	2611	
2611	2607	
2256	2303	
2303	2256	
4450	4462	
4462	4450	
4519	4597	
4597	4519	
915	918	
918	915	
3802	3928	
3928	3802	
278	298	
298	278	
793	794	
794	793	
935	969	
969	935	
2240	2325	
2325	2240	
2722	2757	
2757	2722	
2066	2187	
2187	2066	
793	811	
811	793	
1266	1267	
1267	1266	
2936	3173	
3173	2936	
2878	2883	
2883	2878	
3351	3673	
3673	3351	
592	593	
593	592	
3978	3979	
3979	3978	
2304	2354	
2354	2304	
652	680	
680	652	
1104	1556	
1556	1104	
3993	4033	
4033	3993	
2247	2256	
2256	2247	
740	757	
757	740	
2536	2629	
2629	2536	
1005	1009	
1009	1005	
98	205	
205	98	
2061	2107	
2107	2061	
2595	3157	
3157	2595	
2278	2320	
2320	2278	
4	88	
88	4	
1812	1851	
1851	1812	
3761	3784	
3784	3761	
4127	4252	
4252	4127	
1206	1866	
1866	1206	
2527	2600	
2600	2527	
101	123	
123	101	
2800	2997	
2997	2800	
1336	1337	
1337	1336	
2840	3025	
3025	2840	
4711	4735	
4735	4711	
1583	1691	
1691	1583	
4030	4041	
4041	4030	
1856	1951	
1951	1856	
535	559	
559	535	
2851	3038	
3038	2851	
951	1000	
1000	951	
4151	4209	
4209	4151	
552	555	
555	552	
882	883	
883	882	
783	800	
800	783	
2585	2722	
2722	2585	
113	3770	
3770	113	
3307	3420	
3420	3307	
1224	1647	
1647	1224	
276	286	
286	276	
2764	3017	
3017	2764	
2548	3055	
3055	2548	
837	871	
871	837	
2560	2882	
2882	2560	
295	302	
302	295	
833	862	
862	833	
2434	2471	
2471	2434	
1268	1269	
1269	1268	
4616	4791	
4791	4616	
2495	2762	
2762	2495	
2666	2788	
2788	2666	
575	730	
730	575	
3331	3435	
3435	3331	
2299	2300	
2300	2299	
4103	4225	
4225	4103	
1030	1040	
1040	1030	
2201	2203	
2203	2201	
3432	3695	
3695	3432	
355	356	
356	355	
94	95	
95	94	
287	351	
351	287	
3356	3722	
3722	3356	
1312	1447	
1447	1312	
1759	1782	
1782	1759	
2585	3095	
3095	2585	
2897	3023	
3023	2897	
2289	2382	
2382	2289	
1005	1026	
1026	1005	
1305	1306	
1306	1305	
956	957	
957	956	
1189	1234	
1234	1189	
3344	3647	
3647	3344	
402	403	
403	402	
4446	4461	
4461	4446	
1170	1175	
1175	1170	
1570	1618	
1618	1570	
1085	1351	
1351	1085	
80	989	
989	80	
3452	3497	
3497	3452	
1823	1964	
1964	1823	
4637	4642	
4642	4637	
4935	4937	
4937	4935	
4181	4298	
4298	4181	
2585	2911	
2911	2585	
2272	2334	
2334	2272	
2779	2857	
2857	2779	
3352	3365	
3365	3352	
4685	4771	
4771	4685	
2957	3263	
3263	2957	
3782	3870	
3870	3782	
878	892	
892	878	
744	802	
802	744	
1279	1309	
1309	1279	
1272	1569	
1569	1272	
1996	2049	
2049	1996	
2973	3052	
3052	2973	
3411	3676	
3676	3411	
2533	2765	
2765	2533	
295	313	
313	295	
3374	3431	
3431	3374	
3970	3972	
3972	3970	
2556	4099	
4099	2556	
4061	4062	
4062	4061	
2585	2720	
2720	2585	
4725	4754	
4754	4725	
4384	4408	
4408	4384	
1303	1304	
1304	1303	
857	882	
882	857	
2959	3109	
3109	2959	
1249	1256	
1256	1249	
2846	2860	
2860	2846	
1929	1938	
1938	1929	
2458	2525	
2525	2458	
2241	4507	
4507	2241	
508	566	
566	508	
3356	3723	
3723	3356	
1278	1279	
1279	1278	
3636	3637	
3637	3636	
4847	4878	
4878	4847	
1274	1450	
1450	1274	
1151	1335	
1335	1151	
46	47	
47	46	
3070	3073	
3073	3070	
4486	4487	
4487	4486	
2724	2838	
2838	2724	
843	863	
863	843	
4760	4761	
4761	4760	
4705	4745	
4745	4705	
2671	2780	
2780	2671	
1096	1097	
1097	1096	
2801	3284	
3284	2801	
408	451	
451	408	
4485	4601	
4601	4485	
2235	2383	
2383	2235	
3337	3349	
3349	3337	
1378	1593	
1593	1378	
1174	1518	
1518	1174	
2839	3152	
3152	2839	
1296	1297	
1297	1296	
3363	4509	
4509	3363	
413	464	
464	413	
1140	1332	
1332	1140	
2851	3130	
3130	2851	
2565	2941	
2941	2565	
383	429	
429	383	
2493	3014	
3014	2493	
2065	2097	
2097	2065	
4630	4672	
4672	4630	
2710	3215	
3215	2710	
2327	2380	
2380	2327	
1156	1221	
1221	1156	
85	151	
151	85	
3427	3608	
3608	3427	
1868	1917	
1917	1868	
4224	4274	
4274	4224	
843	862	
862	843	
1072	1208	
1208	1072	
937	938	
938	937	
1471	2188	
2188	1471	
2733	3064	
3064	2733	
12	13	
13	12	
1165	2015	
2015	1165	
1800	1807	
1807	1800	
2489	2521	
2521	2489	
2565	2817	
2817	2565	
274	275	
275	274	
2530	2916	
2916	2530	
1034	1035	
1035	1034	
48	106	
106	48	
3962	4047	
4047	3962	
4544	4579	
4579	4544	
1636	1824	
1824	1636	
637	709	
709	637	
1506	1512	
1512	1506	
778	814	
814	778	
2073	2101	
2101	2073	
3320	3546	
3546	3320	
3344	3472	
3472	3344	
1484	2157	
2157	1484	
1072	1554	
1554	1072	
76	185	
185	76	
2608	2623	
2623	2608	
3141	3284	
3284	3141	
3360	4677	
4677	3360	
4520	4801	
4801	4520	
3063	3109	
3109	3063	
1362	1371	
1371	1362	
2610	2640	
2640	2610	
1990	2026	
2026	1990	
3536	3703	
3703	3536	
1982	1986	
1986	1982	
2515	3036	
3036	2515	
2533	2595	
2595	2533	
4019	4020	
4020	4019	
4490	4648	
4648	4490	
1676	1906	
1906	1676	
954	1050	
1050	954	
540	569	
569	540	
4094	4279	
4279	4094	
758	813	
813	758	
1403	1540	
1540	1403	
1410	2113	
2113	1410	
1985	2161	
2161	1985	
490	2836	
2836	490	
1439	1440	
1440	1439	
3781	3798	
3798	3781	
3303	3468	
3468	3303	
4373	4412	
4412	4373	
831	904	
904	831	
1910	1978	
1978	1910	
2208	2244	
2244	2208	
597	620	
620	597	
1169	1403	
1403	1169	
1885	2047	
2047	1885	
4458	4466	
4466	4458	
293	298	
298	293	
2500	2776	
2776	2500	
1309	2138	
2138	1309	
4854	4897	
4897	4854	
899	930	
930	899	
2727	2781	
2781	2727	
2351	2364	
2364	2351	
1326	1327	
1327	1326	
4342	4411	
4411	4342	
943	1005	
1005	943	
2615	2616	
2616	2615	
2475	2503	
2503	2475	
1662	1722	
1722	1662	
4467	4553	
4553	4467	
2532	2612	
2612	2532	
2914	3280	
3280	2914	
2447	2967	
2967	2447	
3328	3561	
3561	3328	
4467	4485	
4485	4467	
2545	3154	
3154	2545	
1117	1461	
1461	1117	
4003	4034	
4034	4003	
391	423	
423	391	
1355	1562	
1562	1355	
4685	4686	
4686	4685	
2499	2538	
2538	2499	
4370	4392	
4392	4370	
2736	3010	
3010	2736	
4455	4456	
4456	4455	
253	4362	
4362	253	
3530	3703	
3703	3530	
1089	1311	
1311	1089	
798	799	
799	798	
3787	3789	
3789	3787	
2493	2588	
2588	2493	
485	486	
486	485	
56	119	
119	56	
3327	3328	
3328	3327	
831	910	
910	831	
458	461	
461	458	
2071	2165	
2165	2071	
2343	2344	
2344	2343	
4006	4007	
4007	4006	
4162	4172	
4172	4162	
2353	2382	
2382	2353	
2813	3116	
3116	2813	
3679	3680	
3680	3679	
4537	4861	
4861	4537	
2689	3091	
3091	2689	
4591	4723	
4723	4591	
2918	3181	
3181	2918	
4522	4768	
4768	4522	
3312	3321	
3321	3312	
2550	2561	
2561	2550	
780	781	
781	780	
937	954	
954	937	
2736	2738	
2738	2736	
3296	3433	
3433	3296	
4709	4729	
4729	4709	
838	853	
853	838	
1554	1670	
1670	1554	
2644	3237	
3237	2644	
544	545	
545	544	
4065	4066	
4066	4065	
4347	4381	
4381	4347	
3971	4072	
4072	3971	
3307	3470	
3470	3307	
4051	4053	
4053	4051	
4374	4384	
4384	4374	
2238	2396	
2396	2238	
199	201	
201	199	
2787	3267	
3267	2787	
1418	1828	
1828	1418	
4486	4533	
4533	4486	
3809	3930	
3930	3809	
4476	4477	
4477	4476	
2918	2926	
2926	2918	
4127	4128	
4128	4127	
1716	1921	
1921	1716	
4203	4235	
4235	4203	
392	436	
436	392	
3604	3611	
3611	3604	
4539	4808	
4808	4539	
4098	4282	
4282	4098	
412	473	
473	412	
4499	4674	
4674	4499	
386	387	
387	386	
2697	3093	
3093	2697	
3867	3895	
3895	3867	
3082	3101	
3101	3082	
2543	2832	
2832	2543	
731	732	
732	731	
1251	1389	
1389	1251	
3892	3938	
3938	3892	
1107	1365	
1365	1107	
2222	2223	
2223	2222	
3416	3430	
3430	3416	
4586	4589	
4589	4586	
2282	2304	
2304	2282	
9	205	
205	9	
4516	4554	
4554	4516	
558	562	
562	558	
4901	4902	
4902	4901	
1879	1993	
1993	1879	
1273	1361	
1361	1273	
2538	2554	
2554	2538	
112	113	
113	112	
169	227	
227	169	
2293	2367	
2367	2293	
3005	3056	
3056	3005	
1827	2046	
2046	1827	
592	630	
630	592	
1129	1226	
1226	1129	
42	98	
98	42	
4357	4417	
4417	4357	
741	744	
744	741	
3840	3843	
3843	3840	
2288	2316	
2316	2288	
2879	3117	
3117	2879	
1019	1046	
1046	1019	
3597	3693	
3693	3597	
1419	1923	
1923	1419	
2656	3155	
3155	2656	
526	532	
532	526	
2798	3211	
3211	2798	
4730	4751	
4751	4730	
692	3769	
3769	692	
677	720	
720	677	
1639	2092	
2092	1639	
1599	2012	
2012	1599	
3468	3470	
3470	3468	
3476	3710	
3710	3476	
1530	1533	
1533	1530	
759	762	
762	759	
2534	2659	
2659	2534	
3791	3792	
3792	3791	
825	844	
844	825	
2159	2169	
2169	2159	
449	467	
467	449	
137	229	
229	137	
1152	1357	
1357	1152	
4436	4442	
4442	4436	
4730	4748	
4748	4730	
2589	3251	
3251	2589	
2952	3265	
3265	2952	
1415	1416	
1416	1415	
4394	4396	
4396	4394	
2426	2485	
2485	2426	
2439	2683	
2683	2439	
4361	4405	
4405	4361	
216	228	
228	216	
488	1183	
1183	488	
2564	2658	
2658	2564	
413	452	
452	413	
1276	1277	
1277	1276	
1447	2195	
2195	1447	
968	1057	
1057	968	
2248	2250	
2250	2248	
2268	2382	
2382	2268	
4181	4296	
4296	4181	
3363	3475	
3475	3363	
716	720	
720	716	
1377	1382	
1382	1377	
3411	3517	
3517	3411	
2717	2720	
2720	2717	
3846	3847	
3847	3846	
742	779	
779	742	
3489	3545	
3545	3489	
3436	3485	
3485	3436	
1268	1410	
1410	1268	
515	519	
519	515	
4087	4172	
4172	4087	
4495	4553	
4553	4495	
764	774	
774	764	
1005	1007	
1007	1005	
3691	3692	
3692	3691	
422	1424	
1424	422	
4497	4798	
4798	4497	
1289	1353	
1353	1289	
4474	4476	
4476	4474	
4110	4138	
4138	4110	
2337	2404	
2404	2337	
3876	3877	
3877	3876	
4210	4316	
4316	4210	
1492	1986	
1986	1492	
405	431	
431	405	
2767	2768	
2768	2767	
2542	2728	
2728	2542	
3487	3679	
3679	3487	
3134	3270	
3270	3134	
1372	1451	
1451	1372	
2249	2253	
2253	2249	
2843	2908	
2908	2843	
500	501	
501	500	
2780	3004	
3004	2780	
2821	2822	
2822	2821	
2647	3260	
3260	2647	
1451	2119	
2119	1451	
2741	2742	
2742	2741	
484	485	
485	484	
1512	1513	
1513	1512	
4345	4406	
4406	4345	
1143	1622	
1622	1143	
1333	2016	
2016	1333	
88	178	
178	88	
252	289	
289	252	
349	350	
350	349	
330	357	
357	330	
4209	4310	
4310	4209	
4538	4771	
4771	4538	
3327	3740	
3740	3327	
2596	2934	
2934	2596	
645	704	
704	645	
1601	1838	
1838	1601	
4161	4162	
4162	4161	
584	652	
652	584	
2916	2926	
2926	2916	
2796	3110	
3110	2796	
3372	4878	
4878	3372	
854	861	
861	854	
1585	1721	
1721	1585	
2464	2486	
2486	2464	
2781	3001	
3001	2781	
1319	1332	
1332	1319	
4677	4684	
4684	4677	
2874	2917	
2917	2874	
2983	3235	
3235	2983	
4150	4202	
4202	4150	
2235	2309	
2309	2235	
875	881	
881	875	
2545	2860	
2860	2545	
4351	4359	
4359	4351	
3391	3694	
3694	3391	
3443	3740	
3740	3443	
27	161	
161	27	
3483	3739	
3739	3483	
4187	4203	
4203	4187	
1335	1558	
1558	1335	
2527	2561	
2561	2527	
2577	2588	
2588	2577	
1766	1767	
1767	1766	
1687	2167	
2167	1687	
653	685	
685	653	
2608	2960	
2960	2608	
1334	1369	
1369	1334	
3545	3617	
3617	3545	
4508	4575	
4575	4508	
672	674	
674	672	
4101	4317	
4317	4101	
2434	2623	
2623	2434	
4360	4409	
4409	4360	
2585	2710	
2710	2585	
4703	4793	
4793	4703	
3761	3788	
3788	3761	
2955	2956	
2956	2955	
4660	4688	
4688	4660	
1072	1314	
1314	1072	
2071	2166	
2166	2071	
4139	4151	
4151	4139	
2219	2244	
2244	2219	
4469	4796	
4796	4469	
1199	1891	
1891	1199	
594	596	
596	594	
2674	3215	
3215	2674	
4072	4073	
4073	4072	
2566	2567	
2567	2566	
2760	2883	
2883	2760	
4838	4890	
4890	4838	
1460	2108	
2108	1460	
1170	1201	
1201	1170	
4878	4879	
4879	4878	
2969	3104	
3104	2969	
2703	2787	
2787	2703	
3405	3658	
3658	3405	
2327	2329	
2329	2327	
4359	4371	
4371	4359	
2262	2364	
2364	2262	
2231	2347	
2347	2231	
4186	4317	
4317	4186	
4355	4391	
4391	4355	
1019	1050	
1050	1019	
1747	2008	
2008	1747	
2521	2559	
2559	2521	
4913	4918	
4918	4913	
1643	2067	
2067	1643	
1962	1964	
1964	1962	
3508	3513	
3513	3508	
694	695	
695	694	
2149	2150	
2150	2149	
4658	4700	
4700	4658	
4833	4896	
4896	4833	
2462	2463	
2463	2462	
2208	2390	
2390	2208	
1527	2193	
2193	1527	
1086	1097	
1097	1086	
1360	1775	
1775	1360	
657	658	
658	657	
2466	2717	
2717	2466	
4348	4417	
4417	4348	
2490	2498	
2498	2490	
2575	2733	
2733	2575	
3747	3748	
3748	3747	
2094	2107	
2107	2094	
4138	4162	
4162	4138	
332	355	
355	332	
4892	4893	
4893	4892	
154	155	
155	154	
3336	3351	
3351	3336	
2216	2387	
2387	2216	
242	365	
365	242	
4102	4305	
4305	4102	
4932	4935	
4935	4932	
4181	4210	
4210	4181	
4476	4662	
4662	4476	
1442	1987	
1987	1442	
4137	4138	
4138	4137	
3369	4875	
4875	3369	
3455	3621	
3621	3455	
1275	1307	
1307	1275	
2743	2744	
2744	2743	
1415	1874	
1874	1415	
2586	2604	
2604	2586	
4359	4416	
4416	4359	
4546	4700	
4700	4546	
4634	4683	
4683	4634	
1214	1774	
1774	1214	
3504	3696	
3696	3504	
939	961	
961	939	
1719	1849	
1849	1719	
609	657	
657	609	
912	918	
918	912	
108	4120	
4120	108	
2262	2298	
2298	2262	
92	94	
94	92	
3545	3618	
3618	3545	
2500	2775	
2775	2500	
4125	4128	
4128	4125	
2465	3244	
3244	2465	
1885	1924	
1924	1885	
524	528	
528	524	
416	444	
444	416	
1871	1873	
1873	1871	
4011	4017	
4017	4011	
3456	3663	
3663	3456	
3364	3579	
3579	3364	
1473	2131	
2131	1473	
3823	3912	
3912	3823	
3685	3723	
3723	3685	
692	738	
738	692	
1616	2002	
2002	1616	
2611	3289	
3289	2611	
3834	3850	
3850	3834	
338	339	
339	338	
3874	3895	
3895	3874	
956	1015	
1015	956	
2227	2230	
2230	2227	
4149	4326	
4326	4149	
2797	2798	
2798	2797	
3312	3336	
3336	3312	
4555	4579	
4579	4555	
2724	2857	
2857	2724	
4210	4314	
4314	4210	
2936	3033	
3033	2936	
1032	1052	
1052	1032	
1633	1848	
1848	1633	
2316	2317	
2317	2316	
4607	4630	
4630	4607	
393	396	
396	393	
948	1048	
1048	948	
1111	1459	
1459	1111	
4209	4309	
4309	4209	
2800	3150	
3150	2800	
3675	3699	
3699	3675	
4030	4039	
4039	4030	
1345	2180	
2180	1345	
2524	2813	
2813	2524	
1206	1989	
1989	1206	
2302	2354	
2354	2302	
1622	1692	
1692	1622	
2442	2443	
2443	2442	
138	143	
143	138	
1861	2098	
2098	1861	
1010	1056	
1056	1010	
3590	3624	
3624	3590	
2931	3047	
3047	2931	
2813	2976	
2976	2813	
1313	1443	
1443	1313	
1532	2158	
2158	1532	
580	725	
725	580	
2282	2375	
2375	2282	
521	828	
828	521	
3768	3943	
3943	3768	
2428	2489	
2489	2428	
1235	1577	
1577	1235	
597	601	
601	597	
650	725	
725	650	
2880	2889	
2889	2880	
4537	4567	
4567	4537	
1973	2009	
2009	1973	
4384	4413	
4413	4384	
2449	3189	
3189	2449	
1908	2062	
2062	1908	
2303	2348	
2348	2303	
4557	4643	
4643	4557	
3877	3916	
3916	3877	
4888	4900	
4900	4888	
3486	3487	
3487	3486	
2515	2810	
2810	2515	
112	215	
215	112	
264	281	
281	264	
4181	4297	
4297	4181	
98	135	
135	98	
488	1201	
1201	488	
4009	4037	
4037	4009	
1069	1497	
1497	1069	
1742	2162	
2162	1742	
1081	1560	
1560	1081	
260	382	
382	260	
3711	3713	
3713	3711	
752	2413	
2413	752	
2595	3179	
3179	2595	
4626	4786	
4786	4626	
2631	2634	
2634	2631	
1425	2016	
2016	1425	
3976	3979	
3979	3976	
677	725	
725	677	
3822	3881	
3881	3822	
840	2351	
2351	840	
260	369	
369	260	
2520	2595	
2595	2520	
3355	3437	
3437	3355	
3355	3638	
3638	3355	
2303	2408	
2408	2303	
1965	2019	
2019	1965	
4859	4860	
4860	4859	
1519	1521	
1521	1519	
1136	1137	
1137	1136	
88	172	
172	88	
353	354	
354	353	
1953	2186	
2186	1953	
2662	2684	
2684	2662	
3763	3946	
3946	3763	
1643	1699	
1699	1643	
3786	3787	
3787	3786	
3350	3674	
3674	3350	
2246	2308	
2308	2246	
2553	3128	
3128	2553	
3905	4199	
4199	3905	
3631	3722	
3722	3631	
615	616	
616	615	
4449	4462	
4462	4449	
3838	3839	
3839	3838	
94	131	
131	94	
24	53	
53	24	
3301	3622	
3622	3301	
4694	4695	
4695	4694	
2678	2714	
2714	2678	
4218	4301	
4301	4218	
62	154	
154	62	
3118	3119	
3119	3118	
2441	2443	
2443	2441	
3824	3825	
3825	3824	
2656	2669	
2669	2656	
3411	3519	
3519	3411	
3209	3269	
3269	3209	
1793	2025	
2025	1793	
3754	3784	
3784	3754	
711	712	
712	711	
4779	4780	
4780	4779	
519	520	
520	519	
2924	2937	
2937	2924	
2101	2122	
2122	2101	
431	432	
432	431	
246	257	
257	246	
163	164	
164	163	
3972	3992	
3992	3972	
1381	1382	
1382	1381	
4852	4860	
4860	4852	
2692	3145	
3145	2692	
4384	4401	
4401	4384	
2209	2412	
2412	2209	
3694	3695	
3695	3694	
2494	2561	
2561	2494	
4451	4454	
4454	4451	
1329	1483	
1483	1329	
426	427	
427	426	
2318	2327	
2327	2318	
4097	4200	
4200	4097	
700	702	
702	700	
2693	3286	
3286	2693	
4157	4223	
4223	4157	
1160	2092	
2092	1160	
3873	3874	
3874	3873	
249	305	
305	249	
1105	1179	
1179	1105	
2219	2373	
2373	2219	
739	763	
763	739	
1928	2177	
2177	1928	
99	4459	
4459	99	
4874	4885	
4885	4874	
2798	3150	
3150	2798	
2533	3179	
3179	2533	
2781	2968	
2968	2781	
847	848	
848	847	
3336	4655	
4655	3336	
1001	1002	
1002	1001	
2281	2336	
2336	2281	
657	696	
696	657	
1010	1011	
1011	1010	
2576	3043	
3043	2576	
3296	3568	
3568	3296	
1144	1222	
1222	1144	
3916	3917	
3917	3916	
4002	4020	
4020	4002	
1334	1396	
1396	1334	
2450	3043	
3043	2450	
1202	1204	
1204	1202	
1586	1928	
1928	1586	
1590	1854	
1854	1590	
4507	4535	
4535	4507	
2725	3061	
3061	2725	
981	1015	
1015	981	
1897	1950	
1950	1897	
1369	1552	
1552	1369	
4111	4173	
4173	4111	
4473	4646	
4646	4473	
2253	2311	
2311	2253	
1289	1934	
1934	1289	
4060	4063	
4063	4060	
1333	1631	
1631	1333	
424	444	
444	424	
4469	4626	
4626	4469	
1064	1176	
1176	1064	
3564	3655	
3655	3564	
2221	2402	
2402	2221	
3320	3542	
3542	3320	
4780	4824	
4824	4780	
4332	4385	
4385	4332	
4432	4435	
4435	4432	
3555	3609	
3609	3555	
2541	2828	
2828	2541	
3786	3886	
3886	3786	
826	829	
829	826	
3027	3048	
3048	3027	
2771	2780	
2780	2771	
383	445	
445	383	
1244	1507	
1507	1244	
2439	2633	
2633	2439	
2655	2740	
2740	2655	
2797	2800	
2800	2797	
4164	4174	
4174	4164	
644	648	
648	644	
3316	3366	
3366	3316	
1687	1688	
1688	1687	
245	247	
247	245	
3902	3903	
3903	3902	
3059	3128	
3128	3059	
2593	2704	
2704	2593	
3323	3345	
3345	3323	
2382	2385	
2385	2382	
1090	1630	
1630	1090	
2881	2882	
2882	2881	
1356	1357	
1357	1356	
613	614	
614	613	
4090	4121	
4121	4090	
4160	4206	
4206	4160	
3848	3927	
3927	3848	
2631	3283	
3283	2631	
2604	2956	
2956	2604	
3570	3601	
3601	3570	
4651	4723	
4723	4651	
2664	2799	
2799	2664	
3753	3754	
3754	3753	
2842	2940	
2940	2842	
2793	3012	
3012	2793	
87	88	
88	87	
1208	1441	
1441	1208	
413	415	
415	413	
992	998	
998	992	
274	325	
325	274	
2491	2759	
2759	2491	
737	738	
738	737	
4368	4411	
4411	4368	
3467	3503	
3503	3467	
692	694	
694	692	
282	295	
295	282	
3353	3563	
3563	3353	
2479	2555	
2555	2479	
266	350	
350	266	
4667	4686	
4686	4667	
4532	4826	
4826	4532	
740	750	
750	740	
3813	3838	
3838	3813	
139	140	
140	139	
2490	3017	
3017	2490	
2633	3187	
3187	2633	
4695	4927	
4927	4695	
4167	4196	
4196	4167	
1673	1897	
1897	1673	
2508	2613	
2613	2508	
2513	3017	
3017	2513	
4000	4020	
4020	4000	
1237	1810	
1810	1237	
2235	2262	
2262	2235	
2445	2708	
2708	2445	
2537	2548	
2548	2537	
1140	1620	
1620	1140	
3302	3631	
3631	3302	
3762	3764	
3764	3762	
4487	4588	
4588	4487	
2550	2551	
2551	2550	
2621	4265	
4265	2621	
1133	1242	
1242	1133	
4034	4057	
4057	4034	
1149	1696	
1696	1149	
5	13	
13	5	
744	1230	
1230	744	
4473	4474	
4474	4473	
2665	2799	
2799	2665	
1933	1934	
1934	1933	
4722	4723	
4723	4722	
1072	1280	
1280	1072	
1162	1517	
1517	1162	
2502	3227	
3227	2502	
3829	3900	
3900	3829	
3950	3975	
3975	3950	
3591	3615	
3615	3591	
1282	1283	
1283	1282	
629	630	
630	629	
3873	3929	
3929	3873	
774	781	
781	774	
3768	3838	
3838	3768	
1237	1334	
1334	1237	
749	752	
752	749	
1309	1310	
1310	1309	
1307	2060	
2060	1307	
1661	1662	
1662	1661	
1158	1905	
1905	1158	
1097	1343	
1343	1097	
3968	3969	
3969	3968	
1589	2000	
2000	1589	
4099	4110	
4110	4099	
3947	3973	
3973	3947	
429	470	
470	429	
76	110	
110	76	
2545	2554	
2554	2545	
1271	1634	
1634	1271	
2787	2977	
2977	2787	
1779	1848	
1848	1779	
3343	3648	
3648	3343	
3219	3272	
3272	3219	
3046	3135	
3135	3046	
511	534	
534	511	
2918	2927	
2927	2918	
3812	3843	
3843	3812	
1173	1486	
1486	1173	
3775	3809	
3809	3775	
1380	1893	
1893	1380	
1146	1148	
1148	1146	
1729	1997	
1997	1729	
2255	2327	
2327	2255	
4488	4529	
4529	4488	
13	15	
15	13	
1061	1444	
1444	1061	
2672	2673	
2673	2672	
441	442	
442	441	
2374	2375	
2375	2374	
2414	4695	
4695	2414	
58	59	
59	58	
4903	4905	
4905	4903	
3396	3656	
3656	3396	
2562	4129	
4129	2562	
639	685	
685	639	
2653	3188	
3188	2653	
1191	1192	
1192	1191	
3511	3513	
3513	3511	
1787	1896	
1896	1787	
1152	1170	
1170	1152	
744	815	
815	744	
854	859	
859	854	
2584	2596	
2596	2584	
2692	2936	
2936	2692	
1202	1203	
1203	1202	
3039	3105	
3105	3039	
1298	1299	
1299	1298	
157	193	
193	157	
4604	4605	
4605	4604	
1135	1534	
1534	1135	
2539	2606	
2606	2539	
3866	3904	
3904	3866	
1887	2157	
2157	1887	
848	887	
887	848	
1095	2071	
2071	1095	
3559	3579	
3579	3559	
3779	3781	
3781	3779	
3832	3833	
3833	3832	
604	605	
605	604	
846	900	
900	846	
1102	1103	
1103	1102	
2819	3200	
3200	2819	
1127	1863	
1863	1127	
1709	1797	
1797	1709	
1367	1400	
1400	1367	
320	321	
321	320	
2239	2313	
2313	2239	
1276	1489	
1489	1276	
3566	3719	
3719	3566	
3599	3628	
3628	3599	
353	4425	
4425	353	
1356	1558	
1558	1356	
1124	1576	
1576	1124	
3302	3450	
3450	3302	
2813	3079	
3079	2813	
490	2832	
2832	490	
1321	2156	
2156	1321	
4500	4765	
4765	4500	
3884	3885	
3885	3884	
2574	3097	
3097	2574	
233	234	
234	233	
1703	1780	
1780	1703	
2221	2222	
2222	2221	
2308	2388	
2388	2308	
4170	4171	
4171	4170	
177	179	
179	177	
2572	2593	
2593	2572	
3312	3593	
3593	3312	
3984	3985	
3985	3984	
1611	1760	
1760	1611	
2226	2228	
2228	2226	
3410	3411	
3411	3410	
3451	3615	
3615	3451	
2530	2918	
2918	2530	
2497	3172	
3172	2497	
1587	1867	
1867	1587	
883	884	
884	883	
2444	2956	
2956	2444	
1347	1842	
1842	1347	
643	644	
644	643	
4667	4779	
4779	4667	
2500	3113	
3113	2500	
3007	3247	
3247	3007	
242	284	
284	242	
3319	3677	
3677	3319	
2492	2643	
2643	2492	
1195	1521	
1521	1195	
4341	4374	
4374	4341	
4365	4399	
4399	4365	
2809	2843	
2843	2809	
2254	2281	
2281	2254	
2700	3268	
3268	2700	
429	446	
446	429	
4447	4448	
4448	4447	
2502	2503	
2503	2502	
3804	3928	
3928	3804	
1218	1687	
1687	1218	
1276	1278	
1278	1276	
1087	1223	
1223	1087	
3847	3859	
3859	3847	
1581	1582	
1582	1581	
395	2393	
2393	395	
1584	2000	
2000	1584	
3953	4000	
4000	3953	
1808	1839	
1839	1808	
72	215	
215	72	
864	883	
883	864	
3480	3481	
3481	3480	
4344	4352	
4352	4344	
4783	4784	
4784	4783	
2472	3216	
3216	2472	
3981	4038	
4038	3981	
1128	1353	
1353	1128	
480	493	
493	480	
2440	4129	
4129	2440	
2553	2872	
2872	2553	
4846	4848	
4848	4846	
624	668	
668	624	
1296	1426	
1426	1296	
1078	1306	
1306	1078	
1090	1091	
1091	1090	
3942	3943	
3943	3942	
800	801	
801	800	
1873	2128	
2128	1873	
1455	1456	
1456	1455	
4850	4908	
4908	4850	
4681	4771	
4771	4681	
4610	4636	
4636	4610	
2397	2400	
2400	2397	
4097	4136	
4136	4097	
4037	4038	
4038	4037	
3316	3536	
3536	3316	
1509	1510	
1510	1509	
2057	2060	
2060	2057	
828	837	
837	828	
298	343	
343	298	
4128	4186	
4186	4128	
2542	2997	
2997	2542	
743	745	
745	743	
1104	1460	
1460	1104	
575	659	
659	575	
3845	3873	
3873	3845	
3554	3651	
3651	3554	
4506	4660	
4660	4506	
2693	3077	
3077	2693	
2918	2928	
2928	2918	
2676	2677	
2677	2676	
1359	1719	
1719	1359	
4741	4747	
4747	4741	
4473	4617	
4617	4473	
4899	4925	
4925	4899	
4605	4619	
4619	4605	
1718	1955	
1955	1718	
4454	4458	
4458	4454	
3956	3957	
3957	3956	
2722	2880	
2880	2722	
4087	4267	
4267	4087	
2392	2393	
2393	2392	
285	316	
316	285	
3802	3803	
3803	3802	
1148	1452	
1452	1148	
3897	3933	
3933	3897	
1217	1425	
1425	1217	
2218	2347	
2347	2218	
1050	1051	
1051	1050	
2217	2288	
2288	2217	
4574	4595	
4595	4574	
1100	1530	
1530	1100	
265	308	
308	265	
1414	1416	
1416	1414	
1151	1473	
1473	1151	
2128	2153	
2153	2128	
4500	4764	
4764	4500	
1654	1752	
1752	1654	
2590	2912	
2912	2590	
3347	3402	
3402	3347	
2309	2383	
2383	2309	
46	184	
184	46	
4713	4732	
4732	4713	
720	727	
727	720	
1574	2099	
2099	1574	
4105	4106	
4106	4105	
92	123	
123	92	
2881	3111	
3111	2881	
542	550	
550	542	
2603	2943	
2943	2603	
4203	4261	
4261	4203	
4344	4384	
4384	4344	
1075	1217	
1217	1075	
4601	4654	
4654	4601	
2728	2952	
2952	2728	
3651	3663	
3663	3651	
2866	2959	
2959	2866	
3	4930	
4930	3	
4041	4042	
4042	4041	
305	306	
306	305	
1204	1253	
1253	1204	
2509	2627	
2627	2509	
2703	3012	
3012	2703	
4933	4934	
4934	4933	
4333	4391	
4391	4333	
2031	2175	
2175	2031	
2538	2551	
2551	2538	
3353	3655	
3655	3353	
2684	2813	
2813	2684	
4526	4803	
4803	4526	
2423	4491	
4491	2423	
4157	4233	
4233	4157	
1614	2157	
2157	1614	
4848	4883	
4883	4848	
3961	3962	
3962	3961	
1614	1954	
1954	1614	
288	290	
290	288	
971	1026	
1026	971	
2102	2127	
2127	2102	
2529	3186	
3186	2529	
3299	3558	
3558	3299	
5	120	
120	5	
1	3587	
3587	1	
2807	3168	
3168	2807	
420	421	
421	420	
1428	1429	
1429	1428	
1665	1915	
1915	1665	
1232	1246	
1246	1232	
4334	4335	
4335	4334	
4054	4055	
4055	4054	
2473	2645	
2645	2473	
1898	2088	
2088	1898	
936	941	
941	936	
3603	3660	
3660	3603	
532	548	
548	532	
4332	4398	
4398	4332	
2478	2864	
2864	2478	
975	1054	
1054	975	
2607	2733	
2733	2607	
993	1049	
1049	993	
3074	3083	
3083	3074	
1352	1466	
1466	1352	
3297	3333	
3333	3297	
1148	1167	
1167	1148	
1961	2117	
2117	1961	
1472	2128	
2128	1472	
2459	2591	
2591	2459	
1681	1875	
1875	1681	
943	1028	
1028	943	
485	497	
497	485	
3600	3738	
3738	3600	
1290	1409	
1409	1290	
1758	1782	
1782	1758	
396	420	
420	396	
3251	3266	
3266	3251	
1252	1253	
1253	1252	
523	532	
532	523	
1170	1171	
1171	1170	
4569	4651	
4651	4569	
1435	2184	
2184	1435	
25	136	
136	25	
3540	3724	
3724	3540	
3468	3613	
3613	3468	
4333	4340	
4340	4333	
3696	3697	
3697	3696	
0	451	
451	0	
1351	2017	
2017	1351	
2810	2986	
2986	2810	
4155	4242	
4242	4155	
2924	2925	
2925	2924	
2879	3111	
3111	2879	
80	199	
199	80	
3144	3246	
3246	3144	
637	671	
671	637	
1460	2074	
2074	1460	
2697	3270	
3270	2697	
665	666	
666	665	
3515	3742	
3742	3515	
2551	2852	
2852	2551	
579	664	
664	579	
3308	3654	
3654	3308	
3862	3901	
3901	3862	
3071	3086	
3086	3071	
4847	4848	
4848	4847	
3013	3014	
3014	3013	
4110	4156	
4156	4110	
4121	4150	
4150	4121	
619	626	
626	619	
902	929	
929	902	
1607	1773	
1773	1607	
747	780	
780	747	
2221	2232	
2232	2221	
3288	3290	
3290	3288	
4496	4767	
4767	4496	
3117	3144	
3144	3117	
4164	4179	
4179	4164	
3244	3279	
3279	3244	
1755	1756	
1756	1755	
1244	1267	
1267	1244	
2058	2106	
2106	2058	
3572	3589	
3589	3572	
2607	3188	
3188	2607	
704	713	
713	704	
2660	3024	
3024	2660	
4867	4869	
4869	4867	
4653	4654	
4654	4653	
246	378	
378	246	
258	306	
306	258	
3521	3557	
3557	3521	
3415	3468	
3468	3415	
1041	1042	
1042	1041	
2577	2641	
2641	2577	
1927	1977	
1977	1927	
3229	3266	
3266	3229	
1074	1506	
1506	1074	
4906	4908	
4908	4906	
2614	2617	
2617	2614	
772	824	
824	772	
4600	4624	
4624	4600	
1452	1541	
1541	1452	
4549	4648	
4648	4549	
2446	2502	
2502	2446	
2800	3151	
3151	2800	
1494	1988	
1988	1494	
2133	2154	
2154	2133	
3092	3128	
3128	3092	
4390	4391	
4391	4390	
614	619	
619	614	
1106	1810	
1810	1106	
2287	2334	
2334	2287	
2282	2283	
2283	2282	
4305	4307	
4307	4305	
522	4120	
4120	522	
3537	3538	
3538	3537	
831	905	
905	831	
14	17	
17	14	
3330	3331	
3331	3330	
924	927	
927	924	
1238	1239	
1239	1238	
280	360	
360	280	
3930	3931	
3931	3930	
3757	3792	
3792	3757	
4515	4669	
4669	4515	
4836	4884	
4884	4836	
484	493	
493	484	
4437	4439	
4439	4437	
41	42	
42	41	
257	259	
259	257	
2221	2295	
2295	2221	
4733	4757	
4757	4733	
1551	1993	
1993	1551	
2484	2736	
2736	2484	
2077	2191	
2191	2077	
546	558	
558	546	
1939	1940	
1940	1939	
2291	2315	
2315	2291	
2979	3054	
3054	2979	
1130	1830	
1830	1130	
1887	2145	
2145	1887	
3779	3816	
3816	3779	
4444	4458	
4458	4444	
4347	4402	
4402	4347	
2657	2693	
2693	2657	
3423	3426	
3426	3423	
2356	2376	
2376	2356	
1612	1627	
1627	1612	
1922	2151	
2151	1922	
2607	2794	
2794	2607	
2472	2493	
2493	2472	
2488	3252	
3252	2488	
4551	4584	
4584	4551	
303	307	
307	303	
819	820	
820	819	
1363	1919	
1919	1363	
2608	3060	
3060	2608	
1100	2176	
2176	1100	
4519	4520	
4520	4519	
4133	4211	
4211	4133	
4036	4080	
4080	4036	
3911	3918	
3918	3911	
3607	3709	
3709	3607	
252	253	
253	252	
3008	3269	
3269	3008	
2553	2845	
2845	2553	
4160	4269	
4269	4160	
170	171	
171	170	
852	902	
902	852	
2502	3226	
3226	2502	
3410	3712	
3712	3410	
2472	2588	
2588	2472	
1154	1197	
1197	1154	
4201	4221	
4221	4201	
3966	3985	
3985	3966	
1358	1735	
1735	1358	
569	4458	
4458	569	
2505	2783	
2783	2505	
3308	3580	
3580	3308	
1863	1933	
1933	1863	
3309	3645	
3645	3309	
3594	3726	
3726	3594	
3308	3596	
3596	3308	
143	234	
234	143	
914	917	
917	914	
4358	4416	
4416	4358	
3795	3802	
3802	3795	
1019	1031	
1031	1019	
2457	3004	
3004	2457	
1074	1159	
1159	1074	
4564	4815	
4815	4564	
1294	1306	
1306	1294	
4009	4079	
4079	4009	
1347	1461	
1461	1347	
4661	4662	
4662	4661	
4202	4304	
4304	4202	
1000	1026	
1026	1000	
2846	2936	
2936	2846	
4755	4758	
4758	4755	
3848	3920	
3920	3848	
426	447	
447	426	
2103	2145	
2145	2103	
3128	3129	
3129	3128	
2585	2717	
2717	2585	
4091	4092	
4092	4091	
3885	3904	
3904	3885	
490	2548	
2548	490	
2463	2654	
2654	2463	
4488	4562	
4562	4488	
612	613	
613	612	
1321	1412	
1412	1321	
3445	3447	
3447	3445	
2066	2186	
2186	2066	
637	728	
728	637	
392	402	
402	392	
4593	4611	
4611	4593	
3831	3849	
3849	3831	
3995	4065	
4065	3995	
1685	1786	
1786	1685	
3400	3609	
3609	3400	
2880	3230	
3230	2880	
309	358	
358	309	
483	3769	
3769	483	
4359	4388	
4388	4359	
2263	2357	
2357	2263	
2314	2321	
2321	2314	
1136	1138	
1138	1136	
143	202	
202	143	
2267	2270	
2270	2267	
831	932	
932	831	
111	192	
192	111	
1078	1244	
1244	1078	
303	316	
316	303	
1286	1800	
1800	1286	
3964	3965	
3965	3964	
1105	1145	
1145	1105	
3431	3695	
3695	3431	
2212	2213	
2213	2212	
4060	4065	
4065	4060	
850	898	
898	850	
2274	2275	
2275	2274	
1205	1449	
1449	1205	
618	668	
668	618	
3486	3560	
3560	3486	
2439	2596	
2596	2439	
1499	1500	
1500	1499	
3541	3667	
3667	3541	
1	3586	
3586	1	
3438	3527	
3527	3438	
4186	4300	
4300	4186	
1235	1723	
1723	1235	
4513	4598	
4598	4513	
634	725	
725	634	
2823	2824	
2824	2823	
2435	2638	
2638	2435	
949	962	
962	949	
4045	4046	
4046	4045	
1203	1364	
1364	1203	
2839	3250	
3250	2839	
4524	4579	
4579	4524	
3824	3842	
3842	3824	
4101	4227	
4227	4101	
2546	2548	
2548	2546	
69	1052	
1052	69	
4936	4938	
4938	4936	
757	758	
758	757	
1218	1247	
1247	1218	
1210	2076	
2076	1210	
1142	1874	
1874	1142	
4484	4540	
4540	4484	
2841	2935	
2935	2841	
53	231	
231	53	
60	154	
154	60	
4352	4408	
4408	4352	
3796	3934	
3934	3796	
2533	2542	
2542	2533	
1698	1982	
1982	1698	
2443	2627	
2627	2443	
2235	2369	
2369	2235	
1060	1542	
1542	1060	
2455	3105	
3105	2455	
416	430	
430	416	
3687	3728	
3728	3687	
1474	2042	
2042	1474	
2307	2330	
2330	2307	
136	146	
146	136	
651	653	
653	651	
4209	4311	
4311	4209	
532	573	
573	532	
2553	2908	
2908	2553	
4500	4501	
4501	4500	
940	1051	
1051	940	
3420	3532	
3532	3420	
1772	2052	
2052	1772	
4421	4436	
4436	4421	
394	457	
457	394	
3316	3483	
3483	3316	
83	218	
218	83	
3973	3995	
3995	3973	
2112	2164	
2164	2112	
55	107	
107	55	
1713	2194	
2194	1713	
1968	1983	
1983	1968	
4163	4164	
4164	4163	
1132	1493	
1493	1132	
3755	3778	
3778	3755	
2493	2627	
2627	2493	
831	906	
906	831	
3836	3918	
3918	3836	
802	2207	
2207	802	
2434	2662	
2662	2434	
4363	4370	
4370	4363	
548	552	
552	548	
1018	1019	
1019	1018	
505	551	
551	505	
3898	3918	
3918	3898	
2722	2889	
2889	2722	
507	566	
566	507	
2617	2885	
2885	2617	
1309	1436	
1436	1309	
1204	1488	
1488	1204	
4726	4756	
4756	4726	
2445	2685	
2685	2445	
4878	4920	
4920	4878	
278	335	
335	278	
4367	4376	
4376	4367	
3428	3429	
3429	3428	
506	546	
546	506	
2485	2548	
2548	2485	
1520	1521	
1521	1520	
3796	3887	
3887	3796	
1903	1990	
1990	1903	
2564	2892	
2892	2564	
3427	3623	
3623	3427	
1587	1588	
1588	1587	
3954	3966	
3966	3954	
1134	1416	
1416	1134	
4490	4500	
4500	4490	
353	355	
355	353	
3582	3612	
3612	3582	
3788	3895	
3895	3788	
2577	3014	
3014	2577	
127	129	
129	127	
4368	4404	
4404	4368	
4708	4728	
4728	4708	
1933	1935	
1935	1933	
842	4179	
4179	842	
3312	3697	
3697	3312	
4867	4925	
4925	4867	
4345	4381	
4381	4345	
570	4164	
4164	570	
2881	3117	
3117	2881	
425	426	
426	425	
2736	2737	
2737	2736	
844	846	
846	844	
1361	1362	
1362	1361	
1458	1952	
1952	1458	
2533	3005	
3005	2533	
4180	4290	
4290	4180	
4166	4208	
4208	4166	
1543	1611	
1611	1543	
3766	3838	
3838	3766	
4530	4687	
4687	4530	
1005	1006	
1006	1005	
1442	1443	
1443	1442	
4299	4319	
4319	4299	
2443	2521	
2521	2443	
874	885	
885	874	
1850	2119	
2119	1850	
2846	3173	
3173	2846	
2456	2617	
2617	2456	
4689	4690	
4690	4689	
1460	2144	
2144	1460	
780	799	
799	780	
3299	3314	
3314	3299	
2439	2682	
2682	2439	
1547	1638	
1638	1547	
3811	3864	
3864	3811	
68	979	
979	68	
2521	3233	
3233	2521	
2206	2382	
2382	2206	
2020	2046	
2046	2020	
4599	4820	
4820	4599	
3679	3681	
3681	3679	
1078	1079	
1079	1078	
1046	1059	
1059	1046	
2516	2517	
2517	2516	
3329	3498	
3498	3329	
1095	1446	
1446	1095	
2575	3154	
3154	2575	
3362	4476	
4476	3362	
1277	2203	
2203	1277	
440	441	
441	440	
3641	3678	
3678	3641	
4372	4373	
4373	4372	
4114	4148	
4148	4114	
991	1054	
1054	991	
2577	3248	
3248	2577	
3317	3724	
3724	3317	
140	141	
141	140	
4880	4900	
4900	4880	
4864	4887	
4887	4864	
3373	3431	
3431	3373	
2991	3196	
3196	2991	
2096	2190	
2190	2096	
2274	2407	
2407	2274	
3565	3675	
3675	3565	
2212	2282	
2282	2212	
1814	1920	
1920	1814	
876	894	
894	876	
1802	2001	
2001	1802	
1287	1289	
1289	1287	
1140	1619	
1619	1140	
3645	3722	
3722	3645	
1243	1423	
1423	1243	
4090	4217	
4217	4090	
2433	2661	
2661	2433	
4538	4805	
4805	4538	
3512	3564	
3564	3512	
4737	4739	
4739	4737	
3351	3561	
3561	3351	
1635	1703	
1703	1635	
2650	3288	
3288	2650	
4731	4738	
4738	4731	
14	29	
29	14	
1477	1478	
1478	1477	
1649	1954	
1954	1649	
249	250	
250	249	
1241	1355	
1355	1241	
754	783	
783	754	
4835	4836	
4836	4835	
52	111	
111	52	
2299	2407	
2407	2299	
1687	1897	
1897	1687	
1219	1417	
1417	1219	
2505	3049	
3049	2505	
1755	2080	
2080	1755	
1320	1440	
1440	1320	
1592	1701	
1701	1592	
2238	2368	
2368	2238	
2448	2597	
2597	2448	
2431	2816	
2816	2431	
2483	2559	
2559	2483	
1412	1505	
1505	1412	
597	600	
600	597	
1348	1349	
1349	1348	
740	748	
748	740	
4726	4749	
4749	4726	
532	568	
568	532	
1326	1580	
1580	1326	
3866	3906	
3906	3866	
4502	4503	
4503	4502	
284	285	
285	284	
1238	1532	
1532	1238	
3569	3588	
3588	3569	
129	235	
235	129	
4086	4162	
4162	4086	
192	193	
193	192	
1118	1119	
1119	1118	
1757	1847	
1847	1757	
2652	2795	
2795	2652	
4001	4030	
4030	4001	
3495	3501	
3501	3495	
2381	2382	
2382	2381	
1466	1908	
1908	1466	
1660	1827	
1827	1660	
1253	1304	
1304	1253	
3309	3465	
3465	3309	
282	284	
284	282	
4527	4528	
4528	4527	
490	2543	
2543	490	
4460	4461	
4461	4460	
3535	3717	
3717	3535	
1213	1346	
1346	1213	
4528	4545	
4545	4528	
4525	4759	
4759	4525	
2903	2976	
2976	2903	
717	718	
718	717	
4195	4266	
4266	4195	
57	98	
98	57	
2670	3008	
3008	2670	
584	667	
667	584	
2507	2508	
2508	2507	
3810	3821	
3821	3810	
3977	3979	
3979	3977	
837	853	
853	837	
654	655	
655	654	
2457	2458	
2458	2457	
1405	1406	
1406	1405	
827	877	
877	827	
1685	1915	
1915	1685	
2604	2955	
2955	2604	
541	569	
569	541	
50	205	
205	50	
2263	2306	
2306	2263	
481	4111	
4111	481	
780	784	
784	780	
4005	4028	
4028	4005	
2434	2701	
2701	2434	
336	337	
337	336	
4041	4066	
4066	4041	
52	119	
119	52	
3895	3927	
3927	3895	
945	1006	
1006	945	
1035	1049	
1049	1035	
1342	1508	
1508	1342	
4484	4688	
4688	4484	
1681	2037	
2037	1681	
2425	2459	
2459	2425	
1116	1499	
1499	1116	
3838	3844	
3844	3838	
4301	4302	
4302	4301	
4513	4514	
4514	4513	
831	903	
903	831	
3878	3904	
3904	3878	
2871	2877	
2877	2871	
119	175	
175	119	
1296	1350	
1350	1296	
1119	4437	
4437	1119	
2554	2872	
2872	2554	
1184	2447	
2447	1184	
3552	3692	
3692	3552	
658	738	
738	658	
3751	3762	
3762	3751	
576	582	
582	576	
532	556	
556	532	
4680	4826	
4826	4680	
4498	4499	
4499	4498	
4633	4664	
4664	4633	
4022	4034	
4034	4022	
1104	1753	
1753	1104	
1930	2196	
2196	1930	
3092	3127	
3127	3092	
236	237	
237	236	
1690	2097	
2097	1690	
2737	2779	
2779	2737	
1560	1781	
1781	1560	
2457	2793	
2793	2457	
507	539	
539	507	
1702	2167	
2167	1702	
966	997	
997	966	
1132	1605	
1605	1132	
2908	3096	
3096	2908	
384	447	
447	384	
3992	4021	
4021	3992	
3410	3677	
3677	3410	
2728	3062	
3062	2728	
1098	1914	
1914	1098	
1604	1823	
1823	1604	
2806	3238	
3238	2806	
78	79	
79	78	
84	4446	
4446	84	
1496	2010	
2010	1496	
2219	2397	
2397	2219	
3467	3468	
3468	3467	
2020	2047	
2047	2020	
297	300	
300	297	
2309	2388	
2388	2309	
3775	3792	
3792	3775	
2629	2986	
2986	2629	
4523	4654	
4654	4523	
2794	3108	
3108	2794	
941	942	
942	941	
2475	2519	
2519	2475	
187	228	
228	187	
3785	3905	
3905	3785	
1367	1624	
1624	1367	
2259	2262	
2262	2259	
1999	2026	
2026	1999	
490	2949	
2949	490	
962	993	
993	962	
1478	2050	
2050	1478	
3318	3473	
3473	3318	
4138	4154	
4154	4138	
1442	1537	
1537	1442	
4744	4751	
4751	4744	
1400	1852	
1852	1400	
1893	2030	
2030	1893	
2487	2617	
2617	2487	
4693	4695	
4695	4693	
4739	4742	
4742	4739	
4707	4713	
4713	4707	
111	204	
204	111	
3367	3368	
3368	3367	
1106	1180	
1180	1106	
4489	4610	
4610	4489	
3416	3431	
3431	3416	
134	222	
222	134	
2607	2959	
2959	2607	
2542	2834	
2834	2542	
2293	2348	
2348	2293	
4734	4738	
4738	4734	
4518	4782	
4782	4518	
2674	2710	
2710	2674	
1711	1896	
1896	1711	
2218	2346	
2346	2218	
587	669	
669	587	
1765	2042	
2042	1765	
4345	4368	
4368	4345	
4704	4746	
4746	4704	
430	469	
469	430	
1437	1783	
1783	1437	
4441	4442	
4442	4441	
1112	1579	
1579	1112	
2464	2712	
2712	2464	
3982	4067	
4067	3982	
3306	3467	
3467	3306	
2327	2352	
2352	2327	
4132	4156	
4156	4132	
854	864	
864	854	
184	200	
200	184	
2520	3005	
3005	2520	
3356	3590	
3590	3356	
952	953	
953	952	
2606	2607	
2607	2606	
3488	3498	
3498	3488	
1323	1338	
1338	1323	
3779	3851	
3851	3779	
4476	4678	
4678	4476	
925	927	
927	925	
508	565	
565	508	
124	173	
173	124	
2222	2229	
2229	2222	
32	174	
174	32	
2694	3029	
3029	2694	
2883	3041	
3041	2883	
2765	3112	
3112	2765	
2290	2377	
2377	2290	
4421	4442	
4442	4421	
4840	4842	
4842	4840	
1578	1645	
1645	1578	
849	908	
908	849	
4145	4146	
4146	4145	
597	602	
602	597	
2548	2847	
2847	2548	
770	797	
797	770	
496	499	
499	496	
3350	3688	
3688	3350	
482	495	
495	482	
1252	1349	
1349	1252	
2726	3061	
3061	2726	
4649	4750	
4750	4649	
2528	2549	
2549	2528	
1199	1200	
1200	1199	
4040	4049	
4049	4040	
1516	1925	
1925	1516	
1140	1458	
1458	1140	
3008	3209	
3209	3008	
179	199	
199	179	
3345	3403	
3403	3345	
252	322	
322	252	
4029	4032	
4032	4029	
1311	1446	
1446	1311	
1460	2105	
2105	1460	
1066	2069	
2069	1066	
2424	2425	
2425	2424	
1403	1485	
1485	1403	
1245	1678	
1678	1245	
2883	3153	
3153	2883	
4709	4728	
4728	4709	
1530	1536	
1536	1530	
4209	4308	
4308	4209	
4498	4500	
4500	4498	
852	900	
900	852	
36	37	
37	36	
3829	3895	
3895	3829	
622	653	
653	622	
3312	3632	
3632	3312	
1672	1816	
1816	1672	
2662	2837	
2837	2662	
2567	2593	
2593	2567	
809	822	
822	809	
4199	4206	
4206	4199	
4861	4867	
4867	4861	
2447	2814	
2814	2447	
11	125	
125	11	
2814	2967	
2967	2814	
2439	2529	
2529	2439	
3897	3898	
3898	3897	
1151	1356	
1356	1151	
4911	4921	
4921	4911	
2342	4035	
4035	2342	
2421	2422	
2422	2421	
4555	4592	
4592	4555	
2354	2372	
2372	2354	
1194	1195	
1195	1194	
1252	1343	
1343	1252	
2556	4317	
4317	2556	
1601	1972	
1972	1601	
2562	4445	
4445	2562	
3416	3417	
3417	3416	
4564	4565	
4565	4564	
3827	3828	
3828	3827	
4182	4226	
4226	4182	
3352	3361	
3361	3352	
409	431	
431	409	
4497	4606	
4606	4497	
2083	2094	
2094	2083	
1332	1345	
1345	1332	
2949	2950	
2950	2949	
4382	4399	
4399	4382	
4649	4753	
4753	4649	
4534	4618	
4618	4534	
2549	2551	
2551	2549	
121	122	
122	121	
2512	3229	
3229	2512	
4828	4897	
4897	4828	
103	153	
153	103	
4100	4101	
4101	4100	
3704	3705	
3705	3704	
184	997	
997	184	
3801	3918	
3918	3801	
1795	1976	
1976	1795	
1732	2117	
2117	1732	
1671	2013	
2013	1671	
238	252	
252	238	
3415	3659	
3659	3415	
423	430	
430	423	
4246	4248	
4248	4246	
2342	2363	
2363	2342	
1091	1504	
1504	1091	
410	411	
411	410	
282	313	
313	282	
4477	4832	
4832	4477	
301	302	
302	301	
2553	2871	
2871	2553	
2528	2612	
2612	2528	
2248	4535	
4535	2248	
4562	4612	
4612	4562	
1711	1921	
1921	1711	
1022	1050	
1050	1022	
2282	2284	
2284	2282	
4015	4025	
4025	4015	
1131	1308	
1308	1131	
1455	1457	
1457	1455	
1023	1059	
1059	1023	
4346	4357	
4357	4346	
4585	4589	
4589	4585	
4829	4866	
4866	4829	
3462	3463	
3463	3462	
3484	3485	
3485	3484	
4691	4781	
4781	4691	
3885	3914	
3914	3885	
2851	2914	
2914	2851	
27	166	
166	27	
1331	1634	
1634	1331	
3668	3745	
3745	3668	
279	302	
302	279	
728	729	
729	728	
2464	2713	
2713	2464	
455	459	
459	455	
539	543	
543	539	
1386	1387	
1387	1386	
4329	4377	
4377	4329	
4351	4416	
4416	4351	
3398	3625	
3625	3398	
3128	3149	
3149	3128	
4193	4234	
4234	4193	
1844	2156	
2156	1844	
1854	1889	
1889	1854	
992	993	
993	992	
1186	2075	
2075	1186	
4726	4784	
4784	4726	
145	196	
196	145	
2514	2595	
2595	2514	
2872	2873	
2873	2872	
1464	1466	
1466	1464	
4787	4794	
4794	4787	
451	453	
453	451	
3400	3401	
3401	3400	
1623	2115	
2115	1623	
2456	2458	
2458	2456	
2500	3271	
3271	2500	
308	323	
323	308	
3433	3657	
3657	3433	
7	8	
8	7	
2449	2687	
2687	2449	
4829	4874	
4874	4829	
2792	3286	
3286	2792	
105	184	
184	105	
2981	3003	
3003	2981	
854	891	
891	854	
104	222	
222	104	
605	658	
658	605	
4353	4412	
4412	4353	
1268	1776	
1776	1268	
2535	2536	
2536	2535	
3690	3691	
3691	3690	
2386	2408	
2408	2386	
934	936	
936	934	
1205	2086	
2086	1205	
3796	3877	
3877	3796	
1356	2007	
2007	1356	
1073	1313	
1313	1073	
3948	3956	
3956	3948	
2799	2947	
2947	2799	
477	484	
484	477	
4340	4395	
4395	4340	
4391	4396	
4396	4391	
1267	1313	
1313	1267	
4874	4884	
4884	4874	
3749	3932	
3932	3749	
1993	1994	
1994	1993	
4836	4897	
4897	4836	
3869	3870	
3870	3869	
383	455	
455	383	
2880	3095	
3095	2880	
2838	3228	
3228	2838	
4629	4653	
4653	4629	
4365	4373	
4373	4365	
534	538	
538	534	
1665	1862	
1862	1665	
1815	2031	
2031	1815	
2495	2761	
2761	2495	
3001	3143	
3143	3001	
1177	1387	
1387	1177	
4106	4107	
4107	4106	
2559	3242	
3242	2559	
1824	1914	
1914	1824	
544	561	
561	544	
589	692	
692	589	
3817	3890	
3890	3817	
1319	1458	
1458	1319	
3312	3351	
3351	3312	
129	4112	
4112	129	
688	689	
689	688	
2453	2454	
2454	2453	
242	364	
364	242	
3505	3506	
3506	3505	
564	4211	
4211	564	
4608	4644	
4644	4608	
4491	4492	
4492	4491	
3421	3671	
3671	3421	
3834	3879	
3879	3834	
3394	3709	
3709	3394	
