1676	4458	
4458	1676	
3909	4938	
4938	3909	
2862	4563	
4563	2862	
511	2867	
2867	511	
1593	3037	
3037	1593	
2132	3757	
3757	2132	
817	2943	
2943	817	
196	1864	
1864	196	
3794	4627	
4627	3794	
95	4189	
4189	95	
4412	4853	
4853	4412	
3964	4722	
4722	3964	
1762	3233	
3233	1762	
1656	4824	
4824	1656	
1071	3705	
3705	1071	
2290	2623	
2623	2290	
708	4826	
4826	708	
3542	4766	
4766	3542	
4217	4854	
4854	4217	
1461	3512	
3512	1461	
2899	4195	
4195	2899	
1306	3141	
3141	1306	
1157	1558	
1558	1157	
1472	4737	
4737	1472	
4133	4412	
4412	4133	
973	4653	
4653	973	
3037	3141	
3141	3037	
3270	4901	
4901	3270	
700	1916	
1916	700	
98	3854	
3854	98	
174	673	
673	174	
1647	3441	
3441	1647	
1519	3666	
3666	1519	
967	4050	
4050	967	
2048	4279	
4279	2048	
121	1031	
1031	121	
130	1394	
1394	130	
39	1551	
1551	39	
127	1140	
1140	127	
9	888	
888	9	
284	4938	
4938	284	
606	4453	
4453	606	
1067	1326	
1326	1067	
190	3386	
3386	190	
1915	2747	
2747	1915	
658	4745	
4745	658	
1395	3880	
3880	1395	
1111	4931	
4931	1111	
2038	4166	
4166	2038	
3276	4556	
4556	3276	
2277	3725	
3725	2277	
348	2777	
2777	348	
1459	2178	
2178	1459	
584	2033	
2033	584	
146	1284	
1284	146	
203	2293	
2293	203	
4417	4570	
4570	4417	
1980	3962	
3962	1980	
3477	4595	
4595	3477	
1552	2754	
2754	1552	
1907	2485	
2485	1907	
1667	1953	
1953	1667	
1880	3880	
3880	1880	
598	4287	
4287	598	
1079	2669	
2669	1079	
18	1347	
1347	18	
3466	3516	
3516	3466	
2953	3072	
3072	2953	
2946	4388	
4388	2946	
2643	3795	
3795	2643	
1708	3401	
3401	1708	
1099	1521	
1521	1099	
1657	4853	
4853	1657	
1812	2828	
2828	1812	
2836	4020	
4020	2836	
752	1233	
1233	752	
1704	3245	
3245	1704	
1411	3845	
3845	1411	
2315	2446	
2446	2315	
3017	4679	
4679	3017	
4062	4749	
4749	4062	
598	3976	
3976	598	
183	4694	
4694	183	
2799	3393	
3393	2799	
2371	4421	
4421	2371	
1479	2252	
2252	1479	
736	2797	
2797	736	
2714	4103	
4103	2714	
1688	4653	
4653	1688	
4146	4316	
4316	4146	
1592	2689	
2689	1592	
236	1497	
1497	236	
1260	3885	
3885	1260	
1874	3374	
3374	1874	
1865	4100	
4100	1865	
1177	3708	
3708	1177	
512	1468	
1468	512	
828	1263	
1263	828	
429	2137	
2137	429	
1300	3786	
3786	1300	
1350	3294	
3294	1350	
1912	3037	
3037	1912	
3203	3880	
3880	3203	
60	3948	
3948	60	
550	872	
872	550	
3531	4784	
4784	3531	
2485	4699	
4699	2485	
795	2150	
2150	795	
1643	3975	
3975	1643	
3210	4308	
4308	3210	
1117	4142	
4142	1117	
3379	4652	
4652	3379	
2218	3944	
3944	2218	
3958	4337	
4337	3958	
1267	4193	
4193	1267	
672	4017	
4017	672	
872	3752	
3752	872	
2227	2548	
2548	2227	
3316	3499	
3499	3316	
801	2758	
2758	801	
1165	2478	
2478	1165	
1174	2826	
2826	1174	
1297	4301	
4301	1297	
2800	4205	
4205	2800	
1656	4256	
4256	1656	
1310	4295	
4295	1310	
2894	3400	
3400	2894	
3084	3927	
3927	3084	
1335	2154	
2154	1335	
818	1869	
1869	818	
1903	4704	
4704	1903	
2037	4927	
4927	2037	
414	1926	
1926	414	
3399	4136	
4136	3399	
3775	4823	
4823	3775	
2011	3599	
3599	2011	
3461	4248	
4248	3461	
1140	1778	
1778	1140	
1247	1338	
1338	1247	
1556	2279	
2279	1556	
1747	4539	
4539	1747	
1946	4505	
4505	1946	
2441	4615	
4615	2441	
1405	2076	
2076	1405	
282	751	
751	282	
918	3324	
3324	918	
2577	4922	
4922	2577	
946	3708	
3708	946	
1469	4156	
4156	1469	
1840	3882	
3882	1840	
3178	4879	
4879	3178	
1500	3414	
3414	1500	
4375	4906	
4906	4375	
639	4094	
4094	639	
1409	4072	
4072	1409	
809	4036	
4036	809	
10	893	
893	10	
526	1884	
1884	526	
1084	4813	
4813	1084	
715	4075	
4075	715	
448	1396	
1396	448	
3911	3990	
3990	3911	
1163	4474	
4474	1163	
186	4811	
4811	186	
1226	2822	
2822	1226	
1482	3891	
3891	1482	
2362	3128	
3128	2362	
432	4724	
4724	432	
1904	3025	
3025	1904	
3059	4528	
4528	3059	
3099	4700	
4700	3099	
814	4431	
4431	814	
267	675	
675	267	
263	3195	
3195	263	
2649	3291	
3291	2649	
593	3416	
3416	593	
4047	4841	
4841	4047	
1625	4606	
4606	1625	
2035	2050	
2050	2035	
1944	4219	
4219	1944	
1829	3220	
3220	1829	
884	973	
973	884	
1167	4590	
4590	1167	
2000	4488	
4488	2000	
271	1656	
1656	271	
100	4420	
4420	100	
284	2637	
2637	284	
484	4148	
4148	484	
376	2567	
2567	376	
2764	3915	
3915	2764	
1158	2767	
2767	1158	
2179	2735	
2735	2179	
3543	4269	
4269	3543	
4327	4480	
4480	4327	
398	4759	
4759	398	
1689	2178	
2178	1689	
125	3300	
3300	125	
2188	2760	
2760	2188	
518	3427	
3427	518	
1055	3608	
3608	1055	
126	267	
267	126	
2019	2878	
2878	2019	
750	913	
913	750	
192	1228	
1228	192	
3749	4593	
4593	3749	
539	2409	
2409	539	
2568	3354	
3354	2568	
3287	4678	
4678	3287	
2261	3203	
3203	2261	
2833	2923	
2923	2833	
2702	4239	
4239	2702	
3467	3507	
3507	3467	
808	1237	
1237	808	
1246	1634	
1634	1246	
464	3335	
3335	464	
936	966	
966	936	
1586	2643	
2643	1586	
1144	4658	
4658	1144	
583	2204	
2204	583	
1496	2822	
2822	1496	
735	2042	
2042	735	
753	2430	
2430	753	
4367	4842	
4842	4367	
3022	4338	
4338	3022	
1609	2917	
2917	1609	
718	1716	
1716	718	
10	27	
27	10	
2370	4002	
4002	2370	
218	296	
296	218	
917	1469	
1469	917	
3438	4811	
4811	3438	
1615	4291	
4291	1615	
533	736	
736	533	
858	2539	
2539	858	
475	2107	
2107	475	
1339	4101	
4101	1339	
31	4014	
4014	31	
2075	4546	
4546	2075	
1630	2115	
2115	1630	
41	4803	
4803	41	
677	1875	
1875	677	
235	1832	
1832	235	
753	2338	
2338	753	
740	934	
934	740	
433	1943	
1943	433	
428	2829	
2829	428	
1004	3927	
3927	1004	
656	3329	
3329	656	
1444	3478	
3478	1444	
1241	1698	
1698	1241	
844	1518	
1518	844	
1331	3601	
3601	1331	
1185	4207	
4207	1185	
644	2423	
2423	644	
4502	4770	
4770	4502	
4233	4488	
4488	4233	
2143	4884	
4884	2143	
1027	1287	
1287	1027	
2155	3598	
3598	2155	
1268	3503	
3503	1268	
2567	3258	
3258	2567	
664	1611	
1611	664	
1926	3262	
3262	1926	
1458	4200	
4200	1458	
205	1650	
1650	205	
182	1515	
1515	182	
1089	4927	
4927	1089	
1962	4828	
4828	1962	
297	1184	
1184	297	
1246	2751	
2751	1246	
1529	4581	
4581	1529	
538	4697	
4697	538	
3044	4603	
4603	3044	
1328	1751	
1751	1328	
246	3294	
3294	246	
3024	4402	
4402	3024	
2950	3190	
3190	2950	
4430	4453	
4453	4430	
1356	3966	
3966	1356	
273	807	
807	273	
941	1090	
1090	941	
968	3278	
3278	968	
624	3927	
3927	624	
510	2354	
2354	510	
1318	1776	
1776	1318	
3484	3928	
3928	3484	
2903	3256	
3256	2903	
3965	4361	
4361	3965	
1244	2202	
2202	1244	
789	4780	
4780	789	
1617	4852	
4852	1617	
1201	4228	
4228	1201	
808	4900	
4900	808	
4641	4657	
4657	4641	
228	4676	
4676	228	
821	1227	
1227	821	
803	4460	
4460	803	
1126	2078	
2078	1126	
4658	4679	
4679	4658	
640	2098	
2098	640	
3114	3851	
3851	3114	
2247	3028	
3028	2247	
2102	4353	
4353	2102	
691	3541	
3541	691	
3691	4361	
4361	3691	
1883	2640	
2640	1883	
1250	4149	
4149	1250	
3016	3293	
3293	3016	
155	459	
459	155	
365	2782	
2782	365	
3901	4749	
4749	3901	
1044	1568	
1568	1044	
1050	4040	
4040	1050	
684	3600	
3600	684	
939	4488	
4488	939	
867	2789	
2789	867	
1862	4526	
4526	1862	
502	1458	
1458	502	
1025	1127	
1127	1025	
3672	3792	
3792	3672	
1313	4519	
4519	1313	
3862	4804	
4804	3862	
1944	3352	
3352	1944	
585	1575	
1575	585	
1782	3063	
3063	1782	
173	465	
465	173	
1113	4791	
4791	1113	
1597	4499	
4499	1597	
1799	2680	
2680	1799	
232	2604	
2604	232	
1476	4179	
4179	1476	
466	3259	
3259	466	
2318	4311	
4311	2318	
2913	3946	
3946	2913	
3593	3824	
3824	3593	
1071	3395	
3395	1071	
1211	4008	
4008	1211	
4248	4557	
4557	4248	
1359	3935	
3935	1359	
162	1341	
1341	162	
2320	3902	
3902	2320	
470	4489	
4489	470	
1297	1545	
1545	1297	
4	3699	
3699	4	
3215	4174	
4174	3215	
2442	2582	
2582	2442	
621	3964	
3964	621	
1187	4269	
4269	1187	
1441	4164	
4164	1441	
15	482	
482	15	
2418	3859	
3859	2418	
95	596	
596	95	
625	4100	
4100	625	
319	353	
353	319	
1973	3601	
3601	1973	
688	1053	
1053	688	
1053	2543	
2543	1053	
3089	3323	
3323	3089	
1318	2772	
2772	1318	
1470	4714	
4714	1470	
735	2560	
2560	735	
2332	4369	
4369	2332	
1220	2018	
2018	1220	
609	2424	
2424	609	
813	2591	
2591	813	
1655	2924	
2924	1655	
1674	2316	
2316	1674	
968	2277	
2277	968	
1115	3290	
3290	1115	
590	2177	
2177	590	
888	3879	
3879	888	
2958	3087	
3087	2958	
57	287	
287	57	
3056	4549	
4549	3056	
2301	3012	
3012	2301	
3754	4344	
4344	3754	
1879	2235	
2235	1879	
1155	2701	
2701	1155	
181	839	
839	181	
993	4170	
4170	993	
2374	4631	
4631	2374	
601	1847	
1847	601	
2636	2751	
2751	2636	
1754	3013	
3013	1754	
1916	3867	
3867	1916	
4728	4735	
4735	4728	
1418	2757	
2757	1418	
1406	3235	
3235	1406	
1600	1698	
1698	1600	
120	3989	
3989	120	
3268	4813	
4813	3268	
3517	4202	
4202	3517	
3996	4140	
4140	3996	
248	1010	
1010	248	
2080	3561	
3561	2080	
592	2677	
2677	592	
3139	4707	
4707	3139	
1028	2491	
2491	1028	
3730	4142	
4142	3730	
7	3496	
3496	7	
932	1737	
1737	932	
3059	4499	
4499	3059	
180	1270	
1270	180	
3602	4488	
4488	3602	
1124	2015	
2015	1124	
3025	4872	
4872	3025	
3037	3045	
3045	3037	
1722	3628	
3628	1722	
1054	1072	
1072	1054	
3354	4262	
4262	3354	
3104	4589	
4589	3104	
2005	4897	
4897	2005	
751	3623	
3623	751	
3035	3533	
3533	3035	
3800	4560	
4560	3800	
713	2363	
2363	713	
3148	4096	
4096	3148	
357	3047	
3047	357	
2192	4608	
4608	2192	
3957	4795	
4795	3957	
2215	2972	
2972	2215	
598	3298	
3298	598	
745	1028	
1028	745	
702	2361	
2361	702	
926	4939	
4939	926	
1002	2695	
2695	1002	
3768	4538	
4538	3768	
487	3108	
3108	487	
1455	4840	
4840	1455	
4654	4655	
4655	4654	
468	2678	
2678	468	
3360	3746	
3746	3360	
2561	4330	
4330	2561	
246	986	
986	246	
741	3540	
3540	741	
712	4314	
4314	712	
2456	3258	
3258	2456	
505	2770	
2770	505	
539	3347	
3347	539	
4775	4808	
4808	4775	
3268	4172	
4172	3268	
598	2182	
2182	598	
1985	4282	
4282	1985	
25	2849	
2849	25	
2820	4132	
4132	2820	
50	4058	
4058	50	
1019	1022	
1022	1019	
1228	4301	
4301	1228	
398	3975	
3975	398	
2957	3205	
3205	2957	
412	4451	
4451	412	
1864	2511	
2511	1864	
1058	3910	
3910	1058	
4606	4915	
4915	4606	
2244	4058	
4058	2244	
1489	4383	
4383	1489	
807	2392	
2392	807	
1963	4563	
4563	1963	
309	1869	
1869	309	
2102	4535	
4535	2102	
1705	4498	
4498	1705	
2051	3424	
3424	2051	
709	3637	
3637	709	
3375	4671	
4671	3375	
818	1221	
1221	818	
3980	4358	
4358	3980	
3126	4754	
4754	3126	
3008	3650	
3650	3008	
133	2096	
2096	133	
803	1910	
1910	803	
2542	4039	
4039	2542	
1285	4357	
4357	1285	
1416	4495	
4495	1416	
2088	3543	
3543	2088	
787	1963	
1963	787	
1760	2836	
2836	1760	
1934	2257	
2257	1934	
9	3824	
3824	9	
3085	3170	
3170	3085	
1866	2216	
2216	1866	
2951	3375	
3375	2951	
3483	4887	
4887	3483	
1145	2269	
2269	1145	
3128	3256	
3256	3128	
810	2785	
2785	810	
1980	4521	
4521	1980	
649	1112	
1112	649	
256	3519	
3519	256	
2894	2901	
2901	2894	
2331	4398	
4398	2331	
3127	4574	
4574	3127	
1665	2807	
2807	1665	
977	988	
988	977	
2197	3968	
3968	2197	
1504	2950	
2950	1504	
227	4160	
4160	227	
104	2784	
2784	104	
3017	4343	
4343	3017	
607	676	
676	607	
811	3854	
3854	811	
756	4384	
4384	756	
2421	4710	
4710	2421	
3214	4248	
4248	3214	
2437	4712	
4712	2437	
3354	4801	
4801	3354	
94	727	
727	94	
2482	4138	
4138	2482	
769	4006	
4006	769	
3178	4894	
4894	3178	
2217	3351	
3351	2217	
3950	4248	
4248	3950	
2291	2910	
2910	2291	
144	2616	
2616	144	
623	3490	
3490	623	
598	4410	
4410	598	
2294	2371	
2371	2294	
2191	4221	
4221	2191	
569	3569	
3569	569	
1894	4597	
4597	1894	
3562	3679	
3679	3562	
2379	3275	
3275	2379	
1771	4000	
4000	1771	
84	321	
321	84	
1642	3287	
3287	1642	
142	4639	
4639	142	
2206	2371	
2371	2206	
303	2276	
2276	303	
3269	4904	
4904	3269	
1250	2962	
2962	1250	
6	473	
473	6	
1240	4309	
4309	1240	
1573	4138	
4138	1573	
347	1757	
1757	347	
0	4839	
4839	0	
1120	2662	
2662	1120	
2588	4168	
4168	2588	
2833	3833	
3833	2833	
1781	2190	
2190	1781	
2043	2848	
2848	2043	
1178	2051	
2051	1178	
2374	4070	
4070	2374	
2083	4172	
4172	2083	
3237	4344	
4344	3237	
1439	4297	
4297	1439	
4655	4732	
4732	4655	
2109	2275	
2275	2109	
1648	1703	
1703	1648	
1502	4589	
4589	1502	
255	1374	
1374	255	
2696	4712	
4712	2696	
244	2386	
2386	244	
942	3725	
3725	942	
921	2493	
2493	921	
2356	4863	
4863	2356	
2667	4107	
4107	2667	
1991	4569	
4569	1991	
1153	1908	
1908	1153	
26	4820	
4820	26	
1307	1871	
1871	1307	
2876	3741	
3741	2876	
1722	2645	
2645	1722	
1163	3373	
3373	1163	
655	2290	
2290	655	
1331	4043	
4043	1331	
815	2334	
2334	815	
1930	2076	
2076	1930	
327	3141	
3141	327	
28	3778	
3778	28	
2504	3462	
3462	2504	
1596	4855	
4855	1596	
135	2446	
2446	135	
1565	4239	
4239	1565	
2144	3174	
3174	2144	
2352	2655	
2655	2352	
733	2525	
2525	733	
3947	4334	
4334	3947	
922	1496	
1496	922	
674	3105	
3105	674	
1854	2854	
2854	1854	
2430	3790	
3790	2430	
1474	1870	
1870	1474	
2652	4415	
4415	2652	
224	3559	
3559	224	
1675	3551	
3551	1675	
613	2491	
2491	613	
2138	2493	
2493	2138	
1065	3291	
3291	1065	
988	2641	
2641	988	
3608	3804	
3804	3608	
1257	4063	
4063	1257	
3027	4896	
4896	3027	
967	1612	
1612	967	
3577	4657	
4657	3577	
1775	2897	
2897	1775	
1646	3640	
3640	1646	
3365	3800	
3800	3365	
3165	4896	
4896	3165	
1549	3327	
3327	1549	
1302	2793	
2793	1302	
2015	4605	
4605	2015	
2604	2888	
2888	2604	
1756	3199	
3199	1756	
3190	3669	
3669	3190	
1001	1990	
1990	1001	
2049	2937	
2937	2049	
4605	4695	
4695	4605	
188	4806	
4806	188	
3069	4193	
4193	3069	
320	1504	
1504	320	
4414	4523	
4523	4414	
784	2649	
2649	784	
2259	2808	
2808	2259	
846	3299	
3299	846	
741	4237	
4237	741	
2296	2869	
2869	2296	
2660	3677	
3677	2660	
3165	3661	
3661	3165	
1633	3575	
3575	1633	
1302	4054	
4054	1302	
2121	3935	
3935	2121	
3408	3913	
3913	3408	
3029	3312	
3312	3029	
718	4576	
4576	718	
1847	3251	
3251	1847	
2894	4149	
4149	2894	
2426	4047	
4047	2426	
2257	3871	
3871	2257	
2971	3022	
3022	2971	
2021	4591	
4591	2021	
1881	4871	
4871	1881	
2506	4766	
4766	2506	
2050	2330	
2330	2050	
2228	3413	
3413	2228	
1926	4852	
4852	1926	
2781	4927	
4927	2781	
639	3811	
3811	639	
1070	1577	
1577	1070	
2802	3755	
3755	2802	
1180	1753	
1753	1180	
2923	3942	
3942	2923	
1164	1738	
1738	1164	
436	1501	
1501	436	
1244	2571	
2571	1244	
2387	3693	
3693	2387	
360	3968	
3968	360	
1547	4652	
4652	1547	
3063	3411	
3411	3063	
3255	3462	
3462	3255	
979	3263	
3263	979	
409	2553	
2553	409	
0	2537	
2537	0	
2994	4096	
4096	2994	
1443	3677	
3677	1443	
1644	4020	
4020	1644	
1222	2318	
2318	1222	
29	3632	
3632	29	
1136	4453	
4453	1136	
310	4145	
4145	310	
1025	1632	
1632	1025	
267	4839	
4839	267	
691	4338	
4338	691	
318	445	
445	318	
3195	3699	
3699	3195	
2915	3762	
3762	2915	
1493	2084	
2084	1493	
2480	3762	
3762	2480	
1167	1740	
1740	1167	
3588	4414	
4414	3588	
1362	1464	
1464	1362	
1392	2987	
2987	1392	
539	900	
900	539	
3855	4852	
4852	3855	
1219	2748	
2748	1219	
145	4089	
4089	145	
3639	4519	
4519	3639	
2002	2935	
2935	2002	
1837	3692	
3692	1837	
1573	2307	
2307	1573	
873	4200	
4200	873	
1633	2247	
2247	1633	
2482	2540	
2540	2482	
2343	3689	
3689	2343	
1201	1493	
1493	1201	
882	2231	
2231	882	
911	1655	
1655	911	
1073	3281	
3281	1073	
822	3388	
3388	822	
3748	4093	
4093	3748	
212	1251	
1251	212	
680	1808	
1808	680	
4055	4808	
4808	4055	
2715	3664	
3664	2715	
668	2461	
2461	668	
418	996	
996	418	
773	1984	
1984	773	
370	3635	
3635	370	
827	3798	
3798	827	
3332	3565	
3565	3332	
2055	2663	
2663	2055	
2447	3429	
3429	2447	
277	4032	
4032	277	
379	1793	
1793	379	
3263	4543	
4543	3263	
583	2244	
2244	583	
4653	4698	
4698	4653	
1637	3876	
3876	1637	
790	2322	
2322	790	
3223	3662	
3662	3223	
513	4278	
4278	513	
1132	4177	
4177	1132	
1351	4598	
4598	1351	
4192	4742	
4742	4192	
1508	1843	
1843	1508	
1364	3606	
3606	1364	
111	2313	
2313	111	
471	2805	
2805	471	
1105	4294	
4294	1105	
168	1487	
1487	168	
2928	3984	
3984	2928	
1210	2410	
2410	1210	
1722	2737	
2737	1722	
17	1093	
1093	17	
1590	4225	
4225	1590	
1071	4338	
4338	1071	
1752	1798	
1798	1752	
1973	4857	
4857	1973	
681	2564	
2564	681	
3799	4104	
4104	3799	
3198	4163	
4163	3198	
237	3755	
3755	237	
2835	3619	
3619	2835	
1993	2352	
2352	1993	
578	4223	
4223	578	
930	4654	
4654	930	
1673	3908	
3908	1673	
2326	2909	
2909	2326	
1325	3655	
3655	1325	
263	3565	
3565	263	
181	686	
686	181	
2005	3888	
3888	2005	
1663	3906	
3906	1663	
446	3061	
3061	446	
1879	2707	
2707	1879	
528	876	
876	528	
2307	4094	
4094	2307	
2774	4859	
4859	2774	
854	4576	
4576	854	
90	2767	
2767	90	
1408	4373	
4373	1408	
51	3257	
3257	51	
2594	3635	
3635	2594	
1132	3388	
3388	1132	
2570	4444	
4444	2570	
216	3853	
3853	216	
2127	2244	
2244	2127	
173	1759	
1759	173	
3689	4328	
4328	3689	
984	2874	
2874	984	
3135	3592	
3592	3135	
2107	2327	
2327	2107	
552	3696	
3696	552	
710	4473	
4473	710	
1069	2262	
2262	1069	
4315	4487	
4487	4315	
589	4135	
4135	589	
308	4677	
4677	308	
873	976	
976	873	
1278	3069	
3069	1278	
912	2404	
2404	912	
632	2865	
2865	632	
1631	3796	
3796	1631	
1888	2695	
2695	1888	
3560	4719	
4719	3560	
3201	3246	
3246	3201	
1789	4582	
4582	1789	
1522	2628	
2628	1522	
1622	1706	
1706	1622	
9	2364	
2364	9	
261	4591	
4591	261	
1132	3677	
3677	1132	
911	2006	
2006	911	
1298	4051	
4051	1298	
3814	3983	
3983	3814	
1131	4708	
4708	1131	
2261	3783	
3783	2261	
851	4168	
4168	851	
170	2126	
2126	170	
4080	4778	
4778	4080	
1438	4213	
4213	1438	
925	2831	
2831	925	
2061	4433	
4433	2061	
774	4193	
4193	774	
1371	2094	
2094	1371	
1710	3830	
3830	1710	
884	4920	
4920	884	
1342	4438	
4438	1342	
2226	3098	
3098	2226	
3412	4468	
4468	3412	
505	4441	
4441	505	
172	3105	
3105	172	
1399	4714	
4714	1399	
1508	1629	
1629	1508	
1736	2426	
2426	1736	
2994	4234	
4234	2994	
1261	1340	
1340	1261	
901	2669	
2669	901	
2281	4586	
4586	2281	
2474	4853	
4853	2474	
1591	2736	
2736	1591	
765	4095	
4095	765	
1635	1760	
1760	1635	
1085	1280	
1280	1085	
645	2121	
2121	645	
1429	2488	
2488	1429	
576	2167	
2167	576	
3299	3639	
3639	3299	
2902	3255	
3255	2902	
4121	4125	
4125	4121	
648	4833	
4833	648	
807	4552	
4552	807	
1575	2183	
2183	1575	
1862	3081	
3081	1862	
90	1599	
1599	90	
2486	2526	
2526	2486	
2822	4496	
4496	2822	
2634	4230	
4230	2634	
473	3403	
3403	473	
4024	4791	
4791	4024	
2418	2608	
2608	2418	
424	2499	
2499	424	
293	542	
542	293	
1741	3567	
3567	1741	
39	410	
410	39	
409	2930	
2930	409	
236	3814	
3814	236	
1105	4922	
4922	1105	
567	2327	
2327	567	
1409	3800	
3800	1409	
2222	2944	
2944	2222	
3865	4835	
4835	3865	
273	1110	
1110	273	
37	3574	
3574	37	
3686	4782	
4782	3686	
3963	4147	
4147	3963	
3660	4427	
4427	3660	
2074	2209	
2209	2074	
4508	4866	
4866	4508	
134	4365	
4365	134	
2937	4460	
4460	2937	
381	3729	
3729	381	
484	1099	
1099	484	
1117	3805	
3805	1117	
1290	1505	
1505	1290	
962	3667	
3667	962	
2727	3153	
3153	2727	
124	1590	
1590	124	
1797	2833	
2833	1797	
277	3866	
3866	277	
180	2403	
2403	180	
511	2367	
2367	511	
292	1165	
1165	292	
3932	4306	
4306	3932	
2953	4489	
4489	2953	
102	2327	
2327	102	
1667	3516	
3516	1667	
1587	1833	
1833	1587	
973	4410	
4410	973	
3115	3409	
3409	3115	
4484	4801	
4801	4484	
2324	3674	
3674	2324	
3464	4344	
4344	3464	
1080	3552	
3552	1080	
82	4004	
4004	82	
2488	3089	
3089	2488	
375	2899	
2899	375	
3548	4726	
4726	3548	
1485	2656	
2656	1485	
3081	4637	
4637	3081	
2052	4892	
4892	2052	
1839	4286	
4286	1839	
1757	2227	
2227	1757	
230	2620	
2620	230	
2125	4301	
4301	2125	
2517	3726	
3726	2517	
1137	1155	
1155	1137	
1683	2168	
2168	1683	
1449	1674	
1674	1449	
476	4580	
4580	476	
2941	3714	
3714	2941	
2110	4316	
4316	2110	
1239	1646	
1646	1239	
3609	3745	
3745	3609	
438	1359	
1359	438	
3969	4430	
4430	3969	
1026	2070	
2070	1026	
1359	3336	
3336	1359	
348	2831	
2831	348	
2461	3433	
3433	2461	
1687	3312	
3312	1687	
1	3334	
3334	1	
2203	4007	
4007	2203	
303	1138	
1138	303	
3574	4830	
4830	3574	
1857	3612	
3612	1857	
1403	1764	
1764	1403	
172	926	
926	172	
2115	3067	
3067	2115	
2313	3015	
3015	2313	
1361	3697	
3697	1361	
4072	4824	
4824	4072	
751	756	
756	751	
1050	3690	
3690	1050	
195	4791	
4791	195	
2357	3948	
3948	2357	
735	3089	
3089	735	
3002	4935	
4935	3002	
118	2801	
2801	118	
4705	4793	
4793	4705	
889	996	
996	889	
1559	3711	
3711	1559	
68	1701	
1701	68	
1692	2755	
2755	1692	
887	4872	
4872	887	
40	1666	
1666	40	
3863	3967	
3967	3863	
885	4190	
4190	885	
1225	1962	
1962	1225	
3728	4733	
4733	3728	
1112	3777	
3777	1112	
157	2646	
2646	157	
4264	4524	
4524	4264	
1143	3055	
3055	1143	
4281	4339	
4339	4281	
1902	4413	
4413	1902	
378	1919	
1919	378	
796	1899	
1899	796	
48	3149	
3149	48	
1878	2983	
2983	1878	
3848	4120	
4120	3848	
1949	3178	
3178	1949	
2405	2868	
2868	2405	
530	4873	
4873	530	
301	4357	
4357	301	
3726	3857	
3857	3726	
1522	3105	
3105	1522	
1059	2717	
2717	1059	
447	2562	
2562	447	
3581	4675	
4675	3581	
2678	3469	
3469	2678	
11	1683	
1683	11	
1883	2657	
2657	1883	
1454	2382	
2382	1454	
1571	2487	
2487	1571	
298	399	
399	298	
2905	2993	
2993	2905	
469	2518	
2518	469	
3374	3445	
3445	3374	
841	4693	
4693	841	
2370	4393	
4393	2370	
1566	3970	
3970	1566	
516	4085	
4085	516	
665	2361	
2361	665	
3154	4746	
4746	3154	
461	4603	
4603	461	
1849	2309	
2309	1849	
1383	2432	
2432	1383	
865	3542	
3542	865	
957	2236	
2236	957	
2956	4850	
4850	2956	
683	2806	
2806	683	
2424	3484	
3484	2424	
233	1483	
1483	233	
3165	3494	
3494	3165	
3730	3809	
3809	3730	
2004	4677	
4677	2004	
2538	3386	
3386	2538	
2384	3742	
3742	2384	
338	1277	
1277	338	
182	3754	
3754	182	
4485	4671	
4671	4485	
809	4780	
4780	809	
7	715	
715	7	
3845	4554	
4554	3845	
3145	3821	
3821	3145	
51	1904	
1904	51	
717	3786	
3786	717	
937	2825	
2825	937	
1152	2203	
2203	1152	
3359	4081	
4081	3359	
2402	3225	
3225	2402	
3855	4152	
4152	3855	
721	1405	
1405	721	
118	439	
439	118	
282	2656	
2656	282	
4091	4874	
4874	4091	
209	2312	
2312	209	
1172	4290	
4290	1172	
627	1660	
1660	627	
1813	2242	
2242	1813	
2072	4848	
4848	2072	
297	4473	
4473	297	
2349	4090	
4090	2349	
361	3109	
3109	361	
2624	2922	
2922	2624	
1051	1781	
1781	1051	
2713	4373	
4373	2713	
85	2193	
2193	85	
1400	1605	
1605	1400	
1309	3198	
3198	1309	
727	1803	
1803	727	
367	2646	
2646	367	
3429	4783	
4783	3429	
618	4059	
4059	618	
1777	2435	
2435	1777	
2685	4938	
4938	2685	
362	4677	
4677	362	
1874	2267	
2267	1874	
102	3504	
3504	102	
2046	4636	
4636	2046	
1338	1926	
1926	1338	
3794	4712	
4712	3794	
278	2226	
2226	278	
3684	4832	
4832	3684	
3342	3532	
3532	3342	
1556	3110	
3110	1556	
274	3456	
3456	274	
4548	4616	
4616	4548	
1957	2749	
2749	1957	
2495	4470	
4470	2495	
3801	4178	
4178	3801	
1895	2133	
2133	1895	
1402	4444	
4444	1402	
709	3034	
3034	709	
992	1707	
1707	992	
1658	4830	
4830	1658	
1454	2272	
2272	1454	
251	4781	
4781	251	
64	3737	
3737	64	
713	2676	
2676	713	
425	1285	
1285	425	
1125	4695	
4695	1125	
2058	4617	
4617	2058	
4497	4914	
4914	4497	
778	3764	
3764	778	
1964	3156	
3156	1964	
970	2476	
2476	970	
4140	4626	
4626	4140	
630	1156	
1156	630	
736	1002	
1002	736	
151	2328	
2328	151	
1135	2557	
2557	1135	
929	3548	
3548	929	
1428	2427	
2427	1428	
399	4661	
4661	399	
1863	2592	
2592	1863	
1639	4658	
4658	1639	
950	3059	
3059	950	
1485	4464	
4464	1485	
1047	2588	
2588	1047	
306	561	
561	306	
1227	3127	
3127	1227	
5	1572	
1572	5	
2039	2504	
2504	2039	
53	713	
713	53	
690	4104	
4104	690	
48	2402	
2402	48	
2343	2347	
2347	2343	
1646	4515	
4515	1646	
3933	4366	
4366	3933	
2270	4275	
4275	2270	
1123	4705	
4705	1123	
2145	2300	
2300	2145	
3262	4676	
4676	3262	
1819	2455	
2455	1819	
1243	4806	
4806	1243	
1431	2594	
2594	1431	
3953	4325	
4325	3953	
1971	3541	
3541	1971	
651	3830	
3830	651	
412	992	
992	412	
1138	2625	
2625	1138	
3669	4796	
4796	3669	
47	2869	
2869	47	
1310	3139	
3139	1310	
515	2282	
2282	515	
1376	2703	
2703	1376	
2241	2694	
2694	2241	
65	3297	
3297	65	
2672	3916	
3916	2672	
2021	4210	
4210	2021	
4316	4644	
4644	4316	
1723	4188	
4188	1723	
3240	3999	
3999	3240	
2045	4728	
4728	2045	
437	1023	
1023	437	
3259	3940	
3940	3259	
969	3856	
3856	969	
3851	4196	
4196	3851	
1313	3851	
3851	1313	
49	4461	
4461	49	
2889	4121	
4121	2889	
826	1928	
1928	826	
1829	2546	
2546	1829	
2790	4638	
4638	2790	
689	1072	
1072	689	
2653	4544	
4544	2653	
2211	4643	
4643	2211	
220	3509	
3509	220	
1274	4838	
4838	1274	
14	3419	
3419	14	
3574	4315	
4315	3574	
370	1723	
1723	370	
3835	3996	
3996	3835	
762	3061	
3061	762	
2255	3477	
3477	2255	
1848	4553	
4553	1848	
2357	4737	
4737	2357	
2812	3712	
3712	2812	
3064	3258	
3258	3064	
1706	3197	
3197	1706	
2225	2553	
2553	2225	
1429	1948	
1948	1429	
1368	2960	
2960	1368	
2138	2895	
2895	2138	
1154	1757	
1757	1154	
1579	4868	
4868	1579	
3496	4916	
4916	3496	
418	980	
980	418	
4112	4170	
4170	4112	
1499	2696	
2696	1499	
3463	3557	
3557	3463	
1573	1608	
1608	1573	
1887	3916	
3916	1887	
625	2847	
2847	625	
956	1872	
1872	956	
51	2171	
2171	51	
3487	4441	
4441	3487	
2063	2322	
2322	2063	
4051	4177	
4177	4051	
293	2920	
2920	293	
14	834	
834	14	
4268	4725	
4725	4268	
2092	4192	
4192	2092	
1275	1943	
1943	1275	
43	4695	
4695	43	
558	2454	
2454	558	
3358	3786	
3786	3358	
777	2274	
2274	777	
3461	4147	
4147	3461	
3909	4699	
4699	3909	
384	3518	
3518	384	
3273	4829	
4829	3273	
2845	3620	
3620	2845	
1140	4414	
4414	1140	
2625	4598	
4598	2625	
1754	3877	
3877	1754	
3359	4427	
4427	3359	
1518	4479	
4479	1518	
112	4474	
4474	112	
2594	4557	
4557	2594	
2763	3476	
3476	2763	
2309	4277	
4277	2309	
1090	4169	
4169	1090	
1665	1922	
1922	1665	
2	4112	
4112	2	
385	3081	
3081	385	
3699	4065	
4065	3699	
404	630	
630	404	
6	4340	
4340	6	
656	3855	
3855	656	
376	1089	
1089	376	
3356	4551	
4551	3356	
3697	4601	
4601	3697	
2231	3939	
3939	2231	
4059	4572	
4572	4059	
392	1169	
1169	392	
1876	4686	
4686	1876	
1399	4697	
4697	1399	
252	1847	
1847	252	
340	4133	
4133	340	
3515	4639	
4639	3515	
448	1764	
1764	448	
3883	4413	
4413	3883	
3110	4308	
4308	3110	
1165	3738	
3738	1165	
1738	3159	
3159	1738	
2585	3207	
3207	2585	
995	1044	
1044	995	
2227	4813	
4813	2227	
2401	3643	
3643	2401	
69	2592	
2592	69	
1417	2923	
2923	1417	
2200	4801	
4801	2200	
2651	3796	
3796	2651	
3169	4509	
4509	3169	
661	4547	
4547	661	
49	4930	
4930	49	
4084	4445	
4445	4084	
1155	1387	
1387	1155	
1812	3554	
3554	1812	
1326	1911	
1911	1326	
904	3872	
3872	904	
622	3207	
3207	622	
4189	4474	
4474	4189	
391	3270	
3270	391	
2103	3592	
3592	2103	
2761	2964	
2964	2761	
827	3773	
3773	827	
4706	4769	
4769	4706	
3107	4856	
4856	3107	
2403	3006	
3006	2403	
1134	1757	
1757	1134	
1574	1870	
1870	1574	
1537	3995	
3995	1537	
2867	3309	
3309	2867	
3780	4763	
4763	3780	
1947	2487	
2487	1947	
2598	4918	
4918	2598	
155	1067	
1067	155	
1942	4424	
4424	1942	
1248	4251	
4251	1248	
3180	3811	
3811	3180	
1981	4626	
4626	1981	
1019	1188	
1188	1019	
2296	2640	
2640	2296	
1601	4524	
4524	1601	
2950	3796	
3796	2950	
598	1638	
1638	598	
3278	3383	
3383	3278	
240	4790	
4790	240	
2322	2999	
2999	2322	
2170	3680	
3680	2170	
1117	3722	
3722	1117	
1433	3683	
3683	1433	
993	3630	
3630	993	
985	1502	
1502	985	
1992	3063	
3063	1992	
2364	2675	
2675	2364	
4066	4516	
4516	4066	
414	1753	
1753	414	
1908	2943	
2943	1908	
4234	4597	
4597	4234	
373	1219	
1219	373	
3195	3964	
3964	3195	
545	1759	
1759	545	
2956	3010	
3010	2956	
2052	2176	
2176	2052	
3785	4887	
4887	3785	
1106	3014	
3014	1106	
443	777	
777	443	
3558	3666	
3666	3558	
569	3882	
3882	569	
2779	3437	
3437	2779	
1223	3003	
3003	1223	
1405	2933	
2933	1405	
2777	4522	
4522	2777	
375	1405	
1405	375	
2570	2783	
2783	2570	
97	3960	
3960	97	
3642	4267	
4267	3642	
2734	3033	
3033	2734	
549	3500	
3500	549	
4419	4891	
4891	4419	
1046	2345	
2345	1046	
3211	4081	
4081	3211	
3264	3579	
3579	3264	
1687	4882	
4882	1687	
1168	1975	
1975	1168	
610	3559	
3559	610	
639	2723	
2723	639	
4361	4933	
4933	4361	
1236	1597	
1597	1236	
192	1733	
1733	192	
2169	2818	
2818	2169	
741	1430	
1430	741	
211	1295	
1295	211	
519	1189	
1189	519	
2061	2592	
2592	2061	
2326	3465	
3465	2326	
2230	2749	
2749	2230	
1812	4387	
4387	1812	
3275	3915	
3915	3275	
2712	2751	
2751	2712	
3401	3879	
3879	3401	
1215	3103	
3103	1215	
3169	4812	
4812	3169	
1524	4141	
4141	1524	
445	3394	
3394	445	
1590	1742	
1742	1590	
1948	3307	
3307	1948	
232	4402	
4402	232	
571	1671	
1671	571	
1051	4717	
4717	1051	
2431	3951	
3951	2431	
3337	4043	
4043	3337	
1145	2214	
2214	1145	
571	823	
823	571	
2691	4876	
4876	2691	
1529	4427	
4427	1529	
1211	4403	
4403	1211	
1020	4001	
4001	1020	
2113	2643	
2643	2113	
1788	4264	
4264	1788	
337	3095	
3095	337	
160	3128	
3128	160	
2372	4330	
4330	2372	
3290	3440	
3440	3290	
31	4527	
4527	31	
449	3209	
3209	449	
2775	2932	
2932	2775	
156	3051	
3051	156	
392	2200	
2200	392	
1024	3722	
3722	1024	
1400	2234	
2234	1400	
4718	4780	
4780	4718	
1601	4699	
4699	1601	
1769	3238	
3238	1769	
1999	2639	
2639	1999	
1152	3549	
3549	1152	
7	4920	
4920	7	
3864	4649	
4649	3864	
491	4222	
4222	491	
1227	2882	
2882	1227	
835	4530	
4530	835	
2552	3225	
3225	2552	
3193	4899	
4899	3193	
372	3592	
3592	372	
2670	4210	
4210	2670	
47	888	
888	47	
2931	4592	
4592	2931	
535	637	
637	535	
556	2141	
2141	556	
795	3074	
3074	795	
429	2038	
2038	429	
1110	4151	
4151	1110	
97	2053	
2053	97	
2152	3605	
3605	2152	
1513	2103	
2103	1513	
2679	4345	
4345	2679	
2115	4465	
4465	2115	
2097	2639	
2639	2097	
705	2676	
2676	705	
1371	4363	
4363	1371	
1591	3350	
3350	1591	
910	2766	
2766	910	
1471	4611	
4611	1471	
1009	3347	
3347	1009	
2295	2806	
2806	2295	
444	3759	
3759	444	
752	4193	
4193	752	
1471	4168	
4168	1471	
42	2567	
2567	42	
656	2975	
2975	656	
2703	4561	
4561	2703	
1933	4314	
4314	1933	
369	991	
991	369	
131	3757	
3757	131	
193	1106	
1106	193	
1542	2329	
2329	1542	
590	3242	
3242	590	
3801	4864	
4864	3801	
1887	3908	
3908	1887	
805	2653	
2653	805	
340	3664	
3664	340	
198	3682	
3682	198	
972	3389	
3389	972	
841	849	
849	841	
834	3298	
3298	834	
1064	1563	
1563	1064	
349	1038	
1038	349	
1559	2447	
2447	1559	
266	430	
430	266	
1049	2479	
2479	1049	
1010	4696	
4696	1010	
2617	3885	
3885	2617	
2196	3164	
3164	2196	
3169	4431	
4431	3169	
3703	4676	
4676	3703	
1017	4904	
4904	1017	
236	3332	
3332	236	
940	1060	
1060	940	
3411	4805	
4805	3411	
3600	4536	
4536	3600	
1533	2665	
2665	1533	
1308	4209	
4209	1308	
3591	4231	
4231	3591	
1907	4371	
4371	1907	
1363	1540	
1540	1363	
2028	3314	
3314	2028	
2815	4725	
4725	2815	
1387	4344	
4344	1387	
1108	3038	
3038	1108	
1295	3266	
3266	1295	
1985	2567	
2567	1985	
1784	2460	
2460	1784	
360	2824	
2824	360	
1088	3968	
3968	1088	
1831	4788	
4788	1831	
1355	3166	
3166	1355	
910	1769	
1769	910	
512	1442	
1442	512	
471	4814	
4814	471	
2100	3130	
3130	2100	
2156	2936	
2936	2156	
1104	2859	
2859	1104	
170	4799	
4799	170	
286	1232	
1232	286	
272	4010	
4010	272	
281	1490	
1490	281	
2444	4039	
4039	2444	
1318	3673	
3673	1318	
1634	3178	
3178	1634	
1012	2788	
2788	1012	
746	823	
823	746	
672	3360	
3360	672	
1901	2885	
2885	1901	
442	2151	
2151	442	
3145	4525	
4525	3145	
2772	3518	
3518	2772	
3830	4847	
4847	3830	
707	1001	
1001	707	
197	718	
718	197	
1524	3057	
3057	1524	
482	689	
689	482	
1317	1610	
1610	1317	
3141	3638	
3638	3141	
2399	2740	
2740	2399	
1474	3282	
3282	1474	
2993	3359	
3359	2993	
2613	3228	
3228	2613	
1795	2956	
2956	1795	
208	1068	
1068	208	
1094	3865	
3865	1094	
333	570	
570	333	
736	1832	
1832	736	
2255	4685	
4685	2255	
698	4634	
4634	698	
1087	1268	
1268	1087	
539	3303	
3303	539	
2543	4362	
4362	2543	
711	2421	
2421	711	
1997	2496	
2496	1997	
266	4475	
4475	266	
5	1867	
1867	5	
2132	4107	
4107	2132	
1357	2438	
2438	1357	
1921	3926	
3926	1921	
2189	2621	
2621	2189	
179	1657	
1657	179	
621	2048	
2048	621	
2514	3551	
3551	2514	
443	683	
683	443	
922	3743	
3743	922	
0	1288	
1288	0	
465	1093	
1093	465	
536	2203	
2203	536	
3027	4623	
4623	3027	
3987	4133	
4133	3987	
188	4163	
4163	188	
984	3388	
3388	984	
208	407	
407	208	
3760	4307	
4307	3760	
210	2770	
2770	210	
1832	2483	
2483	1832	
3119	4293	
4293	3119	
3416	3777	
3777	3416	
1467	2693	
2693	1467	
615	976	
976	615	
1651	4361	
4361	1651	
1536	4559	
4559	1536	
2128	3809	
3809	2128	
1242	2050	
2050	1242	
424	3043	
3043	424	
2534	3940	
3940	2534	
358	4384	
4384	358	
3980	4562	
4562	3980	
721	4388	
4388	721	
873	1835	
1835	873	
966	3671	
3671	966	
1407	1600	
1600	1407	
2477	2955	
2955	2477	
2750	3819	
3819	2750	
2376	4404	
4404	2376	
2105	2471	
2471	2105	
477	1547	
1547	477	
1053	4113	
4113	1053	
3516	4107	
4107	3516	
419	1493	
1493	419	
3400	4018	
4018	3400	
2630	4450	
4450	2630	
2565	4204	
4204	2565	
4233	4584	
4584	4233	
2303	3897	
3897	2303	
1670	2898	
2898	1670	
877	1126	
1126	877	
268	431	
431	268	
2409	4201	
4201	2409	
1594	3369	
3369	1594	
106	2744	
2744	106	
4549	4647	
4647	4549	
1332	1945	
1945	1332	
1385	4107	
4107	1385	
621	2374	
2374	621	
2646	4020	
4020	2646	
2714	4150	
4150	2714	
659	4485	
4485	659	
2279	2811	
2811	2279	
31	1753	
1753	31	
4908	4914	
4914	4908	
117	3676	
3676	117	
608	3725	
3725	608	
450	1143	
1143	450	
3010	4073	
4073	3010	
2434	2645	
2645	2434	
3262	3501	
3501	3262	
168	2472	
2472	168	
1338	3698	
3698	1338	
2900	4877	
4877	2900	
1919	1924	
1924	1919	
390	1114	
1114	390	
488	4733	
4733	488	
315	4087	
4087	315	
1087	3559	
3559	1087	
1482	2981	
2981	1482	
804	3843	
3843	804	
278	4800	
4800	278	
3485	4389	
4389	3485	
2115	3726	
3726	2115	
17	420	
420	17	
4401	4525	
4525	4401	
987	2245	
2245	987	
1156	2324	
2324	1156	
3210	4586	
4586	3210	
1200	4738	
4738	1200	
653	1604	
1604	653	
1946	3914	
3914	1946	
2095	3068	
3068	2095	
1306	3453	
3453	1306	
232	4099	
4099	232	
3298	3728	
3728	3298	
198	2998	
2998	198	
3531	4017	
4017	3531	
794	1918	
1918	794	
1116	3318	
3318	1116	
1170	3360	
3360	1170	
1839	3801	
3801	1839	
3178	3395	
3395	3178	
2740	3018	
3018	2740	
3830	4351	
4351	3830	
2766	4912	
4912	2766	
854	1155	
1155	854	
647	1402	
1402	647	
2086	2845	
2845	2086	
1197	3044	
3044	1197	
3199	4099	
4099	3199	
1595	2520	
2520	1595	
886	3341	
3341	886	
3267	3772	
3772	3267	
2645	2908	
2908	2645	
2126	2896	
2896	2126	
872	4522	
4522	872	
3067	4170	
4170	3067	
2633	4599	
4599	2633	
1000	2083	
2083	1000	
390	1564	
1564	390	
844	3703	
3703	844	
1439	4363	
4363	1439	
995	2959	
2959	995	
2850	4591	
4591	2850	
2604	3899	
3899	2604	
262	1702	
1702	262	
4370	4671	
4671	4370	
3512	4302	
4302	3512	
655	2920	
2920	655	
1658	2928	
2928	1658	
108	4516	
4516	108	
3043	3704	
3704	3043	
1039	1852	
1852	1039	
928	1072	
1072	928	
936	3552	
3552	936	
3338	4125	
4125	3338	
438	2749	
2749	438	
1077	1646	
1646	1077	
140	988	
988	140	
2114	3096	
3096	2114	
1146	1844	
1844	1146	
2127	2377	
2377	2127	
1538	1838	
1838	1538	
3438	4866	
4866	3438	
1603	4128	
4128	1603	
2240	2403	
2403	2240	
2300	3393	
3393	2300	
207	2887	
2887	207	
1345	2577	
2577	1345	
2156	3396	
3396	2156	
307	2091	
2091	307	
1066	1593	
1593	1066	
3766	4805	
4805	3766	
1219	4809	
4809	1219	
1338	1963	
1963	1338	
2737	4345	
4345	2737	
1324	1791	
1791	1324	
940	1242	
1242	940	
2583	3132	
3132	2583	
3339	3916	
3916	3339	
1029	4235	
4235	1029	
3555	4765	
4765	3555	
1460	3749	
3749	1460	
608	1484	
1484	608	
352	866	
866	352	
116	2830	
2830	116	
124	3599	
3599	124	
957	3348	
3348	957	
622	3714	
3714	622	
1664	4599	
4599	1664	
2624	4692	
4692	2624	
1075	1670	
1670	1075	
1380	4388	
4388	1380	
224	1968	
1968	224	
2441	3274	
3274	2441	
1593	3469	
3469	1593	
1952	1975	
1975	1952	
1371	3474	
3474	1371	
61	3822	
3822	61	
680	1923	
1923	680	
4038	4045	
4045	4038	
961	3716	
3716	961	
1889	3895	
3895	1889	
2346	4061	
4061	2346	
414	3400	
3400	414	
538	3738	
3738	538	
1100	2408	
2408	1100	
1662	4724	
4724	1662	
992	4649	
4649	992	
1200	2512	
2512	1200	
877	3544	
3544	877	
2029	4024	
4024	2029	
2443	2590	
2590	2443	
1190	1422	
1422	1190	
3024	3105	
3105	3024	
302	682	
682	302	
3886	4548	
4548	3886	
409	837	
837	409	
1190	4348	
4348	1190	
874	1786	
1786	874	
527	656	
656	527	
32	719	
719	32	
1633	3202	
3202	1633	
1297	2767	
2767	1297	
904	1272	
1272	904	
1637	4241	
4241	1637	
996	4722	
4722	996	
2732	2914	
2914	2732	
2617	3214	
3214	2617	
116	3903	
3903	116	
1436	4188	
4188	1436	
309	3380	
3380	309	
3702	4556	
4556	3702	
32	4315	
4315	32	
2809	3688	
3688	2809	
365	2278	
2278	365	
2472	4086	
4086	2472	
3391	4448	
4448	3391	
2335	2984	
2984	2335	
1696	4834	
4834	1696	
2925	3112	
3112	2925	
1768	2242	
2242	1768	
618	3362	
3362	618	
225	3806	
3806	225	
898	4290	
4290	898	
263	4563	
4563	263	
444	2524	
2524	444	
572	1954	
1954	572	
1029	4378	
4378	1029	
1850	3451	
3451	1850	
2084	4623	
4623	2084	
3103	4309	
4309	3103	
454	3162	
3162	454	
851	4153	
4153	851	
123	3240	
3240	123	
397	4660	
4660	397	
3164	4125	
4125	3164	
2873	4050	
4050	2873	
2237	2549	
2549	2237	
1022	1659	
1659	1022	
406	3066	
3066	406	
1463	2163	
2163	1463	
3106	3345	
3345	3106	
263	2158	
2158	263	
877	4276	
4276	877	
1849	4836	
4836	1849	
1656	3327	
3327	1656	
2849	3771	
3771	2849	
1046	3674	
3674	1046	
235	664	
664	235	
601	3142	
3142	601	
948	2691	
2691	948	
495	3133	
3133	495	
1510	3983	
3983	1510	
683	3373	
3373	683	
3072	3357	
3357	3072	
648	1228	
1228	648	
3127	3250	
3250	3127	
822	3542	
3542	822	
1702	2107	
2107	1702	
2966	3280	
3280	2966	
1695	3246	
3246	1695	
880	4525	
4525	880	
295	4156	
4156	295	
1464	3914	
3914	1464	
1202	1825	
1825	1202	
572	1814	
1814	572	
1045	1317	
1317	1045	
1944	2060	
2060	1944	
2557	4617	
4617	2557	
29	4852	
4852	29	
377	2692	
2692	377	
3540	3674	
3674	3540	
370	4133	
4133	370	
1347	4393	
4393	1347	
627	1997	
1997	627	
3408	3906	
3906	3408	
3876	4253	
4253	3876	
2409	4283	
4283	2409	
620	3575	
3575	620	
1623	1814	
1814	1623	
1286	4582	
4582	1286	
1575	2840	
2840	1575	
1453	1619	
1619	1453	
3366	4037	
4037	3366	
4534	4776	
4776	4534	
985	1290	
1290	985	
2117	3778	
3778	2117	
1780	4716	
4716	1780	
1773	3676	
3676	1773	
1385	4850	
4850	1385	
1787	3756	
3756	1787	
1891	2419	
2419	1891	
747	1253	
1253	747	
1034	1804	
1804	1034	
864	2276	
2276	864	
2838	3195	
3195	2838	
515	3986	
3986	515	
4361	4750	
4750	4361	
163	4271	
4271	163	
569	2707	
2707	569	
204	3319	
3319	204	
4182	4236	
4236	4182	
2699	4043	
4043	2699	
103	4016	
4016	103	
730	3225	
3225	730	
2155	4857	
4857	2155	
856	3098	
3098	856	
148	4906	
4906	148	
594	4539	
4539	594	
1094	1998	
1998	1094	
260	2177	
2177	260	
1140	4414	
4414	1140	
1816	2625	
2625	1816	
1060	3722	
3722	1060	
372	1963	
1963	372	
491	1436	
1436	491	
2701	3196	
3196	2701	
3389	3596	
3596	3389	
2204	3845	
3845	2204	
2534	3306	
3306	2534	
244	4011	
4011	244	
2474	3057	
3057	2474	
2508	3807	
3807	2508	
373	4836	
4836	373	
157	3159	
3159	157	
810	3561	
3561	810	
1869	4482	
4482	1869	
609	930	
930	609	
582	2546	
2546	582	
402	2872	
2872	402	
2216	2624	
2624	2216	
812	1376	
1376	812	
3241	3737	
3737	3241	
1522	4047	
4047	1522	
68	3658	
3658	68	
1007	3212	
3212	1007	
2514	4636	
4636	2514	
173	4882	
4882	173	
167	1495	
1495	167	
1679	3046	
3046	1679	
1523	4250	
4250	1523	
1225	3017	
3017	1225	
1176	2520	
2520	1176	
2270	2619	
2619	2270	
2620	4491	
4491	2620	
839	1279	
1279	839	
3457	4400	
4400	3457	
2821	3943	
3943	2821	
1839	2595	
2595	1839	
2254	3617	
3617	2254	
3218	3511	
3511	3218	
3452	4083	
4083	3452	
1286	2961	
2961	1286	
865	2961	
2961	865	
2624	3549	
3549	2624	
2809	3114	
3114	2809	
3052	4043	
4043	3052	
198	1434	
1434	198	
1580	3720	
3720	1580	
3191	3965	
3965	3191	
2623	2937	
2937	2623	
520	3551	
3551	520	
2590	3681	
3681	2590	
315	909	
909	315	
428	1627	
1627	428	
341	4848	
4848	341	
2481	4836	
4836	2481	
3106	4450	
4450	3106	
56	208	
208	56	
1826	1907	
1907	1826	
1024	2995	
2995	1024	
72	4138	
4138	72	
573	1165	
1165	573	
3604	3776	
3776	3604	
2773	4912	
4912	2773	
454	3632	
3632	454	
748	1367	
1367	748	
411	3308	
3308	411	
202	2689	
2689	202	
10	2448	
2448	10	
1865	4289	
4289	1865	
2391	3901	
3901	2391	
281	914	
914	281	
594	4380	
4380	594	
2257	2998	
2998	2257	
298	4334	
4334	298	
3301	4601	
4601	3301	
799	1295	
1295	799	
2425	4879	
4879	2425	
3091	4626	
4626	3091	
2462	2490	
2490	2462	
96	1604	
1604	96	
998	3033	
3033	998	
1681	2434	
2434	1681	
3494	3821	
3821	3494	
2657	2877	
2877	2657	
45	4546	
4546	45	
2708	4913	
4913	2708	
3488	4058	
4058	3488	
545	2274	
2274	545	
2020	3388	
3388	2020	
374	568	
568	374	
1200	2912	
2912	1200	
332	2458	
2458	332	
1453	3755	
3755	1453	
28	2053	
2053	28	
929	1105	
1105	929	
1297	4753	
4753	1297	
524	1447	
1447	524	
469	3148	
3148	469	
1166	2923	
2923	1166	
1427	3947	
3947	1427	
3472	3974	
3974	3472	
334	1859	
1859	334	
495	3263	
3263	495	
3381	3908	
3908	3381	
2465	3834	
3834	2465	
648	3518	
3518	648	
502	4908	
4908	502	
1035	4538	
4538	1035	
2929	4849	
4849	2929	
2260	3871	
3871	2260	
2716	3770	
3770	2716	
1174	3301	
3301	1174	
4658	4685	
4685	4658	
681	756	
756	681	
2131	2491	
2491	2131	
1413	1476	
1476	1413	
869	2662	
2662	869	
1711	3367	
3367	1711	
2655	4437	
4437	2655	
181	3656	
3656	181	
1500	4566	
4566	1500	
1346	4418	
4418	1346	
1905	2619	
2619	1905	
1590	2682	
2682	1590	
2155	2689	
2689	2155	
1205	1637	
1637	1205	
2057	2861	
2861	2057	
3312	4145	
4145	3312	
4396	4804	
4804	4396	
2377	4774	
4774	2377	
2512	4403	
4403	2512	
809	2614	
2614	809	
1375	4177	
4177	1375	
1887	2868	
2868	1887	
291	877	
877	291	
3109	3206	
3206	3109	
1526	4301	
4301	1526	
303	3852	
3852	303	
3159	3778	
3778	3159	
581	658	
658	581	
1088	2351	
2351	1088	
4884	4892	
4892	4884	
565	2130	
2130	565	
3212	4054	
4054	3212	
2592	2811	
2811	2592	
1355	2313	
2313	1355	
866	1598	
1598	866	
106	1611	
1611	106	
770	2675	
2675	770	
998	4714	
4714	998	
1014	2411	
2411	1014	
391	3339	
3339	391	
474	2133	
2133	474	
957	3172	
3172	957	
990	4764	
4764	990	
265	2849	
2849	265	
742	1097	
1097	742	
1362	4655	
4655	1362	
1039	3190	
3190	1039	
264	883	
883	264	
2935	3555	
3555	2935	
1978	4585	
4585	1978	
1062	1616	
1616	1062	
3427	4471	
4471	3427	
3251	4563	
4563	3251	
1141	2988	
2988	1141	
2353	4084	
4084	2353	
900	4603	
4603	900	
219	3030	
3030	219	
3502	3653	
3653	3502	
3377	4867	
4867	3377	
4674	4690	
4690	4674	
1644	3266	
3266	1644	
81	2718	
2718	81	
467	2222	
2222	467	
1357	1487	
1487	1357	
1385	4615	
4615	1385	
305	1018	
1018	305	
1469	2349	
2349	1469	
370	414	
414	370	
1024	4079	
4079	1024	
640	4281	
4281	640	
237	4254	
4254	237	
2499	4712	
4712	2499	
1333	2552	
2552	1333	
1384	2168	
2168	1384	
2122	4575	
4575	2122	
1481	3433	
3433	1481	
313	1982	
1982	313	
3076	4702	
4702	3076	
1460	2111	
2111	1460	
259	1701	
1701	259	
1126	1893	
1893	1126	
3157	4181	
4181	3157	
3293	4143	
4143	3293	
627	1351	
1351	627	
171	2993	
2993	171	
266	4817	
4817	266	
3744	4018	
4018	3744	
25	4120	
4120	25	
9	2696	
2696	9	
2020	3195	
3195	2020	
2559	4179	
4179	2559	
2836	3574	
3574	2836	
2046	2424	
2424	2046	
2833	4109	
4109	2833	
1929	3609	
3609	1929	
2023	2369	
2369	2023	
920	3889	
3889	920	
3412	3466	
3466	3412	
325	4288	
4288	325	
3268	3841	
3841	3268	
227	3708	
3708	227	
1192	4808	
4808	1192	
286	2806	
2806	286	
157	411	
411	157	
391	3497	
3497	391	
567	2740	
2740	567	
491	4345	
4345	491	
1520	4376	
4376	1520	
582	1441	
1441	582	
2879	4391	
4391	2879	
30	736	
736	30	
2034	4233	
4233	2034	
4341	4757	
4757	4341	
1507	3799	
3799	1507	
2883	3504	
3504	2883	
2292	3179	
3179	2292	
1526	3038	
3038	1526	
4	3563	
3563	4	
473	3329	
3329	473	
989	4214	
4214	989	
2865	3971	
3971	2865	
697	2637	
2637	697	
307	3453	
3453	307	
1685	4635	
4635	1685	
3502	3798	
3798	3502	
88	1682	
1682	88	
115	1854	
1854	115	
3975	4717	
4717	3975	
644	2006	
2006	644	
1739	3602	
3602	1739	
2895	4890	
4890	2895	
43	2743	
2743	43	
2138	2476	
2476	2138	
710	4051	
4051	710	
556	4879	
4879	556	
442	2622	
2622	442	
1805	2397	
2397	1805	
626	1386	
1386	626	
2463	2796	
2796	2463	
1160	1612	
1612	1160	
1587	4871	
4871	1587	
2057	3062	
3062	2057	
6	2369	
2369	6	
895	908	
908	895	
430	2698	
2698	430	
2236	3467	
3467	2236	
714	1715	
1715	714	
1092	4147	
4147	1092	
299	958	
958	299	
2070	4456	
4456	2070	
4468	4712	
4712	4468	
1827	2999	
2999	1827	
2974	3343	
3343	2974	
1437	2251	
2251	1437	
1472	3644	
3644	1472	
196	1620	
1620	196	
3409	4890	
4890	3409	
1310	2002	
2002	1310	
97	2531	
2531	97	
1304	3693	
3693	1304	
1749	3287	
3287	1749	
863	1520	
1520	863	
2316	3494	
3494	2316	
2814	3915	
3915	2814	
1306	2649	
2649	1306	
3840	4090	
4090	3840	
1915	3165	
3165	1915	
2592	3838	
3838	2592	
337	2076	
2076	337	
322	1429	
1429	322	
782	3883	
3883	782	
1242	1612	
1612	1242	
510	3305	
3305	510	
1480	4068	
4068	1480	
925	2939	
2939	925	
2890	3305	
3305	2890	
120	2066	
2066	120	
310	2549	
2549	310	
2725	3499	
3499	2725	
967	4581	
4581	967	
57	4418	
4418	57	
54	635	
635	54	
2402	4256	
4256	2402	
1302	1798	
1798	1302	
1902	2485	
2485	1902	
3528	4589	
4589	3528	
2265	3999	
3999	2265	
520	997	
997	520	
2803	3558	
3558	2803	
3561	4602	
4602	3561	
2093	4744	
4744	2093	
1218	1464	
1464	1218	
828	2276	
2276	828	
106	2558	
2558	106	
1800	3301	
3301	1800	
1039	3008	
3008	1039	
541	3910	
3910	541	
3632	4672	
4672	3632	
1642	1761	
1761	1642	
586	3707	
3707	586	
2909	3046	
3046	2909	
2359	3288	
3288	2359	
1106	2508	
2508	1106	
1755	2139	
2139	1755	
1760	3171	
3171	1760	
1963	4413	
4413	1963	
1159	2201	
2201	1159	
295	4529	
4529	295	
67	825	
825	67	
652	1136	
1136	652	
729	3794	
3794	729	
1493	4175	
4175	1493	
4606	4764	
4764	4606	
2348	3339	
3339	2348	
219	369	
369	219	
2078	3169	
3169	2078	
1812	1871	
1871	1812	
502	1743	
1743	502	
3089	3565	
3565	3089	
3679	4799	
4799	3679	
1751	2968	
2968	1751	
212	2788	
2788	212	
1921	3888	
3888	1921	
209	2243	
2243	209	
2101	3897	
3897	2101	
3456	4795	
4795	3456	
157	4900	
4900	157	
4622	4632	
4632	4622	
330	1651	
1651	330	
2089	2735	
2735	2089	
2537	4098	
4098	2537	
946	3192	
3192	946	
602	2475	
2475	602	
1592	3089	
3089	1592	
4228	4602	
4602	4228	
966	2202	
2202	966	
114	645	
645	114	
2137	2948	
2948	2137	
531	3274	
3274	531	
1044	2846	
2846	1044	
603	786	
786	603	
1344	4000	
4000	1344	
3335	4320	
4320	3335	
2595	3075	
3075	2595	
827	2431	
2431	827	
2170	4631	
4631	2170	
2942	4418	
4418	2942	
1575	2937	
2937	1575	
140	3738	
3738	140	
2869	3323	
3323	2869	
1228	4568	
4568	1228	
3195	3786	
3786	3195	
2121	4859	
4859	2121	
2956	4469	
4469	2956	
1637	4080	
4080	1637	
1597	1612	
1612	1597	
999	1264	
1264	999	
3072	3211	
3211	3072	
2131	4204	
4204	2131	
3695	3741	
3741	3695	
878	2435	
2435	878	
779	1858	
1858	779	
1617	4683	
4683	1617	
3479	4753	
4753	3479	
764	4705	
4705	764	
233	1003	
1003	233	
3184	4596	
4596	3184	
1898	2765	
2765	1898	
399	1754	
1754	399	
2079	2271	
2271	2079	
1287	3832	
3832	1287	
1412	1726	
1726	1412	
2284	2885	
2885	2284	
1027	1381	
1381	1027	
3841	4920	
4920	3841	
1767	2839	
2839	1767	
3631	4852	
4852	3631	
691	1743	
1743	691	
748	4475	
4475	748	
2860	3219	
3219	2860	
3005	4013	
4013	3005	
268	2884	
2884	268	
720	3065	
3065	720	
1253	1413	
1413	1253	
3762	4790	
4790	3762	
2836	3378	
3378	2836	
654	4281	
4281	654	
489	3970	
3970	489	
3858	3947	
3947	3858	
788	1347	
1347	788	
1881	2118	
2118	1881	
2286	4612	
4612	2286	
1616	2236	
2236	1616	
3114	4440	
4440	3114	
3968	4308	
4308	3968	
554	776	
776	554	
3503	4467	
4467	3503	
2590	3422	
3422	2590	
535	2588	
2588	535	
1057	3307	
3307	1057	
1142	2978	
2978	1142	
280	4319	
4319	280	
864	958	
958	864	
2507	2633	
2633	2507	
2319	3849	
3849	2319	
1422	2435	
2435	1422	
3998	4723	
4723	3998	
1385	3689	
3689	1385	
309	2071	
2071	309	
972	2699	
2699	972	
1987	4178	
4178	1987	
2461	3413	
3413	2461	
2578	4016	
4016	2578	
2508	4123	
4123	2508	
2251	3324	
3324	2251	
2338	3710	
3710	2338	
1581	4311	
4311	1581	
1706	4093	
4093	1706	
84	2057	
2057	84	
1703	2887	
2887	1703	
2550	4080	
4080	2550	
836	2934	
2934	836	
1061	3838	
3838	1061	
607	1635	
1635	607	
849	3498	
3498	849	
2437	2704	
2704	2437	
3514	4902	
4902	3514	
841	3824	
3824	841	
2732	4929	
4929	2732	
627	1884	
1884	627	
1312	2907	
2907	1312	
1451	1670	
1670	1451	
1470	4605	
4605	1470	
1528	2692	
2692	1528	
3171	4654	
4654	3171	
765	1689	
1689	765	
1905	2019	
2019	1905	
1330	3549	
3549	1330	
648	3904	
3904	648	
1810	2709	
2709	1810	
131	4204	
4204	131	
2264	3562	
3562	2264	
941	2373	
2373	941	
1084	3357	
3357	1084	
3293	4720	
4720	3293	
589	2761	
2761	589	
1959	2843	
2843	1959	
901	3954	
3954	901	
283	349	
349	283	
1104	4795	
4795	1104	
274	1549	
1549	274	
669	842	
842	669	
362	1766	
1766	362	
1037	2352	
2352	1037	
473	2472	
2472	473	
2341	3570	
3570	2341	
834	4230	
4230	834	
4135	4593	
4593	4135	
1705	3308	
3308	1705	
3278	4624	
4624	3278	
1128	2728	
2728	1128	
240	3721	
3721	240	
202	3334	
3334	202	
1084	4925	
4925	1084	
1092	2308	
2308	1092	
24	2440	
2440	24	
371	545	
545	371	
517	1269	
1269	517	
1101	4832	
4832	1101	
826	4561	
4561	826	
1170	3040	
3040	1170	
3961	4364	
4364	3961	
2076	4598	
4598	2076	
984	4061	
4061	984	
2372	3007	
3007	2372	
2449	3332	
3332	2449	
2597	4240	
4240	2597	
716	3799	
3799	716	
3221	4252	
4252	3221	
3787	3871	
3871	3787	
3425	3528	
3528	3425	
1444	3690	
3690	1444	
656	4506	
4506	656	
3605	4203	
4203	3605	
567	718	
718	567	
499	3891	
3891	499	
2173	2330	
2330	2173	
1398	2072	
2072	1398	
2034	4026	
4026	2034	
1950	2814	
2814	1950	
2448	2458	
2458	2448	
429	2881	
2881	429	
2467	4822	
4822	2467	
228	3923	
3923	228	
747	4482	
4482	747	
2800	3432	
3432	2800	
397	4405	
4405	397	
3008	4517	
4517	3008	
2570	3859	
3859	2570	
1681	4425	
4425	1681	
1300	2571	
2571	1300	
2575	4936	
4936	2575	
988	3798	
3798	988	
478	4303	
4303	478	
4098	4304	
4304	4098	
2729	3464	
3464	2729	
3094	3472	
3472	3094	
345	2634	
2634	345	
2582	2684	
2684	2582	
4128	4715	
4715	4128	
3440	3677	
3677	3440	
1364	3397	
3397	1364	
728	3954	
3954	728	
2970	3886	
3886	2970	
2296	4843	
4843	2296	
394	2868	
2868	394	
961	2846	
2846	961	
671	1699	
1699	671	
1792	2645	
2645	1792	
2517	4032	
4032	2517	
614	4655	
4655	614	
1486	2345	
2345	1486	
1864	3573	
3573	1864	
1940	3052	
3052	1940	
1834	4893	
4893	1834	
1320	4039	
4039	1320	
4451	4839	
4839	4451	
1904	2690	
2690	1904	
649	1347	
1347	649	
1763	4446	
4446	1763	
1141	2786	
2786	1141	
3093	4291	
4291	3093	
3880	4495	
4495	3880	
1092	2242	
2242	1092	
1601	2608	
2608	1601	
3642	4613	
4613	3642	
3274	4933	
4933	3274	
3162	4765	
4765	3162	
859	1468	
1468	859	
877	4567	
4567	877	
2167	3013	
3013	2167	
3730	4553	
4553	3730	
2687	4772	
4772	2687	
18	2412	
2412	18	
2056	3487	
3487	2056	
3811	4417	
4417	3811	
1119	4534	
4534	1119	
297	3594	
3594	297	
1439	2830	
2830	1439	
2890	3511	
3511	2890	
2158	3847	
3847	2158	
1536	2450	
2450	1536	
3011	3499	
3499	3011	
1199	2664	
2664	1199	
3685	3888	
3888	3685	
374	446	
446	374	
2037	3891	
3891	2037	
1614	4102	
4102	1614	
897	1211	
1211	897	
2914	3613	
3613	2914	
176	3786	
3786	176	
2341	3527	
3527	2341	
202	2366	
2366	202	
1946	3954	
3954	1946	
673	2186	
2186	673	
3478	4461	
4461	3478	
4684	4909	
4909	4684	
833	988	
988	833	
28	853	
853	28	
2042	3824	
3824	2042	
390	456	
456	390	
2897	3758	
3758	2897	
2020	3429	
3429	2020	
1620	1990	
1990	1620	
3308	3633	
3633	3308	
1579	2411	
2411	1579	
3336	3612	
3612	3336	
392	3387	
3387	392	
832	4004	
4004	832	
2874	4839	
4839	2874	
158	4081	
4081	158	
3104	4511	
4511	3104	
387	1311	
1311	387	
1134	1725	
1725	1134	
3193	4069	
4069	3193	
589	2679	
2679	589	
3032	4374	
4374	3032	
2796	4073	
4073	2796	
4678	4856	
4856	4678	
1971	2238	
2238	1971	
15	908	
908	15	
201	3540	
3540	201	
2526	4822	
4822	2526	
1698	2255	
2255	1698	
90	1834	
1834	90	
2878	4568	
4568	2878	
1168	4185	
4185	1168	
2784	4306	
4306	2784	
1179	2445	
2445	1179	
1146	3597	
3597	1146	
5	3550	
3550	5	
46	680	
680	46	
4113	4326	
4326	4113	
977	3011	
3011	977	
26	1293	
1293	26	
2667	3991	
3991	2667	
2644	3754	
3754	2644	
175	984	
984	175	
1542	2183	
2183	1542	
100	3100	
3100	100	
2684	3341	
3341	2684	
1189	2748	
2748	1189	
4472	4667	
4667	4472	
2021	4285	
4285	2021	
1783	3422	
3422	1783	
446	4308	
4308	446	
2341	2385	
2385	2341	
971	4220	
4220	971	
274	4103	
4103	274	
3321	3892	
3892	3321	
1982	2764	
2764	1982	
181	4899	
4899	181	
21	1724	
1724	21	
118	3921	
3921	118	
3314	4091	
4091	3314	
2808	4669	
4669	2808	
2408	4188	
4188	2408	
390	2737	
2737	390	
1465	4462	
4462	1465	
1319	4523	
4523	1319	
3204	4297	
4297	3204	
3977	4708	
4708	3977	
975	4777	
4777	975	
376	2538	
2538	376	
631	2751	
2751	631	
380	3593	
3593	380	
2124	2403	
2403	2124	
2731	3295	
3295	2731	
3908	4278	
4278	3908	
2637	3031	
3031	2637	
32	4611	
4611	32	
1204	1711	
1711	1204	
447	2743	
2743	447	
1813	3519	
3519	1813	
3216	3626	
3626	3216	
3318	4063	
4063	3318	
3332	4723	
4723	3332	
2096	3505	
3505	2096	
3490	4012	
4012	3490	
418	3642	
3642	418	
3838	4447	
4447	3838	
1740	2781	
2781	1740	
2583	4078	
4078	2583	
4544	4937	
4937	4544	
593	4361	
4361	593	
225	3751	
3751	225	
2887	4878	
4878	2887	
2343	2591	
2591	2343	
595	2038	
2038	595	
262	1545	
1545	262	
747	1999	
1999	747	
386	2536	
2536	386	
2488	4412	
4412	2488	
2464	3172	
3172	2464	
240	3546	
3546	240	
2462	3800	
3800	2462	
3591	4562	
4562	3591	
4442	4547	
4547	4442	
3254	3363	
3363	3254	
737	2454	
2454	737	
2709	4688	
4688	2709	
3605	4114	
4114	3605	
1127	2733	
2733	1127	
27	46	
46	27	
847	4234	
4234	847	
9	3435	
3435	9	
3246	3751	
3751	3246	
2212	4113	
4113	2212	
1757	4117	
4117	1757	
1338	2798	
2798	1338	
381	1670	
1670	381	
124	3053	
3053	124	
1403	1925	
1925	1403	
765	4712	
4712	765	
3521	3904	
3904	3521	
1095	4332	
4332	1095	
535	3057	
3057	535	
2432	3071	
3071	2432	
1839	4026	
4026	1839	
971	2168	
2168	971	
4279	4499	
4499	4279	
2628	4705	
4705	2628	
670	3495	
3495	670	
1307	3130	
3130	1307	
2103	2562	
2562	2103	
1152	1721	
1721	1152	
1384	4275	
4275	1384	
1357	4591	
4591	1357	
25	4874	
4874	25	
874	3483	
3483	874	
2647	3006	
3006	2647	
3467	3853	
3853	3467	
2806	4722	
4722	2806	
858	3027	
3027	858	
2910	4376	
4376	2910	
1732	4734	
4734	1732	
1035	3622	
3622	1035	
981	4736	
4736	981	
1533	4624	
4624	1533	
1048	4270	
4270	1048	
888	4811	
4811	888	
4271	4892	
4892	4271	
607	4499	
4499	607	
358	2716	
2716	358	
3696	3746	
3746	3696	
236	799	
799	236	
20	304	
304	20	
1949	2598	
2598	1949	
3399	3732	
3732	3399	
597	2177	
2177	597	
2360	4479	
4479	2360	
2611	2782	
2782	2611	
85	3436	
3436	85	
18	4472	
4472	18	
2264	2432	
2432	2264	
3077	4300	
4300	3077	
2302	4162	
4162	2302	
223	1716	
1716	223	
1643	2141	
2141	1643	
1301	1885	
1885	1301	
1130	3190	
3190	1130	
170	4313	
4313	170	
1757	4554	
4554	1757	
1327	4524	
4524	1327	
638	1787	
1787	638	
240	2528	
2528	240	
4149	4316	
4316	4149	
91	3380	
3380	91	
464	3529	
3529	464	
1125	2277	
2277	1125	
1845	3767	
3767	1845	
3288	3870	
3870	3288	
64	3957	
3957	64	
2626	4626	
4626	2626	
614	2311	
2311	614	
355	4331	
4331	355	
1976	2802	
2802	1976	
1436	4456	
4456	1436	
2268	4445	
4445	2268	
3943	4176	
4176	3943	
1034	2401	
2401	1034	
3117	4810	
4810	3117	
32	768	
768	32	
2756	4402	
4402	2756	
600	954	
954	600	
320	1625	
1625	320	
2384	4931	
4931	2384	
441	695	
695	441	
1745	4620	
4620	1745	
448	2313	
2313	448	
1131	4211	
4211	1131	
548	689	
689	548	
518	2129	
2129	518	
2082	2386	
2386	2082	
3359	3972	
3972	3359	
94	2771	
2771	94	
627	1815	
1815	627	
2591	4729	
4729	2591	
3798	3953	
3953	3798	
3163	4291	
4291	3163	
2539	4707	
4707	2539	
3801	4645	
4645	3801	
1286	2064	
2064	1286	
4583	4760	
4760	4583	
809	1170	
1170	809	
505	1456	
1456	505	
3880	4124	
4124	3880	
918	3703	
3703	918	
912	2015	
2015	912	
1734	3721	
3721	1734	
1997	2276	
2276	1997	
1851	3762	
3762	1851	
438	3046	
3046	438	
631	4869	
4869	631	
3053	4178	
4178	3053	
2360	3745	
3745	2360	
380	2391	
2391	380	
892	4113	
4113	892	
2098	3177	
3177	2098	
3995	4223	
4223	3995	
589	4428	
4428	589	
1152	3847	
3847	1152	
280	2400	
2400	280	
670	2235	
2235	670	
638	4018	
4018	638	
3790	4656	
4656	3790	
663	744	
744	663	
3730	4866	
4866	3730	
2158	2396	
2396	2158	
1210	1471	
1471	1210	
665	2590	
2590	665	
3472	3747	
3747	3472	
2178	2651	
2651	2178	
1690	1799	
1799	1690	
2604	4537	
4537	2604	
632	4905	
4905	632	
292	2800	
2800	292	
2708	4711	
4711	2708	
582	718	
718	582	
405	1516	
1516	405	
719	3879	
3879	719	
1149	2877	
2877	1149	
550	3335	
3335	550	
2147	3695	
3695	2147	
90	4567	
4567	90	
76	2221	
2221	76	
3824	4443	
4443	3824	
2636	4395	
4395	2636	
3054	4456	
4456	3054	
1317	4377	
4377	1317	
1441	3840	
3840	1441	
705	1587	
1587	705	
3504	4347	
4347	3504	
1828	4469	
4469	1828	
1529	4779	
4779	1529	
1676	3107	
3107	1676	
3516	3555	
3555	3516	
2380	4162	
4162	2380	
468	1898	
1898	468	
2210	4098	
4098	2210	
1303	1413	
1413	1303	
1548	4301	
4301	1548	
3283	3591	
3591	3283	
2134	2717	
2717	2134	
705	1328	
1328	705	
2780	3558	
3558	2780	
1286	3422	
3422	1286	
217	1842	
1842	217	
595	2321	
2321	595	
1301	1603	
1603	1301	
225	1212	
1212	225	
3395	3890	
3890	3395	
947	4351	
4351	947	
3002	4926	
4926	3002	
1977	4014	
4014	1977	
896	2936	
2936	896	
708	4566	
4566	708	
1543	1885	
1885	1543	
1149	1271	
1271	1149	
3779	4120	
4120	3779	
918	3969	
3969	918	
1471	3826	
3826	1471	
369	1439	
1439	369	
3195	4472	
4472	3195	
1838	4043	
4043	1838	
178	1460	
1460	178	
906	1604	
1604	906	
1814	2541	
2541	1814	
2122	3850	
3850	2122	
271	1412	
1412	271	
1648	4144	
4144	1648	
4233	4810	
4810	4233	
239	2006	
2006	239	
1096	4586	
4586	1096	
4105	4276	
4276	4105	
1094	1252	
1252	1094	
808	3770	
3770	808	
2130	2657	
2657	2130	
1438	1541	
1541	1438	
4754	4783	
4783	4754	
1239	1745	
1745	1239	
716	4353	
4353	716	
1211	2366	
2366	1211	
2602	3126	
3126	2602	
4063	4806	
4806	4063	
2584	3090	
3090	2584	
937	1850	
1850	937	
3654	3799	
3799	3654	
1030	3364	
3364	1030	
2301	2774	
2774	2301	
92	4878	
4878	92	
3080	3220	
3220	3080	
1791	3634	
3634	1791	
1537	2302	
2302	1537	
3471	3500	
3500	3471	
339	2582	
2582	339	
1595	4644	
4644	1595	
1508	4739	
4739	1508	
76	4424	
4424	76	
2951	4181	
4181	2951	
2795	3388	
3388	2795	
2489	2739	
2739	2489	
4365	4716	
4716	4365	
439	1845	
1845	439	
931	2457	
2457	931	
1367	3125	
3125	1367	
1865	1990	
1990	1865	
2375	3501	
3501	2375	
1716	2089	
2089	1716	
1210	3282	
3282	1210	
1629	4718	
4718	1629	
2885	4629	
4629	2885	
1641	2189	
2189	1641	
1855	2448	
2448	1855	
88	772	
772	88	
832	2076	
2076	832	
2729	2842	
2842	2729	
2466	3821	
3821	2466	
3520	3827	
3827	3520	
893	2443	
2443	893	
3526	4686	
4686	3526	
506	868	
868	506	
4132	4159	
4159	4132	
1666	4889	
4889	1666	
2726	4452	
4452	2726	
318	2640	
2640	318	
560	2325	
2325	560	
1014	3939	
3939	1014	
480	3699	
3699	480	
337	3920	
3920	337	
475	1911	
1911	475	
1398	3525	
3525	1398	
3185	3643	
3643	3185	
1186	3485	
3485	1186	
1496	4243	
4243	1496	
326	4915	
4915	326	
229	2524	
2524	229	
3012	3752	
3752	3012	
3166	4940	
4940	3166	
4059	4900	
4900	4059	
187	1344	
1344	187	
486	2430	
2430	486	
420	1139	
1139	420	
3298	4883	
4883	3298	
2569	4928	
4928	2569	
2474	2619	
2619	2474	
2650	3542	
3542	2650	
298	2459	
2459	298	
768	4014	
4014	768	
2475	4894	
4894	2475	
958	2064	
2064	958	
318	1576	
1576	318	
2381	3186	
3186	2381	
856	1503	
1503	856	
2979	4582	
4582	2979	
3808	4646	
4646	3808	
259	1878	
1878	259	
1945	3847	
3847	1945	
2400	4142	
4142	2400	
1604	4402	
4402	1604	
1725	3635	
3635	1725	
2949	4152	
4152	2949	
1869	4010	
4010	1869	
646	2319	
2319	646	
942	2833	
2833	942	
3095	4361	
4361	3095	
2211	4206	
4206	2211	
785	3810	
3810	785	
787	3905	
3905	787	
114	420	
420	114	
299	3604	
3604	299	
4549	4883	
4883	4549	
504	3281	
3281	504	
535	2662	
2662	535	
607	2996	
2996	607	
1015	2471	
2471	1015	
900	4010	
4010	900	
1838	2989	
2989	1838	
2303	3355	
3355	2303	
1633	3412	
3412	1633	
192	2337	
2337	192	
421	2204	
2204	421	
3464	4646	
4646	3464	
2296	2493	
2493	2296	
2275	2987	
2987	2275	
3061	4048	
4048	3061	
2708	3676	
3676	2708	
4477	4902	
4902	4477	
1242	2070	
2070	1242	
2478	2987	
2987	2478	
631	1534	
1534	631	
2562	3965	
3965	2562	
1706	3900	
3900	1706	
2771	3960	
3960	2771	
1379	2309	
2309	1379	
383	1241	
1241	383	
2916	3225	
3225	2916	
60	2878	
2878	60	
140	2217	
2217	140	
652	3722	
3722	652	
3501	4450	
4450	3501	
614	4908	
4908	614	
2332	3347	
3347	2332	
37	4459	
4459	37	
5	2547	
2547	5	
2281	4657	
4657	2281	
4121	4706	
4706	4121	
937	2676	
2676	937	
459	1277	
1277	459	
554	567	
567	554	
473	3771	
3771	473	
1346	3063	
3063	1346	
81	464	
464	81	
4546	4716	
4716	4546	
1259	3154	
3154	1259	
444	742	
742	444	
2686	3434	
3434	2686	
3032	4637	
4637	3032	
1524	4729	
4729	1524	
25	1017	
1017	25	
3101	4605	
4605	3101	
437	755	
755	437	
732	2212	
2212	732	
316	4012	
4012	316	
1291	1983	
1983	1291	
3509	4716	
4716	3509	
759	4170	
4170	759	
2390	4517	
4517	2390	
2287	4704	
4704	2287	
957	3623	
3623	957	
2335	3139	
3139	2335	
1530	3410	
3410	1530	
3817	4866	
4866	3817	
2287	2653	
2653	2287	
1591	3821	
3821	1591	
1138	2394	
2394	1138	
1660	2373	
2373	1660	
1247	1867	
1867	1247	
3757	4440	
4440	3757	
3961	4872	
4872	3961	
1980	3628	
3628	1980	
1018	2235	
2235	1018	
1910	1998	
1998	1910	
590	1115	
1115	590	
926	3893	
3893	926	
616	636	
636	616	
1037	4713	
4713	1037	
1333	2053	
2053	1333	
3330	3386	
3386	3330	
2484	3811	
3811	2484	
1126	3418	
3418	1126	
474	3449	
3449	474	
57	1510	
1510	57	
3363	3602	
3602	3363	
307	1080	
1080	307	
38	4670	
4670	38	
1110	2783	
2783	1110	
2368	3720	
3720	2368	
1403	4819	
4819	1403	
1751	3731	
3731	1751	
1018	3818	
3818	1018	
508	1407	
1407	508	
3213	3414	
3414	3213	
4081	4779	
4779	4081	
856	4875	
4875	856	
2134	2949	
2949	2134	
1636	2531	
2531	1636	
715	1598	
1598	715	
4518	4717	
4717	4518	
284	4131	
4131	284	
1965	2864	
2864	1965	
3	379	
379	3	
1325	4429	
4429	1325	
4086	4168	
4168	4086	
3223	4578	
4578	3223	
1267	2732	
2732	1267	
216	459	
459	216	
826	4048	
4048	826	
2493	3542	
3542	2493	
961	1009	
1009	961	
582	2475	
2475	582	
560	4375	
4375	560	
1296	3874	
3874	1296	
677	2613	
2613	677	
1030	3395	
3395	1030	
2425	4236	
4236	2425	
102	2862	
2862	102	
694	977	
977	694	
1627	2526	
2526	1627	
4548	4768	
4768	4548	
1320	4830	
4830	1320	
2138	4759	
4759	2138	
2	2611	
2611	2	
1752	4454	
4454	1752	
60	3644	
3644	60	
1233	1845	
1845	1233	
2231	4744	
4744	2231	
217	3280	
3280	217	
4258	4716	
4716	4258	
2151	3616	
3616	2151	
2692	3971	
3971	2692	
685	3640	
3640	685	
847	2630	
2630	847	
332	1998	
1998	332	
521	3896	
3896	521	
529	4326	
4326	529	
2287	2690	
2690	2287	
1691	1849	
1849	1691	
2668	4216	
4216	2668	
1152	2671	
2671	1152	
3698	4741	
4741	3698	
716	1186	
1186	716	
551	2456	
2456	551	
1305	3985	
3985	1305	
894	1933	
1933	894	
578	4054	
4054	578	
1711	2553	
2553	1711	
893	4242	
4242	893	
513	3892	
3892	513	
198	332	
332	198	
1496	4132	
4132	1496	
2570	3586	
3586	2570	
1079	4805	
4805	1079	
2877	3931	
3931	2877	
4387	4656	
4656	4387	
4271	4417	
4417	4271	
3423	3690	
3690	3423	
1232	4622	
4622	1232	
3637	3788	
3788	3637	
332	1431	
1431	332	
1534	3383	
3383	1534	
1152	1920	
1920	1152	
952	4255	
4255	952	
2258	3965	
3965	2258	
1054	2127	
2127	1054	
1719	4414	
4414	1719	
2370	2468	
2468	2370	
2259	2842	
2842	2259	
2457	4016	
4016	2457	
530	1776	
1776	530	
193	3735	
3735	193	
1731	3438	
3438	1731	
2466	4030	
4030	2466	
1990	2214	
2214	1990	
1570	2210	
2210	1570	
1998	3028	
3028	1998	
1304	4772	
4772	1304	
39	3259	
3259	39	
1320	1936	
1936	1320	
625	2032	
2032	625	
317	3063	
3063	317	
2352	4619	
4619	2352	
228	2232	
2232	228	
3544	4128	
4128	3544	
945	1167	
1167	945	
1739	4091	
4091	1739	
127	2507	
2507	127	
3712	4615	
4615	3712	
515	2647	
2647	515	
582	2317	
2317	582	
3683	3729	
3729	3683	
4328	4375	
4375	4328	
82	146	
146	82	
1650	2983	
2983	1650	
2267	4282	
4282	2267	
489	4680	
4680	489	
1537	1843	
1843	1537	
2603	3879	
3879	2603	
2286	3131	
3131	2286	
1566	3388	
3388	1566	
335	885	
885	335	
971	4663	
4663	971	
617	3772	
3772	617	
1723	2079	
2079	1723	
1690	1892	
1892	1690	
219	3745	
3745	219	
1104	4283	
4283	1104	
2621	2739	
2739	2621	
3170	4260	
4260	3170	
1487	4494	
4494	1487	
1701	4307	
4307	1701	
3760	4159	
4159	3760	
2876	3906	
3906	2876	
142	1894	
1894	142	
1529	3738	
3738	1529	
3359	4065	
4065	3359	
1633	2951	
2951	1633	
475	2673	
2673	475	
1471	1998	
1998	1471	
2834	4225	
4225	2834	
1697	1988	
1988	1697	
1199	1681	
1681	1199	
1277	3967	
3967	1277	
46	4821	
4821	46	
274	1837	
1837	274	
1271	2055	
2055	1271	
2489	2499	
2499	2489	
1163	1914	
1914	1163	
3166	3186	
3186	3166	
1516	2025	
2025	1516	
3900	4489	
4489	3900	
243	4706	
4706	243	
2528	3389	
3389	2528	
1230	4438	
4438	1230	
2903	3298	
3298	2903	
422	3919	
3919	422	
2286	4688	
4688	2286	
2542	4420	
4420	2542	
2344	2575	
2575	2344	
3348	3827	
3827	3348	
3249	3835	
3835	3249	
2956	4522	
4522	2956	
434	4357	
4357	434	
3486	3999	
3999	3486	
652	1160	
1160	652	
197	2797	
2797	197	
298	882	
882	298	
2070	3396	
3396	2070	
136	3767	
3767	136	
1278	4196	
4196	1278	
1086	1904	
1904	1086	
1024	2214	
2214	1024	
315	514	
514	315	
890	4560	
4560	890	
869	4407	
4407	869	
204	2809	
2809	204	
1554	3337	
3337	1554	
227	1165	
1165	227	
1848	2778	
2778	1848	
447	664	
664	447	
2733	3204	
3204	2733	
340	4055	
4055	340	
2058	2510	
2510	2058	
1809	3134	
3134	1809	
2538	4517	
4517	2538	
2253	2403	
2403	2253	
1727	2749	
2749	1727	
2627	4497	
4497	2627	
1409	3081	
3081	1409	
1848	2154	
2154	1848	
2824	3460	
3460	2824	
2125	2724	
2724	2125	
1572	3724	
3724	1572	
1138	4552	
4552	1138	
2446	3407	
3407	2446	
3286	4211	
4211	3286	
1213	4826	
4826	1213	
1033	2557	
2557	1033	
1384	1623	
1623	1384	
1134	3052	
3052	1134	
4293	4863	
4863	4293	
2579	4522	
4522	2579	
220	3989	
3989	220	
173	3435	
3435	173	
3316	4801	
4801	3316	
959	1018	
1018	959	
1181	3762	
3762	1181	
1258	4719	
4719	1258	
4050	4929	
4929	4050	
2474	3707	
3707	2474	
2008	4311	
4311	2008	
1215	1801	
1801	1215	
640	2470	
2470	640	
439	2590	
2590	439	
1900	3562	
3562	1900	
2423	4071	
4071	2423	
673	1598	
1598	673	
1102	3172	
3172	1102	
2081	3483	
3483	2081	
2101	4338	
4338	2101	
1376	4451	
4451	1376	
3214	3545	
3545	3214	
1404	3294	
3294	1404	
3366	4218	
4218	3366	
3005	3224	
3224	3005	
482	781	
781	482	
467	1890	
1890	467	
1485	3472	
3472	1485	
3400	3668	
3668	3400	
2427	3670	
3670	2427	
3336	4263	
4263	3336	
3149	4566	
4566	3149	
3205	4149	
4149	3205	
2134	3429	
3429	2134	
2446	4189	
4189	2446	
3750	4839	
4839	3750	
245	2541	
2541	245	
836	1293	
1293	836	
399	886	
886	399	
2605	2638	
2638	2605	
1157	3136	
3136	1157	
684	1457	
1457	684	
746	2390	
2390	746	
592	2015	
2015	592	
3018	4539	
4539	3018	
192	2685	
2685	192	
3	809	
809	3	
3260	3872	
3872	3260	
141	1608	
1608	141	
1591	4320	
4320	1591	
1125	4097	
4097	1125	
961	2812	
2812	961	
2478	4408	
4408	2478	
555	2301	
2301	555	
675	4571	
4571	675	
1935	4167	
4167	1935	
517	521	
521	517	
3524	3823	
3823	3524	
3091	3266	
3266	3091	
2147	3883	
3883	2147	
77	2874	
2874	77	
2304	3418	
3418	2304	
2317	3166	
3166	2317	
378	728	
728	378	
87	3611	
3611	87	
1098	2662	
2662	1098	
1744	3507	
3507	1744	
227	1430	
1430	227	
855	4929	
4929	855	
4014	4398	
4398	4014	
106	1946	
1946	106	
4095	4584	
4584	4095	
284	368	
368	284	
4349	4769	
4769	4349	
193	3938	
3938	193	
3852	4259	
4259	3852	
2444	2663	
2663	2444	
3543	4422	
4422	3543	
2358	3650	
3650	2358	
4206	4816	
4816	4206	
89	3803	
3803	89	
895	2647	
2647	895	
659	3303	
3303	659	
1404	4435	
4435	1404	
3478	4076	
4076	3478	
297	1833	
1833	297	
2770	4630	
4630	2770	
1199	4940	
4940	1199	
3707	4522	
4522	3707	
985	2377	
2377	985	
556	2600	
2600	556	
898	3710	
3710	898	
2202	4364	
4364	2202	
509	4103	
4103	509	
1113	2657	
2657	1113	
1266	3596	
3596	1266	
446	2255	
2255	446	
1760	3840	
3840	1760	
1573	4343	
4343	1573	
487	4012	
4012	487	
1772	2982	
2982	1772	
2035	3356	
3356	2035	
631	846	
846	631	
4216	4403	
4403	4216	
4326	4338	
4338	4326	
159	1096	
1096	159	
558	971	
971	558	
4129	4566	
4566	4129	
2521	3110	
3110	2521	
2671	4790	
4790	2671	
3439	4880	
4880	3439	
2575	4363	
4363	2575	
858	4097	
4097	858	
373	2351	
2351	373	
1516	2302	
2302	1516	
4318	4384	
4384	4318	
2678	3032	
3032	2678	
2670	3094	
3094	2670	
771	2286	
2286	771	
3800	4855	
4855	3800	
1578	3689	
3689	1578	
84	1129	
1129	84	
160	3203	
3203	160	
233	3283	
3283	233	
3200	3575	
3575	3200	
3237	4237	
4237	3237	
359	3363	
3363	359	
3305	3876	
3876	3305	
2871	4721	
4721	2871	
2913	4578	
4578	2913	
140	405	
405	140	
4112	4781	
4781	4112	
499	4240	
4240	499	
465	1335	
1335	465	
941	2492	
2492	941	
715	4511	
4511	715	
2057	4103	
4103	2057	
3406	3616	
3616	3406	
2666	2859	
2859	2666	
3095	4200	
4200	3095	
3	3727	
3727	3	
1791	3795	
3795	1791	
1242	3029	
3029	1242	
4505	4607	
4607	4505	
3479	3734	
3734	3479	
199	857	
857	199	
1404	4253	
4253	1404	
1471	2654	
2654	1471	
1001	3941	
3941	1001	
2742	4478	
4478	2742	
2830	3616	
3616	2830	
17	198	
198	17	
325	2264	
2264	325	
1266	1808	
1808	1266	
527	4316	
4316	527	
1900	2049	
2049	1900	
4010	4406	
4406	4010	
590	1250	
1250	590	
469	4123	
4123	469	
1805	3487	
3487	1805	
1735	4615	
4615	1735	
3238	3391	
3391	3238	
1392	3711	
3711	1392	
3470	4496	
4496	3470	
10	1410	
1410	10	
1277	4333	
4333	1277	
571	3270	
3270	571	
2785	2878	
2878	2785	
3093	3508	
3508	3093	
2399	3744	
3744	2399	
1711	3246	
3246	1711	
863	4134	
4134	863	
4179	4472	
4472	4179	
3822	3969	
3969	3822	
2051	3865	
3865	2051	
3352	3667	
3667	3352	
297	2493	
2493	297	
4047	4899	
4899	4047	
182	4614	
4614	182	
826	3075	
3075	826	
2944	4579	
4579	2944	
1454	1790	
1790	1454	
212	2859	
2859	212	
865	4268	
4268	865	
456	2176	
2176	456	
2676	3294	
3294	2676	
1700	3340	
3340	1700	
950	1972	
1972	950	
1019	3403	
3403	1019	
261	4837	
4837	261	
808	4323	
4323	808	
2051	4696	
4696	2051	
327	2848	
2848	327	
2039	3083	
3083	2039	
2345	3056	
3056	2345	
736	2401	
2401	736	
1823	2364	
2364	1823	
1268	1350	
1350	1268	
4487	4593	
4593	4487	
1501	2209	
2209	1501	
886	2477	
2477	886	
1980	4694	
4694	1980	
333	1095	
1095	333	
31	1109	
1109	31	
2425	2607	
2607	2425	
2	3251	
3251	2	
2784	3796	
3796	2784	
824	3307	
3307	824	
2638	3835	
3835	2638	
2128	3980	
3980	2128	
50	1391	
1391	50	
1073	4570	
4570	1073	
1012	2167	
2167	1012	
3780	4243	
4243	3780	
1210	3628	
3628	1210	
1824	3888	
3888	1824	
2186	3887	
3887	2186	
226	2412	
2412	226	
2199	2374	
2374	2199	
2962	3403	
3403	2962	
1025	4862	
4862	1025	
2935	3970	
3970	2935	
179	1940	
1940	179	
1120	2279	
2279	1120	
3101	4743	
4743	3101	
2818	4728	
4728	2818	
3299	3844	
3844	3299	
2568	4340	
4340	2568	
3404	4307	
4307	3404	
1883	3602	
3602	1883	
682	2371	
2371	682	
2887	3715	
3715	2887	
1079	3888	
3888	1079	
3445	4221	
4221	3445	
2123	4686	
4686	2123	
973	4922	
4922	973	
1203	2954	
2954	1203	
3604	3755	
3755	3604	
1918	3208	
3208	1918	
1921	4448	
4448	1921	
525	1282	
1282	525	
632	4111	
4111	632	
1315	2141	
2141	1315	
1760	3744	
3744	1760	
1218	2452	
2452	1218	
497	3379	
3379	497	
477	2999	
2999	477	
2934	4004	
4004	2934	
880	2946	
2946	880	
2586	2755	
2755	2586	
1620	3398	
3398	1620	
2889	4919	
4919	2889	
454	3314	
3314	454	
1117	2720	
2720	1117	
3153	3957	
3957	3153	
2018	4319	
4319	2018	
258	4323	
4323	258	
2371	3717	
3717	2371	
3426	4770	
4770	3426	
2427	3789	
3789	2427	
1709	4717	
4717	1709	
1307	4150	
4150	1307	
2625	4818	
4818	2625	
1225	3708	
3708	1225	
1870	3211	
3211	1870	
218	1546	
1546	218	
3287	3632	
3632	3287	
678	2552	
2552	678	
18	3420	
3420	18	
727	1571	
1571	727	
3653	4887	
4887	3653	
1522	2831	
2831	1522	
1320	1549	
1549	1320	
99	2602	
2602	99	
408	3158	
3158	408	
154	3321	
3321	154	
2626	3322	
3322	2626	
4424	4547	
4547	4424	
1064	2715	
2715	1064	
4116	4598	
4598	4116	
1624	2656	
2656	1624	
1994	4873	
4873	1994	
1668	3393	
3393	1668	
3635	4603	
4603	3635	
671	4623	
4623	671	
841	1050	
1050	841	
863	1240	
1240	863	
