1113	2700	
2700	1113	
1839	2214	
2214	1839	
378	3633	
3633	378	
866	2270	
2270	866	
1971	4819	
4819	1971	
2151	2170	
2170	2151	
2652	3054	
3054	2652	
672	1015	
1015	672	
68	4883	
4883	68	
330	3463	
3463	330	
4135	4176	
4176	4135	
1751	4126	
4126	1751	
1626	2113	
2113	1626	
254	4329	
4329	254	
354	3086	
3086	354	
2347	4540	
4540	2347	
3443	3962	
3962	3443	
3662	4489	
4489	3662	
973	4231	
4231	973	
2116	3014	
3014	2116	
3006	3913	
3913	3006	
1260	3138	
3138	1260	
1032	4012	
4012	1032	
599	2214	
2214	599	
447	4586	
4586	447	
3254	4250	
4250	3254	
2487	2687	
2687	2487	
2413	4184	
4184	2413	
3044	4899	
4899	3044	
373	2574	
2574	373	
443	4228	
4228	443	
620	2398	
2398	620	
1344	2958	
2958	1344	
1316	1868	
1868	1316	
1	3727	
3727	1	
680	4030	
4030	680	
1536	2512	
2512	1536	
4438	4732	
4732	4438	
1967	4811	
4811	1967	
1665	4596	
4596	1665	
2661	4940	
4940	2661	
2907	3789	
3789	2907	
906	3098	
3098	906	
1068	2987	
2987	1068	
732	3196	
3196	732	
2754	3583	
3583	2754	
1527	2885	
2885	1527	
2082	4080	
4080	2082	
2425	2513	
2513	2425	
892	2411	
2411	892	
1149	3783	
3783	1149	
2349	2696	
2696	2349	
3141	3744	
3744	3141	
825	4618	
4618	825	
3762	4091	
4091	3762	
3310	4284	
4284	3310	
4358	4491	
4491	4358	
1895	1998	
1998	1895	
184	4701	
4701	184	
2050	2081	
2081	2050	
2484	3079	
3079	2484	
1255	4164	
4164	1255	
2415	3064	
3064	2415	
1015	3772	
3772	1015	
2029	3718	
3718	2029	
1593	3212	
3212	1593	
1231	1717	
1717	1231	
3003	4900	
4900	3003	
2313	2650	
2650	2313	
546	718	
718	546	
1293	3857	
3857	1293	
1057	1998	
1998	1057	
1107	3581	
3581	1107	
913	4568	
4568	913	
1145	1489	
1489	1145	
3150	4496	
4496	3150	
2005	2865	
2865	2005	
1807	2035	
2035	1807	
3821	4808	
4808	3821	
1809	3812	
3812	1809	
2831	3972	
3972	2831	
441	4927	
4927	441	
934	4191	
4191	934	
2743	3199	
3199	2743	
2746	3843	
3843	2746	
619	731	
731	619	
2216	4278	
4278	2216	
2026	2245	
2245	2026	
418	2710	
2710	418	
651	2807	
2807	651	
368	1134	
1134	368	
1348	4845	
4845	1348	
1362	4340	
4340	1362	
3312	3914	
3914	3312	
4561	4866	
4866	4561	
2606	2815	
2815	2606	
1544	1570	
1570	1544	
2670	2908	
2908	2670	
719	2163	
2163	719	
941	4934	
4934	941	
3236	4369	
4369	3236	
817	2150	
2150	817	
1656	4086	
4086	1656	
366	3592	
3592	366	
1508	1808	
1808	1508	
2420	2681	
2681	2420	
3283	3350	
3350	3283	
1721	4500	
4500	1721	
1455	4659	
4659	1455	
1849	3373	
3373	1849	
3784	4171	
4171	3784	
1557	4240	
4240	1557	
1709	4654	
4654	1709	
2705	3043	
3043	2705	
4075	4101	
4101	4075	
3842	4192	
4192	3842	
1262	3887	
3887	1262	
1576	1697	
1697	1576	
626	2045	
2045	626	
1990	4653	
4653	1990	
3205	4204	
4204	3205	
1359	3533	
3533	1359	
1278	4115	
4115	1278	
1470	4625	
4625	1470	
3163	4113	
4113	3163	
1123	1153	
1153	1123	
208	806	
806	208	
2783	2925	
2925	2783	
1567	4410	
4410	1567	
948	4550	
4550	948	
1531	4816	
4816	1531	
2345	4684	
4684	2345	
2771	4345	
4345	2771	
692	4745	
4745	692	
1092	1642	
1642	1092	
1699	4725	
4725	1699	
1227	2285	
2285	1227	
1271	4495	
4495	1271	
778	794	
794	778	
1019	3063	
3063	1019	
807	2641	
2641	807	
2338	3697	
3697	2338	
332	3729	
3729	332	
1672	2724	
2724	1672	
1964	2750	
2750	1964	
13	885	
885	13	
789	4778	
4778	789	
3731	3892	
3892	3731	
831	2414	
2414	831	
1451	2215	
2215	1451	
3392	4615	
4615	3392	
990	3187	
3187	990	
4167	4331	
4331	4167	
2689	3276	
3276	2689	
133	767	
767	133	
786	854	
854	786	
1400	2496	
2496	1400	
919	3283	
3283	919	
2590	4053	
4053	2590	
285	1210	
1210	285	
1312	2555	
2555	1312	
214	873	
873	214	
1577	3593	
3593	1577	
2176	3241	
3241	2176	
2402	4805	
4805	2402	
1559	3418	
3418	1559	
2650	4848	
4848	2650	
2222	3010	
3010	2222	
2197	2477	
2477	2197	
1713	2989	
2989	1713	
943	3030	
3030	943	
4568	4583	
4583	4568	
605	1388	
1388	605	
1729	4659	
4659	1729	
74	4723	
4723	74	
348	2233	
2233	348	
2514	3055	
3055	2514	
257	1080	
1080	257	
2968	4561	
4561	2968	
1688	3133	
3133	1688	
2392	3585	
3585	2392	
2173	4766	
4766	2173	
2555	3728	
3728	2555	
2380	2838	
2838	2380	
488	1302	
1302	488	
964	1553	
1553	964	
164	1363	
1363	164	
204	3884	
3884	204	
2982	4075	
4075	2982	
500	2890	
2890	500	
1801	4699	
4699	1801	
188	828	
828	188	
1008	1978	
1978	1008	
2768	4072	
4072	2768	
304	4186	
4186	304	
1	392	
392	1	
2095	4011	
4011	2095	
135	603	
603	135	
2193	3418	
3418	2193	
1004	1491	
1491	1004	
274	4138	
4138	274	
3680	4393	
4393	3680	
1720	4686	
4686	1720	
3903	4866	
4866	3903	
3663	4794	
4794	3663	
1740	3685	
3685	1740	
928	4547	
4547	928	
2069	3224	
3224	2069	
1356	3457	
3457	1356	
4087	4688	
4688	4087	
154	256	
256	154	
1127	1934	
1934	1127	
304	3301	
3301	304	
719	3855	
3855	719	
1341	1683	
1683	1341	
3746	4503	
4503	3746	
979	1699	
1699	979	
2860	3943	
3943	2860	
1139	2460	
2460	1139	
2154	2768	
2768	2154	
3296	4418	
4418	3296	
1260	2734	
2734	1260	
583	2526	
2526	583	
3021	3203	
3203	3021	
257	3593	
3593	257	
1768	4843	
4843	1768	
442	4003	
4003	442	
406	821	
821	406	
402	2799	
2799	402	
1182	2449	
2449	1182	
1211	2778	
2778	1211	
460	1777	
1777	460	
1427	4403	
4403	1427	
2236	3927	
3927	2236	
2247	4411	
4411	2247	
776	1204	
1204	776	
1809	1855	
1855	1809	
21	3437	
3437	21	
2842	3215	
3215	2842	
1152	4187	
4187	1152	
1932	2704	
2704	1932	
2813	3946	
3946	2813	
79	2855	
2855	79	
2523	3337	
3337	2523	
175	832	
832	175	
16	2027	
2027	16	
3076	4553	
4553	3076	
895	3449	
3449	895	
440	954	
954	440	
1531	1864	
1864	1531	
786	2322	
2322	786	
262	1250	
1250	262	
2604	4497	
4497	2604	
1218	2541	
2541	1218	
1790	4540	
4540	1790	
1436	3878	
3878	1436	
3216	4379	
4379	3216	
911	3294	
3294	911	
1674	3654	
3654	1674	
3065	4264	
4264	3065	
1338	2822	
2822	1338	
640	2749	
2749	640	
2651	4356	
4356	2651	
925	2041	
2041	925	
788	2929	
2929	788	
1891	3450	
3450	1891	
277	2934	
2934	277	
1703	4725	
4725	1703	
824	2793	
2793	824	
2315	4763	
4763	2315	
3781	3999	
3999	3781	
1796	3737	
3737	1796	
2911	4754	
4754	2911	
1646	4204	
4204	1646	
3046	3364	
3364	3046	
1901	3585	
3585	1901	
277	570	
570	277	
1801	2558	
2558	1801	
25	3529	
3529	25	
835	1015	
1015	835	
3899	4109	
4109	3899	
2048	4391	
4391	2048	
2155	3818	
3818	2155	
3211	3826	
3826	3211	
1217	4288	
4288	1217	
1760	3446	
3446	1760	
3831	4267	
4267	3831	
978	4937	
4937	978	
771	3727	
3727	771	
2887	3923	
3923	2887	
506	3767	
3767	506	
2920	3941	
3941	2920	
1194	4351	
4351	1194	
1515	4527	
4527	1515	
1298	4551	
4551	1298	
132	4289	
4289	132	
4175	4331	
4331	4175	
2368	4171	
4171	2368	
1469	4668	
4668	1469	
494	2393	
2393	494	
3354	4234	
4234	3354	
3777	4568	
4568	3777	
3396	4164	
4164	3396	
2791	4903	
4903	2791	
1308	3684	
3684	1308	
3749	4915	
4915	3749	
481	4232	
4232	481	
173	4217	
4217	173	
1257	2926	
2926	1257	
2583	4481	
4481	2583	
2208	4511	
4511	2208	
247	4140	
4140	247	
903	2799	
2799	903	
1928	4435	
4435	1928	
2047	4267	
4267	2047	
156	1746	
1746	156	
1611	4811	
4811	1611	
2524	3955	
3955	2524	
1763	3520	
3520	1763	
690	3093	
3093	690	
166	2655	
2655	166	
1137	1208	
1208	1137	
2691	4164	
4164	2691	
2818	3424	
3424	2818	
2506	3987	
3987	2506	
1802	4217	
4217	1802	
520	4056	
4056	520	
3012	4390	
4390	3012	
156	4110	
4110	156	
297	513	
513	297	
630	960	
960	630	
346	3005	
3005	346	
2304	4768	
4768	2304	
4068	4636	
4636	4068	
2202	2630	
2630	2202	
1374	2419	
2419	1374	
649	1039	
1039	649	
3082	4443	
4443	3082	
3243	4426	
4426	3243	
2412	4650	
4650	2412	
1720	3261	
3261	1720	
1046	1340	
1340	1046	
382	1678	
1678	382	
2178	4755	
4755	2178	
2704	3871	
3871	2704	
3705	4022	
4022	3705	
234	2438	
2438	234	
1031	4297	
4297	1031	
370	3860	
3860	370	
1704	2338	
2338	1704	
4615	4675	
4675	4615	
824	2299	
2299	824	
376	4319	
4319	376	
725	3235	
3235	725	
53	1722	
1722	53	
3466	4336	
4336	3466	
1538	3496	
3496	1538	
3988	4272	
4272	3988	
2356	4545	
4545	2356	
1512	3129	
3129	1512	
185	2300	
2300	185	
2747	4416	
4416	2747	
153	2915	
2915	153	
698	785	
785	698	
3439	4699	
4699	3439	
167	3132	
3132	167	
491	3064	
3064	491	
2254	4366	
4366	2254	
2290	2942	
2942	2290	
1058	3663	
3663	1058	
2935	3765	
3765	2935	
3581	4193	
4193	3581	
2670	4230	
4230	2670	
2458	3202	
3202	2458	
2497	3957	
3957	2497	
1480	4587	
4587	1480	
3	786	
786	3	
730	1569	
1569	730	
2109	3182	
3182	2109	
3397	3761	
3761	3397	
1118	4212	
4212	1118	
2979	3922	
3922	2979	
1436	2597	
2597	1436	
1253	2491	
2491	1253	
1176	2508	
2508	1176	
1102	2125	
2125	1102	
2682	2734	
2734	2682	
2851	4459	
4459	2851	
1708	3265	
3265	1708	
4454	4585	
4585	4454	
2151	3568	
3568	2151	
1111	2296	
2296	1111	
1856	1943	
1943	1856	
103	3333	
3333	103	
1000	1811	
1811	1000	
1972	4318	
4318	1972	
337	2799	
2799	337	
2315	4153	
4153	2315	
1845	3614	
3614	1845	
410	1804	
1804	410	
423	3248	
3248	423	
1724	1746	
1746	1724	
3242	3304	
3304	3242	
2375	4545	
4545	2375	
1101	4791	
4791	1101	
1270	2197	
2197	1270	
840	961	
961	840	
519	1191	
1191	519	
253	2903	
2903	253	
2213	4413	
4413	2213	
1129	3958	
3958	1129	
726	3879	
3879	726	
375	1427	
1427	375	
1317	2971	
2971	1317	
2297	4841	
4841	2297	
3809	4523	
4523	3809	
2113	3205	
3205	2113	
2077	2459	
2459	2077	
1752	4886	
4886	1752	
567	4280	
4280	567	
2905	4269	
4269	2905	
106	1718	
1718	106	
1525	2180	
2180	1525	
3260	4539	
4539	3260	
54	3112	
3112	54	
4127	4838	
4838	4127	
2707	3572	
3572	2707	
3252	3486	
3486	3252	
3507	4526	
4526	3507	
812	3399	
3399	812	
3399	3952	
3952	3399	
2524	4072	
4072	2524	
881	2654	
2654	881	
2035	2273	
2273	2035	
367	3883	
3883	367	
3015	4259	
4259	3015	
1488	3342	
3342	1488	
1496	2958	
2958	1496	
2046	4849	
4849	2046	
3222	4674	
4674	3222	
1907	1963	
1963	1907	
2034	2125	
2125	2034	
1865	4179	
4179	1865	
541	836	
836	541	
2807	4243	
4243	2807	
1291	4842	
4842	1291	
1587	3716	
3716	1587	
2927	3914	
3914	2927	
63	2829	
2829	63	
170	2876	
2876	170	
110	787	
787	110	
1557	4043	
4043	1557	
3714	4745	
4745	3714	
3395	4912	
4912	3395	
357	4850	
4850	357	
520	3908	
3908	520	
3484	4001	
4001	3484	
1076	4810	
4810	1076	
1536	4504	
4504	1536	
2903	4339	
4339	2903	
525	4341	
4341	525	
66	4914	
4914	66	
3275	4479	
4479	3275	
672	4480	
4480	672	
4326	4465	
4465	4326	
1070	4651	
4651	1070	
1236	3345	
3345	1236	
1969	2794	
2794	1969	
173	4389	
4389	173	
1483	2607	
2607	1483	
4265	4713	
4713	4265	
2492	4331	
4331	2492	
2191	4242	
4242	2191	
408	936	
936	408	
983	1377	
1377	983	
1804	4066	
4066	1804	
3971	4382	
4382	3971	
1698	2422	
2422	1698	
556	3637	
3637	556	
697	1319	
1319	697	
68	3703	
3703	68	
1080	1581	
1581	1080	
3254	4421	
4421	3254	
3836	4184	
4184	3836	
907	4124	
4124	907	
1048	2587	
2587	1048	
3615	4054	
4054	3615	
1782	3604	
3604	1782	
676	4585	
4585	676	
3199	4321	
4321	3199	
396	2191	
2191	396	
358	1229	
1229	358	
2498	3500	
3500	2498	
2953	4763	
4763	2953	
339	3522	
3522	339	
157	2026	
2026	157	
2997	4418	
4418	2997	
1065	4540	
4540	1065	
2480	2822	
2822	2480	
224	3527	
3527	224	
2121	2416	
2416	2121	
577	1206	
1206	577	
2163	2445	
2445	2163	
1550	1659	
1659	1550	
1325	3377	
3377	1325	
2479	4269	
4269	2479	
1194	3465	
3465	1194	
2341	4885	
4885	2341	
296	3232	
3232	296	
875	2269	
2269	875	
1387	4318	
4318	1387	
4019	4469	
4469	4019	
4096	4589	
4589	4096	
2527	4732	
4732	2527	
657	3716	
3716	657	
1729	3070	
3070	1729	
1132	3076	
3076	1132	
207	1319	
1319	207	
2117	2664	
2664	2117	
418	4031	
4031	418	
498	3035	
3035	498	
1903	3867	
3867	1903	
1631	4317	
4317	1631	
434	589	
589	434	
2065	2212	
2212	2065	
394	1342	
1342	394	
1545	4090	
4090	1545	
808	4858	
4858	808	
1229	2112	
2112	1229	
437	3174	
3174	437	
3437	4223	
4223	3437	
2128	3056	
3056	2128	
1520	3979	
3979	1520	
141	327	
327	141	
187	658	
658	187	
24	3627	
3627	24	
1257	4454	
4454	1257	
3229	3698	
3698	3229	
1743	4071	
4071	1743	
760	937	
937	760	
1398	3372	
3372	1398	
1351	3769	
3769	1351	
3806	4259	
4259	3806	
1827	2292	
2292	1827	
993	1454	
1454	993	
929	3911	
3911	929	
4521	4614	
4614	4521	
1559	2133	
2133	1559	
3039	3120	
3120	3039	
1027	4527	
4527	1027	
1991	3515	
3515	1991	
1406	2677	
2677	1406	
1275	4629	
4629	1275	
658	2758	
2758	658	
240	3866	
3866	240	
162	2107	
2107	162	
2084	2894	
2894	2084	
1204	3389	
3389	1204	
833	1215	
1215	833	
1897	3449	
3449	1897	
1578	1915	
1915	1578	
3455	4181	
4181	3455	
1408	4734	
4734	1408	
3001	4641	
4641	3001	
234	1285	
1285	234	
680	4049	
4049	680	
96	269	
269	96	
4517	4566	
4566	4517	
1630	4765	
4765	1630	
2705	2939	
2939	2705	
323	640	
640	323	
503	2114	
2114	503	
1879	3605	
3605	1879	
1619	2264	
2264	1619	
230	3956	
3956	230	
2391	2441	
2441	2391	
880	4913	
4913	880	
1301	4115	
4115	1301	
2305	4101	
4101	2305	
2091	4609	
4609	2091	
1252	3934	
3934	1252	
120	170	
170	120	
513	1388	
1388	513	
1857	2705	
2705	1857	
193	2307	
2307	193	
904	4349	
4349	904	
3206	3977	
3977	3206	
1776	2613	
2613	1776	
1652	2694	
2694	1652	
2663	3905	
3905	2663	
4002	4139	
4139	4002	
1284	1884	
1884	1284	
1326	2744	
2744	1326	
1976	4629	
4629	1976	
1556	3955	
3955	1556	
945	2958	
2958	945	
1951	2974	
2974	1951	
1011	1039	
1039	1011	
2644	3494	
3494	2644	
2957	4546	
4546	2957	
1654	3883	
3883	1654	
3015	4841	
4841	3015	
2846	3253	
3253	2846	
521	3533	
3533	521	
754	3839	
3839	754	
1566	2276	
2276	1566	
1072	1912	
1912	1072	
1529	3219	
3219	1529	
228	2149	
2149	228	
2152	2769	
2769	2152	
3176	3616	
3616	3176	
879	3969	
3969	879	
1437	4419	
4419	1437	
554	1804	
1804	554	
341	4167	
4167	341	
3855	4492	
4492	3855	
1142	1374	
1374	1142	
163	4868	
4868	163	
4091	4533	
4533	4091	
1855	4615	
4615	1855	
205	4909	
4909	205	
513	2311	
2311	513	
1054	4556	
4556	1054	
1452	4414	
4414	1452	
1616	2151	
2151	1616	
2494	3958	
3958	2494	
339	434	
434	339	
571	2937	
2937	571	
3199	4420	
4420	3199	
2673	4352	
4352	2673	
1037	1646	
1646	1037	
1744	3178	
3178	1744	
777	876	
876	777	
316	3274	
3274	316	
431	4742	
4742	431	
806	3785	
3785	806	
986	1765	
1765	986	
2262	3241	
3241	2262	
384	1890	
1890	384	
2464	4886	
4886	2464	
489	566	
566	489	
924	4552	
4552	924	
304	2150	
2150	304	
835	1181	
1181	835	
2124	3460	
3460	2124	
3341	4519	
4519	3341	
2404	4182	
4182	2404	
1664	4808	
4808	1664	
2666	3206	
3206	2666	
1534	2993	
2993	1534	
592	4611	
4611	592	
371	2626	
2626	371	
1523	1706	
1706	1523	
1197	1951	
1951	1197	
2897	4387	
4387	2897	
2005	2134	
2134	2005	
2410	3355	
3355	2410	
891	2447	
2447	891	
574	1598	
1598	574	
1908	3767	
3767	1908	
1203	3418	
3418	1203	
413	1764	
1764	413	
4081	4926	
4926	4081	
637	2010	
2010	637	
1416	3565	
3565	1416	
2482	4696	
4696	2482	
2890	4677	
4677	2890	
809	1073	
1073	809	
2189	2396	
2396	2189	
987	4806	
4806	987	
1808	3920	
3920	1808	
1499	2469	
2469	1499	
1739	2467	
2467	1739	
3544	3631	
3631	3544	
620	4749	
4749	620	
1755	3199	
3199	1755	
2707	3755	
3755	2707	
1367	4405	
4405	1367	
3589	4524	
4524	3589	
595	2148	
2148	595	
2744	4862	
4862	2744	
905	1136	
1136	905	
271	2180	
2180	271	
3109	3237	
3237	3109	
1936	3075	
3075	1936	
1995	4488	
4488	1995	
3236	4560	
4560	3236	
862	2701	
2701	862	
1251	4220	
4220	1251	
3493	3542	
3542	3493	
238	4416	
4416	238	
2697	3295	
3295	2697	
1415	4133	
4133	1415	
724	2032	
2032	724	
1812	2786	
2786	1812	
698	2314	
2314	698	
159	1724	
1724	159	
2000	2655	
2655	2000	
3658	4765	
4765	3658	
689	4053	
4053	689	
3852	4183	
4183	3852	
2474	4270	
4270	2474	
158	2274	
2274	158	
3798	4831	
4831	3798	
1485	2465	
2465	1485	
3065	4651	
4651	3065	
59	1849	
1849	59	
2519	4061	
4061	2519	
495	4244	
4244	495	
2597	2633	
2633	2597	
58	1089	
1089	58	
1264	3576	
3576	1264	
96	2627	
2627	96	
1036	1600	
1600	1036	
2533	2995	
2995	2533	
3135	3146	
3146	3135	
991	1217	
1217	991	
207	2238	
2238	207	
2236	2254	
2254	2236	
567	1751	
1751	567	
1730	3493	
3493	1730	
3484	4665	
4665	3484	
3147	3265	
3265	3147	
1691	2466	
2466	1691	
3432	4439	
4439	3432	
741	1869	
1869	741	
4677	4875	
4875	4677	
88	1953	
1953	88	
1674	2410	
2410	1674	
845	2821	
2821	845	
1244	4094	
4094	1244	
3688	4482	
4482	3688	
1239	4655	
4655	1239	
1009	1342	
1342	1009	
778	2443	
2443	778	
1108	2832	
2832	1108	
1253	1313	
1313	1253	
1687	4197	
4197	1687	
1048	1714	
1714	1048	
960	3401	
3401	960	
1726	2638	
2638	1726	
3119	3184	
3184	3119	
902	2137	
2137	902	
3886	4018	
4018	3886	
1504	4515	
4515	1504	
951	4505	
4505	951	
1672	2423	
2423	1672	
3539	4232	
4232	3539	
2052	2186	
2186	2052	
75	3854	
3854	75	
176	1858	
1858	176	
2784	3883	
3883	2784	
2186	3040	
3040	2186	
777	3017	
3017	777	
684	3272	
3272	684	
2592	3219	
3219	2592	
1955	2585	
2585	1955	
3893	4673	
4673	3893	
628	2450	
2450	628	
1593	2570	
2570	1593	
2409	4579	
4579	2409	
1159	1661	
1661	1159	
150	3729	
3729	150	
1176	4707	
4707	1176	
554	4530	
4530	554	
1649	2890	
2890	1649	
89	1354	
1354	89	
2635	2989	
2989	2635	
908	3290	
3290	908	
3744	4053	
4053	3744	
392	3047	
3047	392	
102	4293	
4293	102	
1399	3409	
3409	1399	
3470	3508	
3508	3470	
3019	4280	
4280	3019	
933	4799	
4799	933	
102	4835	
4835	102	
572	4577	
4577	572	
133	3415	
3415	133	
2329	2634	
2634	2329	
1507	3850	
3850	1507	
1652	4403	
4403	1652	
1276	3197	
3197	1276	
2490	2666	
2666	2490	
2264	3504	
3504	2264	
316	2304	
2304	316	
2314	4004	
4004	2314	
371	919	
919	371	
3067	3173	
3173	3067	
1415	4033	
4033	1415	
23	2136	
2136	23	
3036	3139	
3139	3036	
1143	4344	
4344	1143	
1581	4588	
4588	1581	
3320	4049	
4049	3320	
75	4818	
4818	75	
1978	3406	
3406	1978	
4417	4589	
4589	4417	
853	2403	
2403	853	
566	3568	
3568	566	
281	3135	
3135	281	
4424	4686	
4686	4424	
2258	4531	
4531	2258	
2125	4309	
4309	2125	
850	3948	
3948	850	
4102	4601	
4601	4102	
524	2587	
2587	524	
2033	3256	
3256	2033	
947	2316	
2316	947	
718	4245	
4245	718	
3422	4912	
4912	3422	
58	970	
970	58	
1362	2175	
2175	1362	
536	4593	
4593	536	
1142	4432	
4432	1142	
1224	4291	
4291	1224	
1177	4276	
4276	1177	
3537	3886	
3886	3537	
2924	4428	
4428	2924	
307	327	
327	307	
1314	3979	
3979	1314	
898	988	
988	898	
238	2899	
2899	238	
2837	3022	
3022	2837	
1193	2588	
2588	1193	
2710	3378	
3378	2710	
3075	3544	
3544	3075	
2382	3913	
3913	2382	
956	2010	
2010	956	
1387	3624	
3624	1387	
2753	3244	
3244	2753	
1188	2481	
2481	1188	
10	1885	
1885	10	
299	1122	
1122	299	
293	3705	
3705	293	
2082	4652	
4652	2082	
2527	4602	
4602	2527	
3043	3130	
3130	3043	
151	3276	
3276	151	
763	4358	
4358	763	
396	738	
738	396	
2075	4580	
4580	2075	
2943	4747	
4747	2943	
1233	2991	
2991	1233	
1788	2848	
2848	1788	
1620	2045	
2045	1620	
2290	2658	
2658	2290	
3657	4603	
4603	3657	
1222	1951	
1951	1222	
470	2780	
2780	470	
2966	3027	
3027	2966	
1350	2575	
2575	1350	
238	649	
649	238	
2839	3308	
3308	2839	
91	3673	
3673	91	
2335	2749	
2749	2335	
832	2961	
2961	832	
4331	4390	
4390	4331	
911	1811	
1811	911	
2499	4603	
4603	2499	
479	4524	
4524	479	
1639	2947	
2947	1639	
2235	2410	
2410	2235	
402	842	
842	402	
3067	4220	
4220	3067	
3671	4396	
4396	3671	
495	4520	
4520	495	
1398	4415	
4415	1398	
1047	3138	
3138	1047	
3291	3965	
3965	3291	
1096	4482	
4482	1096	
189	2738	
2738	189	
2264	3488	
3488	2264	
261	4478	
4478	261	
2351	3807	
3807	2351	
1090	4242	
4242	1090	
2092	3016	
3016	2092	
195	3203	
3203	195	
299	4365	
4365	299	
2254	4584	
4584	2254	
286	4042	
4042	286	
2507	3568	
3568	2507	
927	3666	
3666	927	
1645	2317	
2317	1645	
918	1519	
1519	918	
2064	4074	
4074	2064	
3055	3603	
3603	3055	
248	1602	
1602	248	
356	1315	
1315	356	
2276	2379	
2379	2276	
974	4012	
4012	974	
795	2890	
2890	795	
1924	1973	
1973	1924	
806	1149	
1149	806	
634	2915	
2915	634	
577	3972	
3972	577	
2536	4500	
4500	2536	
258	724	
724	258	
198	541	
541	198	
1741	4289	
4289	1741	
31	860	
860	31	
1168	4531	
4531	1168	
332	4296	
4296	332	
326	4446	
4446	326	
1264	2121	
2121	1264	
192	3311	
3311	192	
3187	4461	
4461	3187	
1962	4381	
4381	1962	
2474	4526	
4526	2474	
35	1608	
1608	35	
2184	2640	
2640	2184	
25	2603	
2603	25	
2358	3371	
3371	2358	
1908	4416	
4416	1908	
985	1399	
1399	985	
2484	2955	
2955	2484	
1837	2824	
2824	1837	
1168	3987	
3987	1168	
1288	3904	
3904	1288	
315	2051	
2051	315	
1248	3234	
3234	1248	
2396	4522	
4522	2396	
511	1259	
1259	511	
2944	3721	
3721	2944	
1103	2438	
2438	1103	
4468	4841	
4841	4468	
1234	1864	
1864	1234	
1834	4470	
4470	1834	
2078	2517	
2517	2078	
1646	4149	
4149	1646	
3921	4199	
4199	3921	
4674	4706	
4706	4674	
2494	3409	
3409	2494	
1307	4666	
4666	1307	
151	1725	
1725	151	
432	3934	
3934	432	
322	2798	
2798	322	
1075	4430	
4430	1075	
3238	3790	
3790	3238	
475	4532	
4532	475	
1847	4542	
4542	1847	
424	4709	
4709	424	
1152	3658	
3658	1152	
3332	4293	
4293	3332	
2267	3911	
3911	2267	
512	4307	
4307	512	
525	2360	
2360	525	
818	2857	
2857	818	
1302	3201	
3201	1302	
2464	3571	
3571	2464	
1932	3558	
3558	1932	
420	4113	
4113	420	
1344	1356	
1356	1344	
3083	3291	
3291	3083	
901	2264	
2264	901	
2879	3647	
3647	2879	
1530	3831	
3831	1530	
462	4574	
4574	462	
2429	4252	
4252	2429	
1853	4459	
4459	1853	
1304	3177	
3177	1304	
2722	4091	
4091	2722	
3835	4748	
4748	3835	
2620	4031	
4031	2620	
1252	1713	
1713	1252	
3725	3955	
3955	3725	
4625	4636	
4636	4625	
3410	3624	
3624	3410	
495	4329	
4329	495	
2000	2347	
2347	2000	
2201	3562	
3562	2201	
2958	3356	
3356	2958	
806	3818	
3818	806	
2118	2269	
2269	2118	
722	4841	
4841	722	
3016	4146	
4146	3016	
2259	4306	
4306	2259	
316	4495	
4495	316	
3257	4794	
4794	3257	
190	4907	
4907	190	
535	2070	
2070	535	
1915	4184	
4184	1915	
1984	3168	
3168	1984	
2437	3569	
3569	2437	
838	3442	
3442	838	
264	2436	
2436	264	
131	148	
148	131	
4456	4516	
4516	4456	
238	3157	
3157	238	
518	1014	
1014	518	
2627	4797	
4797	2627	
48	3675	
3675	48	
98	2294	
2294	98	
985	2166	
2166	985	
529	4387	
4387	529	
536	4073	
4073	536	
1100	4837	
4837	1100	
429	3707	
3707	429	
1628	3156	
3156	1628	
1933	2963	
2963	1933	
3084	4126	
4126	3084	
330	2524	
2524	330	
1308	4362	
4362	1308	
422	1514	
1514	422	
2673	3082	
3082	2673	
1537	3301	
3301	1537	
1815	2693	
2693	1815	
1688	2047	
2047	1688	
2363	4261	
4261	2363	
2635	2676	
2676	2635	
781	3252	
3252	781	
119	4342	
4342	119	
1107	2758	
2758	1107	
917	3184	
3184	917	
659	3618	
3618	659	
2948	4494	
4494	2948	
892	3136	
3136	892	
837	4575	
4575	837	
4795	4854	
4854	4795	
1892	4327	
4327	1892	
2006	4552	
4552	2006	
751	2803	
2803	751	
228	2103	
2103	228	
2385	3459	
3459	2385	
945	4371	
4371	945	
739	1334	
1334	739	
2695	2913	
2913	2695	
199	4419	
4419	199	
1924	3131	
3131	1924	
3677	3828	
3828	3677	
3485	4512	
4512	3485	
1248	1459	
1459	1248	
481	3795	
3795	481	
2030	4751	
4751	2030	
2210	2616	
2616	2210	
254	981	
981	254	
378	2161	
2161	378	
175	4844	
4844	175	
1101	2107	
2107	1101	
380	2433	
2433	380	
1487	4789	
4789	1487	
2005	2919	
2919	2005	
1216	3685	
3685	1216	
661	1348	
1348	661	
1016	2378	
2378	1016	
1017	3233	
3233	1017	
3339	3565	
3565	3339	
553	1299	
1299	553	
553	1656	
1656	553	
70	2665	
2665	70	
2365	3852	
3852	2365	
2512	4135	
4135	2512	
14	1593	
1593	14	
1130	2248	
2248	1130	
103	4014	
4014	103	
1224	2546	
2546	1224	
1865	4293	
4293	1865	
3695	4284	
4284	3695	
2575	4453	
4453	2575	
561	3737	
3737	561	
3258	4604	
4604	3258	
53	1269	
1269	53	
1176	4844	
4844	1176	
2573	2801	
2801	2573	
374	3749	
3749	374	
4437	4780	
4780	4437	
2066	3398	
3398	2066	
1623	4214	
4214	1623	
585	2110	
2110	585	
804	3072	
3072	804	
359	1208	
1208	359	
1762	4713	
4713	1762	
675	4502	
4502	675	
633	3856	
3856	633	
1303	2642	
2642	1303	
998	2087	
2087	998	
1195	3734	
3734	1195	
311	2725	
2725	311	
3676	4040	
4040	3676	
864	4372	
4372	864	
3475	4102	
4102	3475	
1192	2159	
2159	1192	
806	2074	
2074	806	
1265	3246	
3246	1265	
574	2983	
2983	574	
1654	4645	
4645	1654	
2867	3030	
3030	2867	
718	984	
984	718	
2635	3208	
3208	2635	
3789	4400	
4400	3789	
2559	4428	
4428	2559	
868	4012	
4012	868	
872	1708	
1708	872	
2780	4079	
4079	2780	
2671	3314	
3314	2671	
2521	2694	
2694	2521	
3072	4367	
4367	3072	
2275	2465	
2465	2275	
1852	1997	
1997	1852	
2187	3433	
3433	2187	
906	1130	
1130	906	
3363	3748	
3748	3363	
178	3562	
3562	178	
2346	2361	
2361	2346	
1978	4362	
4362	1978	
2828	4206	
4206	2828	
926	3937	
3937	926	
2656	3392	
3392	2656	
3501	3683	
3683	3501	
3784	3939	
3939	3784	
3576	4743	
4743	3576	
1394	1667	
1667	1394	
1438	3956	
3956	1438	
1578	1618	
1618	1578	
2510	2955	
2955	2510	
652	3265	
3265	652	
2003	3678	
3678	2003	
2475	4633	
4633	2475	
1434	2183	
2183	1434	
399	1236	
1236	399	
374	882	
882	374	
3365	4573	
4573	3365	
2399	4161	
4161	2399	
3155	4027	
4027	3155	
1528	4496	
4496	1528	
2781	4583	
4583	2781	
722	2846	
2846	722	
404	1778	
1778	404	
309	990	
990	309	
1364	4013	
4013	1364	
1322	2458	
2458	1322	
1441	3381	
3381	1441	
1332	4019	
4019	1332	
1649	3422	
3422	1649	
1678	4341	
4341	1678	
3254	3702	
3702	3254	
941	3190	
3190	941	
308	2775	
2775	308	
2037	4541	
4541	2037	
2930	3462	
3462	2930	
1257	2081	
2081	1257	
1345	3736	
3736	1345	
1583	4706	
4706	1583	
1215	3278	
3278	1215	
426	2384	
2384	426	
2704	3733	
3733	2704	
1912	1980	
1980	1912	
4434	4735	
4735	4434	
70	1269	
1269	70	
814	3047	
3047	814	
1039	2474	
2474	1039	
300	2856	
2856	300	
1254	3309	
3309	1254	
1231	3042	
3042	1231	
1443	1754	
1754	1443	
2867	4623	
4623	2867	
2026	4724	
4724	2026	
1294	4755	
4755	1294	
795	840	
840	795	
3408	4594	
4594	3408	
578	3093	
3093	578	
2095	3122	
3122	2095	
4115	4177	
4177	4115	
1235	3271	
3271	1235	
3768	4917	
4917	3768	
1954	3206	
3206	1954	
1122	1581	
1581	1122	
1487	2003	
2003	1487	
2246	4522	
4522	2246	
864	2660	
2660	864	
2161	3150	
3150	2161	
630	1549	
1549	630	
1803	4298	
4298	1803	
365	2295	
2295	365	
1902	3501	
3501	1902	
649	2251	
2251	649	
84	4651	
4651	84	
720	3612	
3612	720	
517	3565	
3565	517	
803	4101	
4101	803	
2897	4241	
4241	2897	
1138	2633	
2633	1138	
2146	4932	
4932	2146	
3591	4093	
4093	3591	
3401	3660	
3660	3401	
562	2557	
2557	562	
1290	4786	
4786	1290	
1192	1367	
1367	1192	
1424	3964	
3964	1424	
692	1617	
1617	692	
1408	4105	
4105	1408	
410	2425	
2425	410	
3013	3351	
3351	3013	
501	3830	
3830	501	
1298	3026	
3026	1298	
3577	4128	
4128	3577	
673	3784	
3784	673	
600	3684	
3684	600	
1043	2820	
2820	1043	
1209	2326	
2326	1209	
1249	2636	
2636	1249	
2883	2968	
2968	2883	
581	1341	
1341	581	
1363	3454	
3454	1363	
4299	4484	
4484	4299	
543	4822	
4822	543	
3208	3595	
3595	3208	
3257	4144	
4144	3257	
256	875	
875	256	
311	3693	
3693	311	
1613	2487	
2487	1613	
899	1149	
1149	899	
3065	4189	
4189	3065	
2283	4883	
4883	2283	
2533	4890	
4890	2533	
769	3405	
3405	769	
830	1877	
1877	830	
113	3894	
3894	113	
671	4609	
4609	671	
583	2677	
2677	583	
961	4408	
4408	961	
80	1995	
1995	80	
1958	4618	
4618	1958	
2111	2386	
2386	2111	
1413	1501	
1501	1413	
75	3812	
3812	75	
1264	4300	
4300	1264	
650	1984	
1984	650	
3162	4692	
4692	3162	
943	1748	
1748	943	
592	3387	
3387	592	
843	2691	
2691	843	
917	3467	
3467	917	
1021	3930	
3930	1021	
4081	4312	
4312	4081	
1622	2374	
2374	1622	
371	4640	
4640	371	
3995	4498	
4498	3995	
1031	4255	
4255	1031	
2796	3108	
3108	2796	
3017	3153	
3153	3017	
3243	4857	
4857	3243	
241	2937	
2937	241	
659	4937	
4937	659	
2069	4843	
4843	2069	
408	3678	
3678	408	
3540	3776	
3776	3540	
124	1324	
1324	124	
487	2558	
2558	487	
2081	2789	
2789	2081	
836	4436	
4436	836	
1708	3258	
3258	1708	
187	4265	
4265	187	
2760	2931	
2931	2760	
3811	4393	
4393	3811	
59	2929	
2929	59	
250	3318	
3318	250	
2723	4718	
4718	2723	
656	2974	
2974	656	
1026	3619	
3619	1026	
109	413	
413	109	
3708	4543	
4543	3708	
2954	3126	
3126	2954	
2470	3728	
3728	2470	
1302	2379	
2379	1302	
37	3752	
3752	37	
3823	4678	
4678	3823	
499	3399	
3399	499	
2169	4656	
4656	2169	
3498	4486	
4486	3498	
3083	3106	
3106	3083	
660	3545	
3545	660	
1932	3974	
3974	1932	
1	87	
87	1	
445	1900	
1900	445	
1030	3452	
3452	1030	
1459	4725	
4725	1459	
3341	3557	
3557	3341	
1324	4681	
4681	1324	
4033	4820	
4820	4033	
3120	4547	
4547	3120	
206	4869	
4869	206	
182	1580	
1580	182	
162	2030	
2030	162	
2700	4054	
4054	2700	
1018	2690	
2690	1018	
2670	3582	
3582	2670	
373	3880	
3880	373	
76	3103	
3103	76	
2822	3929	
3929	2822	
2403	4367	
4367	2403	
3588	3685	
3685	3588	
1628	3798	
3798	1628	
2863	4021	
4021	2863	
4132	4384	
4384	4132	
561	594	
594	561	
1337	4708	
4708	1337	
873	1891	
1891	873	
4501	4608	
4608	4501	
2843	2970	
2970	2843	
1484	4623	
4623	1484	
2397	2648	
2648	2397	
543	3219	
3219	543	
1374	3780	
3780	1374	
2287	3259	
3259	2287	
3519	4258	
4258	3519	
1823	4701	
4701	1823	
351	2346	
2346	351	
1454	3087	
3087	1454	
1602	2837	
2837	1602	
0	3294	
3294	0	
2691	3794	
3794	2691	
138	3863	
3863	138	
487	3203	
3203	487	
33	4103	
4103	33	
1853	4322	
4322	1853	
3238	4910	
4910	3238	
3157	4923	
4923	3157	
1073	2884	
2884	1073	
212	4581	
4581	212	
2363	3113	
3113	2363	
1219	4511	
4511	1219	
1072	4238	
4238	1072	
1332	1712	
1712	1332	
3120	4285	
4285	3120	
1864	3100	
3100	1864	
2830	4345	
4345	2830	
154	4792	
4792	154	
1879	2829	
2829	1879	
538	2812	
2812	538	
764	1685	
1685	764	
1990	4620	
4620	1990	
3344	4746	
4746	3344	
1256	1674	
1674	1256	
1050	1585	
1585	1050	
982	2127	
2127	982	
845	2870	
2870	845	
1940	3759	
3759	1940	
71	923	
923	71	
3405	3683	
3683	3405	
711	3286	
3286	711	
2290	4148	
4148	2290	
1318	3934	
3934	1318	
1817	3485	
3485	1817	
1084	1178	
1178	1084	
71	3815	
3815	71	
4543	4723	
4723	4543	
146	2052	
2052	146	
1506	2489	
2489	1506	
359	3865	
3865	359	
1401	3878	
3878	1401	
191	1644	
1644	191	
3909	4792	
4792	3909	
930	2568	
2568	930	
2443	3113	
3113	2443	
1838	4549	
4549	1838	
2059	2203	
2203	2059	
731	1187	
1187	731	
1170	2935	
2935	1170	
3977	4172	
4172	3977	
1401	2612	
2612	1401	
2853	3644	
3644	2853	
123	4680	
4680	123	
766	3848	
3848	766	
212	2727	
2727	212	
2824	3866	
3866	2824	
1579	2609	
2609	1579	
1568	3789	
3789	1568	
3443	3758	
3758	3443	
213	1266	
1266	213	
523	4310	
4310	523	
1268	1894	
1894	1268	
1034	1135	
1135	1034	
2	3534	
3534	2	
397	2659	
2659	397	
377	4700	
4700	377	
3743	4101	
4101	3743	
156	873	
873	156	
357	2777	
2777	357	
4037	4544	
4544	4037	
1467	2277	
2277	1467	
716	4255	
4255	716	
4852	4876	
4876	4852	
1795	3565	
3565	1795	
2814	3560	
3560	2814	
516	3630	
3630	516	
2318	3711	
3711	2318	
903	3699	
3699	903	
2958	3285	
3285	2958	
1423	1872	
1872	1423	
3080	3871	
3871	3080	
1187	1886	
1886	1187	
1623	3197	
3197	1623	
1688	4183	
4183	1688	
1448	2683	
2683	1448	
1865	3428	
3428	1865	
2921	4658	
4658	2921	
223	3387	
3387	223	
1634	4525	
4525	1634	
180	1937	
1937	180	
1185	2497	
2497	1185	
2698	4933	
4933	2698	
1061	2398	
2398	1061	
2105	4540	
4540	2105	
2930	4478	
4478	2930	
1282	3929	
3929	1282	
2861	3275	
3275	2861	
876	2135	
2135	876	
380	504	
504	380	
359	3777	
3777	359	
884	3145	
3145	884	
226	4254	
4254	226	
1570	3371	
3371	1570	
824	2486	
2486	824	
1963	4603	
4603	1963	
40	2626	
2626	40	
2199	3226	
3226	2199	
2314	4858	
4858	2314	
3047	3261	
3261	3047	
3386	3472	
3472	3386	
789	2066	
2066	789	
1541	3576	
3576	1541	
1758	3194	
3194	1758	
561	3425	
3425	561	
41	3618	
3618	41	
2142	4934	
4934	2142	
2316	4231	
4231	2316	
1504	4602	
4602	1504	
2297	3536	
3536	2297	
610	1906	
1906	610	
1963	2606	
2606	1963	
1078	3938	
3938	1078	
2488	4880	
4880	2488	
2834	3702	
3702	2834	
1510	4787	
4787	1510	
4	48	
48	4	
2260	3254	
3254	2260	
258	1174	
1174	258	
2533	3349	
3349	2533	
459	2128	
2128	459	
484	2116	
2116	484	
1797	4900	
4900	1797	
324	1651	
1651	324	
957	3894	
3894	957	
833	3751	
3751	833	
3230	3729	
3729	3230	
1683	3370	
3370	1683	
1438	1925	
1925	1438	
3341	3956	
3956	3341	
1186	2763	
2763	1186	
565	1269	
1269	565	
204	745	
745	204	
633	1518	
1518	633	
3113	3705	
3705	3113	
1261	3723	
3723	1261	
2821	3426	
3426	2821	
3442	4873	
4873	3442	
871	1972	
1972	871	
281	3975	
3975	281	
3788	4100	
4100	3788	
464	2319	
2319	464	
3819	4298	
4298	3819	
613	1779	
1779	613	
3041	4201	
4201	3041	
1227	4372	
4372	1227	
3047	3463	
3463	3047	
2842	4034	
4034	2842	
3268	3595	
3595	3268	
3320	3988	
3988	3320	
1412	3850	
3850	1412	
53	565	
565	53	
421	4412	
4412	421	
3178	3797	
3797	3178	
3412	4438	
4438	3412	
1658	3393	
3393	1658	
1953	4869	
4869	1953	
857	2082	
2082	857	
2373	3519	
3519	2373	
1507	2669	
2669	1507	
2672	2953	
2953	2672	
2257	2594	
2594	2257	
3045	4467	
4467	3045	
4190	4376	
4376	4190	
3800	4867	
4867	3800	
970	1021	
1021	970	
1044	3928	
3928	1044	
2503	3012	
3012	2503	
1224	1956	
1956	1224	
474	1815	
1815	474	
2551	4215	
4215	2551	
472	3501	
3501	472	
1144	1810	
1810	1144	
4035	4800	
4800	4035	
2896	4574	
4574	2896	
795	2416	
2416	795	
984	3474	
3474	984	
2014	2713	
2713	2014	
3790	4071	
4071	3790	
2666	4455	
4455	2666	
571	3563	
3563	571	
353	4075	
4075	353	
855	4089	
4089	855	
1557	1596	
1596	1557	
521	2284	
2284	521	
1401	4165	
4165	1401	
688	1305	
1305	688	
2328	2633	
2633	2328	
4165	4319	
4319	4165	
152	2309	
2309	152	
2031	2916	
2916	2031	
410	4336	
4336	410	
185	3663	
3663	185	
438	4158	
4158	438	
577	1382	
1382	577	
383	695	
695	383	
592	2094	
2094	592	
1603	2531	
2531	1603	
1885	3323	
3323	1885	
3412	4258	
4258	3412	
769	2117	
2117	769	
1620	2643	
2643	1620	
1978	3895	
3895	1978	
3606	4180	
4180	3606	
384	1223	
1223	384	
835	2166	
2166	835	
2711	3635	
3635	2711	
1462	4463	
4463	1462	
666	3813	
3813	666	
718	1774	
1774	718	
4203	4879	
4879	4203	
79	2161	
2161	79	
706	2327	
2327	706	
2555	3083	
3083	2555	
3226	3382	
3382	3226	
1800	3671	
3671	1800	
2469	4700	
4700	2469	
1533	2173	
2173	1533	
2780	3122	
3122	2780	
2397	2548	
2548	2397	
622	3369	
3369	622	
3567	4133	
4133	3567	
186	2249	
2249	186	
2071	4266	
4266	2071	
3380	4605	
4605	3380	
1306	4199	
4199	1306	
2528	4128	
4128	2528	
912	1827	
1827	912	
715	4775	
4775	715	
219	2254	
2254	219	
3551	4694	
4694	3551	
1273	4671	
4671	1273	
2234	4141	
4141	2234	
2849	4346	
4346	2849	
244	408	
408	244	
1585	1989	
1989	1585	
1975	4224	
4224	1975	
492	4011	
4011	492	
3392	3796	
3796	3392	
57	1024	
1024	57	
2176	2403	
2403	2176	
333	3912	
3912	333	
1763	3853	
3853	1763	
1536	2615	
2615	1536	
135	2309	
2309	135	
907	4499	
4499	907	
3154	3823	
3823	3154	
1588	4935	
4935	1588	
3119	3861	
3861	3119	
652	3044	
3044	652	
302	2659	
2659	302	
2163	4250	
4250	2163	
1261	2239	
2239	1261	
1152	4138	
4138	1152	
2390	3285	
3285	2390	
47	2341	
2341	47	
1285	3612	
3612	1285	
2052	4032	
4032	2052	
3003	3960	
3960	3003	
3162	4903	
4903	3162	
1488	2083	
2083	1488	
184	869	
869	184	
2003	3489	
3489	2003	
1558	3731	
3731	1558	
983	3678	
3678	983	
2967	4746	
4746	2967	
244	3296	
3296	244	
687	2684	
2684	687	
3697	4580	
4580	3697	
692	4688	
4688	692	
47	387	
387	47	
874	1433	
1433	874	
533	1947	
1947	533	
2249	4464	
4464	2249	
2453	3942	
3942	2453	
3296	3753	
3753	3296	
72	1411	
1411	72	
935	2257	
2257	935	
1484	4617	
4617	1484	
3589	4322	
4322	3589	
1308	3209	
3209	1308	
2880	3502	
3502	2880	
1254	2402	
2402	1254	
2147	3065	
3065	2147	
59	3997	
3997	59	
184	737	
737	184	
1833	2729	
2729	1833	
4327	4489	
4489	4327	
2050	2977	
2977	2050	
1857	4414	
4414	1857	
2994	3683	
3683	2994	
1569	4375	
4375	1569	
234	4673	
4673	234	
2278	2523	
2523	2278	
1698	2735	
2735	1698	
2388	3029	
3029	2388	
1312	2584	
2584	1312	
1557	3964	
3964	1557	
190	2015	
2015	190	
4741	4825	
4825	4741	
738	4576	
4576	738	
948	4807	
4807	948	
1788	3411	
3411	1788	
2193	4458	
4458	2193	
1674	2137	
2137	1674	
3254	3895	
3895	3254	
854	2094	
2094	854	
428	613	
613	428	
726	1465	
1465	726	
492	1084	
1084	492	
1910	4805	
4805	1910	
883	2884	
2884	883	
879	2996	
2996	879	
2332	4406	
4406	2332	
5	2704	
2704	5	
3445	4723	
4723	3445	
1058	1412	
1412	1058	
2305	4076	
4076	2305	
3462	3772	
3772	3462	
1550	2857	
2857	1550	
4810	4889	
4889	4810	
2092	3720	
3720	2092	
4	4318	
4318	4	
484	3978	
3978	484	
1876	4104	
4104	1876	
2047	2455	
2455	2047	
2033	3344	
3344	2033	
1578	4080	
4080	1578	
3401	4831	
4831	3401	
398	3599	
3599	398	
222	408	
408	222	
4015	4428	
4428	4015	
140	2469	
2469	140	
1351	2092	
2092	1351	
348	3631	
3631	348	
352	4635	
4635	352	
633	2774	
2774	633	
2328	2607	
2607	2328	
2248	2792	
2792	2248	
1012	2275	
2275	1012	
2389	3912	
3912	2389	
3935	4324	
4324	3935	
210	1250	
1250	210	
1139	3826	
3826	1139	
1187	2337	
2337	1187	
552	743	
743	552	
2035	4904	
4904	2035	
3679	4649	
4649	3679	
47	2773	
2773	47	
179	758	
758	179	
633	4628	
4628	633	
1650	2167	
2167	1650	
799	1167	
1167	799	
341	4609	
4609	341	
2097	2576	
2576	2097	
1031	4324	
4324	1031	
2439	4738	
4738	2439	
227	1568	
1568	227	
42	907	
907	42	
3088	3881	
3881	3088	
1170	1601	
1601	1170	
309	1211	
1211	309	
4011	4815	
4815	4011	
1073	1981	
1981	1073	
3362	4096	
4096	3362	
2716	2949	
2949	2716	
344	4785	
4785	344	
3108	4045	
4045	3108	
667	2546	
2546	667	
1068	1339	
1339	1068	
1969	3671	
3671	1969	
2860	4273	
4273	2860	
806	2348	
2348	806	
1357	2469	
2469	1357	
1689	4586	
4586	1689	
695	2335	
2335	695	
1289	3924	
3924	1289	
517	644	
644	517	
2320	4358	
4358	2320	
914	1490	
1490	914	
1767	3183	
3183	1767	
895	3264	
3264	895	
66	1853	
1853	66	
4507	4883	
4883	4507	
1593	4270	
4270	1593	
2189	3421	
3421	2189	
1996	2840	
2840	1996	
1273	3151	
3151	1273	
3886	4297	
4297	3886	
3810	4704	
4704	3810	
1711	3086	
3086	1711	
1516	3529	
3529	1516	
2694	4854	
4854	2694	
857	4124	
4124	857	
3294	4711	
4711	3294	
1672	4388	
4388	1672	
1878	3186	
3186	1878	
954	2683	
2683	954	
3486	4154	
4154	3486	
2326	2425	
2425	2326	
814	3652	
3652	814	
1863	4675	
4675	1863	
2210	3499	
3499	2210	
2196	3104	
3104	2196	
874	1812	
1812	874	
2207	3207	
3207	2207	
3972	4637	
4637	3972	
2464	3918	
3918	2464	
1517	2904	
2904	1517	
1183	3849	
3849	1183	
2065	4438	
4438	2065	
758	789	
789	758	
407	4678	
4678	407	
435	3632	
3632	435	
1638	2604	
2604	1638	
1781	4516	
4516	1781	
1066	1806	
1806	1066	
3106	3484	
3484	3106	
888	1458	
1458	888	
3049	4608	
4608	3049	
1775	3001	
3001	1775	
2447	3326	
3326	2447	
45	1831	
1831	45	
1529	4247	
4247	1529	
2041	2890	
2890	2041	
638	2652	
2652	638	
2724	3721	
3721	2724	
2578	3750	
3750	2578	
868	4343	
4343	868	
538	2405	
2405	538	
2025	3888	
3888	2025	
3189	3334	
3334	3189	
608	3100	
3100	608	
2498	3806	
3806	2498	
645	1700	
1700	645	
451	533	
533	451	
1296	3964	
3964	1296	
2069	4548	
4548	2069	
297	1872	
1872	297	
380	2920	
2920	380	
1090	2262	
2262	1090	
1351	1364	
1364	1351	
362	1200	
1200	362	
1088	3410	
3410	1088	
6	1983	
1983	6	
2348	2492	
2492	2348	
2013	3314	
3314	2013	
203	293	
293	203	
1882	4506	
4506	1882	
1941	1998	
1998	1941	
2613	3717	
3717	2613	
3758	4742	
4742	3758	
2731	4338	
4338	2731	
336	425	
425	336	
1560	4576	
4576	1560	
3338	3884	
3884	3338	
1015	4469	
4469	1015	
3233	3980	
3980	3233	
2511	4471	
4471	2511	
2394	4887	
4887	2394	
4864	4892	
4892	4864	
440	630	
630	440	
1783	4218	
4218	1783	
1922	3651	
3651	1922	
177	3434	
3434	177	
3822	4435	
4435	3822	
2399	3755	
3755	2399	
2478	3302	
3302	2478	
3611	3652	
3652	3611	
1332	4913	
4913	1332	
1805	3158	
3158	1805	
3189	3894	
3894	3189	
118	4368	
4368	118	
1644	3193	
3193	1644	
1846	3129	
3129	1846	
2284	4081	
4081	2284	
406	909	
909	406	
1615	1752	
1752	1615	
4019	4845	
4845	4019	
1095	2596	
2596	1095	
635	2679	
2679	635	
2391	3574	
3574	2391	
2424	2479	
2479	2424	
3801	3844	
3844	3801	
2388	2883	
2883	2388	
955	2927	
2927	955	
1259	2449	
2449	1259	
2836	3945	
3945	2836	
1931	4045	
4045	1931	
1873	3472	
3472	1873	
149	4176	
4176	149	
2055	2505	
2505	2055	
2702	2951	
2951	2702	
2141	3682	
3682	2141	
3222	3412	
3412	3222	
644	4052	
4052	644	
64	4340	
4340	64	
4660	4755	
4755	4660	
1724	3431	
3431	1724	
222	2239	
2239	222	
70	4259	
4259	70	
1688	2817	
2817	1688	
427	566	
566	427	
2058	2128	
2128	2058	
3695	4270	
4270	3695	
2356	3302	
3302	2356	
2501	3877	
3877	2501	
3418	3999	
3999	3418	
180	3087	
3087	180	
1385	4533	
4533	1385	
362	4255	
4255	362	
3828	4908	
4908	3828	
912	2654	
2654	912	
1409	3999	
3999	1409	
3003	3070	
3070	3003	
3166	3255	
3255	3166	
1603	3072	
3072	1603	
3304	4916	
4916	3304	
2469	4474	
4474	2469	
1382	2779	
2779	1382	
1654	1682	
1682	1654	
115	1531	
1531	115	
2726	2937	
2937	2726	
754	2685	
2685	754	
190	4055	
4055	190	
286	570	
570	286	
21	285	
285	21	
677	2255	
2255	677	
300	1167	
1167	300	
3103	4612	
4612	3103	
1062	1160	
1160	1062	
641	4388	
4388	641	
1689	2810	
2810	1689	
3395	3779	
3779	3395	
919	2476	
2476	919	
2405	3857	
3857	2405	
721	3365	
3365	721	
2797	3559	
3559	2797	
1463	2922	
2922	1463	
833	2865	
2865	833	
2899	4349	
4349	2899	
576	4773	
4773	576	
1380	2931	
2931	1380	
2244	2827	
2827	2244	
2919	4449	
4449	2919	
2337	4874	
4874	2337	
2822	4185	
4185	2822	
1059	4293	
4293	1059	
3281	4612	
4612	3281	
2582	4253	
4253	2582	
1279	2199	
2199	1279	
208	1358	
1358	208	
1032	3599	
3599	1032	
4004	4189	
4189	4004	
3009	4671	
4671	3009	
1390	2358	
2358	1390	
1725	2485	
2485	1725	
793	4106	
4106	793	
4243	4758	
4758	4243	
3417	4366	
4366	3417	
1500	3361	
3361	1500	
1013	3610	
3610	1013	
10	930	
930	10	
2119	2209	
2209	2119	
207	3588	
3588	207	
2192	3304	
3304	2192	
3133	3894	
3894	3133	
3181	4168	
4168	3181	
3619	4398	
4398	3619	
2010	4717	
4717	2010	
550	3254	
3254	550	
2285	2923	
2923	2285	
1293	4267	
4267	1293	
1053	3852	
3852	1053	
1674	2834	
2834	1674	
3183	3634	
3634	3183	
419	2718	
2718	419	
3187	4837	
4837	3187	
3490	3715	
3715	3490	
1303	1522	
1522	1303	
2805	4465	
4465	2805	
4460	4560	
4560	4460	
3165	4733	
4733	3165	
164	806	
806	164	
2040	4701	
4701	2040	
283	1607	
1607	283	
45	1253	
1253	45	
1110	2522	
2522	1110	
485	654	
654	485	
3265	4290	
4290	3265	
1796	4832	
4832	1796	
167	1247	
1247	167	
1443	2393	
2393	1443	
1540	1584	
1584	1540	
1432	3864	
3864	1432	
1434	1850	
1850	1434	
1326	4708	
4708	1326	
464	1879	
1879	464	
3124	3414	
3414	3124	
2635	3070	
3070	2635	
2198	2895	
2895	2198	
1792	1914	
1914	1792	
1683	1795	
1795	1683	
373	3603	
3603	373	
923	3441	
3441	923	
549	4204	
4204	549	
1008	3426	
3426	1008	
1747	2394	
2394	1747	
83	367	
367	83	
1483	1565	
1565	1483	
4236	4521	
4521	4236	
2104	4733	
4733	2104	
477	1753	
1753	477	
2423	2666	
2666	2423	
269	2375	
2375	269	
1853	3951	
3951	1853	
1471	4620	
4620	1471	
670	2751	
2751	670	
2193	2870	
2870	2193	
1782	1834	
1834	1782	
260	1863	
1863	260	
3213	3238	
3238	3213	
30	4514	
4514	30	
523	1126	
1126	523	
4032	4864	
4864	4032	
1054	3348	
3348	1054	
912	2450	
2450	912	
2688	3401	
3401	2688	
3346	4340	
4340	3346	
210	2788	
2788	210	
1797	4725	
4725	1797	
2500	3184	
3184	2500	
1080	3424	
3424	1080	
279	2635	
2635	279	
294	3012	
3012	294	
2612	2712	
2712	2612	
57	535	
535	57	
1647	4760	
4760	1647	
4405	4650	
4650	4405	
1701	4389	
4389	1701	
4388	4577	
4577	4388	
3568	4234	
4234	3568	
31	4046	
4046	31	
2296	3771	
3771	2296	
2748	3307	
3307	2748	
26	2488	
2488	26	
849	3865	
3865	849	
1390	4564	
4564	1390	
597	2011	
2011	597	
2487	3452	
3452	2487	
1184	4059	
4059	1184	
2624	3257	
3257	2624	
450	1775	
1775	450	
1015	1558	
1558	1015	
514	4233	
4233	514	
610	2047	
2047	610	
833	2233	
2233	833	
489	1391	
1391	489	
3361	4072	
4072	3361	
1284	2356	
2356	1284	
2362	3392	
3392	2362	
76	2387	
2387	76	
481	1046	
1046	481	
3065	4173	
4173	3065	
1357	1432	
1432	1357	
1447	3148	
3148	1447	
1099	1611	
1611	1099	
2413	3664	
3664	2413	
628	2008	
2008	628	
1409	3595	
3595	1409	
3694	4030	
4030	3694	
1427	2009	
2009	1427	
547	3874	
3874	547	
2881	3233	
3233	2881	
1680	4602	
4602	1680	
1420	4552	
4552	1420	
899	4112	
4112	899	
2633	3093	
3093	2633	
3328	4187	
4187	3328	
1566	4234	
4234	1566	
3939	4875	
4875	3939	
2052	4128	
4128	2052	
4545	4881	
4881	4545	
3406	4181	
4181	3406	
222	2102	
2102	222	
3494	3889	
3889	3494	
2582	4504	
4504	2582	
2323	3829	
3829	2323	
760	4786	
4786	760	
875	3457	
3457	875	
2138	2166	
2166	2138	
736	1376	
1376	736	
1840	4557	
4557	1840	
1489	2137	
2137	1489	
1226	4014	
4014	1226	
548	1468	
1468	548	
1784	4511	
4511	1784	
454	3805	
3805	454	
2270	3710	
3710	2270	
2001	3878	
3878	2001	
101	3476	
3476	101	
1239	4020	
4020	1239	
1816	4564	
4564	1816	
1704	4843	
4843	1704	
882	3718	
3718	882	
1693	3836	
3836	1693	
2663	3100	
3100	2663	
256	4316	
4316	256	
912	3897	
3897	912	
680	1217	
1217	680	
1476	4562	
4562	1476	
727	2219	
2219	727	
1905	2720	
2720	1905	
3236	4116	
4116	3236	
6	3683	
3683	6	
182	1205	
1205	182	
2182	2852	
2852	2182	
294	2362	
2362	294	
313	462	
462	313	
1652	4269	
4269	1652	
52	1299	
1299	52	
1407	1898	
1898	1407	
4091	4771	
4771	4091	
2327	3957	
3957	2327	
3866	4113	
4113	3866	
1547	4495	
4495	1547	
243	3927	
3927	243	
2935	4805	
4805	2935	
929	4748	
4748	929	
462	644	
644	462	
26	2959	
2959	26	
3386	3921	
3921	3386	
1388	2455	
2455	1388	
1788	3288	
3288	1788	
121	4670	
4670	121	
5	2466	
2466	5	
1925	2013	
2013	1925	
1472	4376	
4376	1472	
3166	3523	
3523	3166	
739	1811	
1811	739	
1171	4673	
4673	1171	
2381	3857	
3857	2381	
662	1272	
1272	662	
402	3835	
3835	402	
1672	3136	
3136	1672	
2839	4483	
4483	2839	
1820	2927	
2927	1820	
1800	1895	
1895	1800	
3068	4027	
4027	3068	
1553	4673	
4673	1553	
431	754	
754	431	
2314	3424	
3424	2314	
449	1593	
1593	449	
2047	3541	
3541	2047	
182	1487	
1487	182	
67	4258	
4258	67	
1335	3854	
3854	1335	
3579	4850	
4850	3579	
2584	3115	
3115	2584	
184	4496	
4496	184	
2189	4850	
4850	2189	
2374	4236	
4236	2374	
2790	4850	
4850	2790	
1383	4030	
4030	1383	
2535	3115	
3115	2535	
86	573	
573	86	
274	1890	
1890	274	
2501	3733	
3733	2501	
1692	4565	
4565	1692	
1746	4442	
4442	1746	
3829	3934	
3934	3829	
1949	2330	
2330	1949	
2253	4041	
4041	2253	
251	799	
799	251	
3916	4812	
4812	3916	
645	4063	
4063	645	
475	2466	
2466	475	
2358	3416	
3416	2358	
1825	3787	
3787	1825	
71	3666	
3666	71	
2094	4554	
4554	2094	
2686	4794	
4794	2686	
2428	2807	
2807	2428	
1295	3244	
3244	1295	
912	3853	
3853	912	
2178	4589	
4589	2178	
2768	3250	
3250	2768	
249	3014	
3014	249	
1112	4463	
4463	1112	
2454	2686	
2686	2454	
2972	4468	
4468	2972	
3996	4570	
4570	3996	
2604	2693	
2693	2604	
1385	2607	
2607	1385	
2056	2079	
2079	2056	
1452	3255	
3255	1452	
292	1580	
1580	292	
1808	2763	
2763	1808	
926	1794	
1794	926	
1015	1339	
1339	1015	
3435	3829	
3829	3435	
794	3738	
3738	794	
1310	3729	
3729	1310	
1488	4240	
4240	1488	
2227	4423	
4423	2227	
4086	4364	
4364	4086	
779	2861	
2861	779	
3607	4512	
4512	3607	
1175	3396	
3396	1175	
897	2473	
2473	897	
728	1740	
1740	728	
1286	2997	
2997	1286	
3685	4304	
4304	3685	
215	446	
446	215	
1725	3264	
3264	1725	
451	2204	
2204	451	
1626	1684	
1684	1626	
2984	3729	
3729	2984	
912	2540	
2540	912	
2427	3154	
3154	2427	
964	4585	
4585	964	
1410	1834	
1834	1410	
2161	3474	
3474	2161	
3033	3826	
3826	3033	
3662	4077	
4077	3662	
723	2097	
2097	723	
1	2412	
2412	1	
319	956	
956	319	
2619	3134	
3134	2619	
2026	3978	
3978	2026	
1557	4081	
4081	1557	
49	3723	
3723	49	
738	4238	
4238	738	
161	4440	
4440	161	
1020	4525	
4525	1020	
196	2312	
2312	196	
3550	4767	
4767	3550	
1474	3790	
3790	1474	
695	3556	
3556	695	
449	2768	
2768	449	
1172	1248	
1248	1172	
1283	3273	
3273	1283	
42	3653	
3653	42	
3635	3737	
3737	3635	
1088	4045	
4045	1088	
3977	4324	
4324	3977	
320	3151	
3151	320	
1946	3503	
3503	1946	
853	2755	
2755	853	
2413	4283	
4283	2413	
1042	1730	
1730	1042	
1146	1469	
1469	1146	
627	3671	
3671	627	
347	2070	
2070	347	
533	3209	
3209	533	
2632	3350	
3350	2632	
569	2484	
2484	569	
2574	4273	
4273	2574	
1542	4429	
4429	1542	
3193	3345	
3345	3193	
867	4907	
4907	867	
2302	4015	
4015	2302	
2224	2855	
2855	2224	
2042	2549	
2549	2042	
1657	1906	
1906	1657	
2168	2858	
2858	2168	
886	1044	
1044	886	
2636	4277	
4277	2636	
625	804	
804	625	
2853	3589	
3589	2853	
2984	4832	
4832	2984	
3014	3216	
3216	3014	
1080	4241	
4241	1080	
1968	4045	
4045	1968	
1475	1589	
1589	1475	
1803	4884	
4884	1803	
4702	4902	
4902	4702	
1854	2571	
2571	1854	
956	3020	
3020	956	
2914	4459	
4459	2914	
1749	4432	
4432	1749	
697	2250	
2250	697	
1068	4020	
4020	1068	
2640	4601	
4601	2640	
348	4233	
4233	348	
970	2395	
2395	970	
203	3802	
3802	203	
1676	2934	
2934	1676	
4146	4381	
4381	4146	
205	1085	
1085	205	
1525	3920	
3920	1525	
3364	3615	
3615	3364	
1155	2489	
2489	1155	
163	3649	
3649	163	
2328	2957	
2957	2328	
3125	3569	
3569	3125	
2670	3433	
3433	2670	
1205	4015	
4015	1205	
174	2308	
2308	174	
570	1804	
1804	570	
2532	3982	
3982	2532	
250	2256	
2256	250	
1247	3212	
3212	1247	
1167	2730	
2730	1167	
3423	4391	
4391	3423	
697	3670	
3670	697	
1862	2027	
2027	1862	
2961	3967	
3967	2961	
1919	2804	
2804	1919	
438	1544	
1544	438	
1791	3053	
3053	1791	
2326	4253	
4253	2326	
1189	3899	
3899	1189	
936	2663	
2663	936	
785	1914	
1914	785	
418	1195	
1195	418	
787	4467	
4467	787	
3109	3710	
3710	3109	
193	1698	
1698	193	
852	2910	
2910	852	
235	2823	
2823	235	
1086	2239	
2239	1086	
287	1918	
1918	287	
48	827	
827	48	
2786	3277	
3277	2786	
589	2871	
2871	589	
474	3299	
3299	474	
1440	3914	
3914	1440	
3376	4327	
4327	3376	
730	1332	
1332	730	
2278	3031	
3031	2278	
1565	2234	
2234	1565	
1441	2386	
2386	1441	
1229	2770	
2770	1229	
1741	4595	
4595	1741	
961	1375	
1375	961	
2723	2801	
2801	2723	
2715	4508	
4508	2715	
2024	3712	
3712	2024	
3003	4436	
4436	3003	
963	2724	
2724	963	
4058	4446	
4446	4058	
502	3227	
3227	502	
3992	4541	
4541	3992	
809	1155	
1155	809	
3219	3683	
3683	3219	
1862	2915	
2915	1862	
781	4794	
4794	781	
3350	4536	
4536	3350	
1236	1662	
1662	1236	
4030	4896	
4896	4030	
985	1665	
1665	985	
337	1637	
1637	337	
988	4160	
4160	988	
2477	2516	
2516	2477	
503	3113	
3113	503	
4478	4816	
4816	4478	
3444	4469	
4469	3444	
3028	3047	
3047	3028	
2366	2964	
2964	2366	
343	4527	
4527	343	
1997	2720	
2720	1997	
862	1751	
1751	862	
2893	3348	
3348	2893	
1002	4509	
4509	1002	
876	3650	
3650	876	
4207	4436	
4436	4207	
200	1388	
1388	200	
172	2546	
2546	172	
1285	1657	
1657	1285	
2346	4371	
4371	2346	
1498	3539	
3539	1498	
988	1724	
1724	988	
1185	1746	
1746	1185	
395	1486	
1486	395	
1233	3379	
3379	1233	
420	1898	
1898	420	
2328	4473	
4473	2328	
2210	3618	
3618	2210	
205	2708	
2708	205	
2267	4700	
4700	2267	
3452	4050	
4050	3452	
302	3548	
3548	302	
1088	1733	
1733	1088	
3233	4391	
4391	3233	
2403	2743	
2743	2403	
3298	4507	
4507	3298	
1711	4465	
4465	1711	
1647	4690	
4690	1647	
456	1895	
1895	456	
4231	4411	
4411	4231	
1241	4566	
4566	1241	
393	2001	
2001	393	
1061	3292	
3292	1061	
3759	3996	
3996	3759	
1622	3289	
3289	1622	
775	1799	
1799	775	
24	93	
93	24	
2782	4331	
4331	2782	
1655	2005	
2005	1655	
2170	3759	
3759	2170	
202	2077	
2077	202	
2535	4209	
4209	2535	
1485	4486	
4486	1485	
21	112	
112	21	
464	1317	
1317	464	
2673	4560	
4560	2673	
2070	3111	
3111	2070	
2696	3066	
3066	2696	
3899	4055	
4055	3899	
186	355	
355	186	
74	1312	
1312	74	
3043	3280	
3280	3043	
458	600	
600	458	
175	1689	
1689	175	
163	2750	
2750	163	
1718	4020	
4020	1718	
3497	4625	
4625	3497	
2808	4719	
4719	2808	
1246	3562	
3562	1246	
274	1712	
1712	274	
159	502	
502	159	
1666	4307	
4307	1666	
227	3763	
3763	227	
3712	4783	
4783	3712	
2805	3731	
3731	2805	
54	732	
732	54	
1324	3894	
3894	1324	
148	3257	
3257	148	
891	3520	
3520	891	
1104	4186	
4186	1104	
1929	3088	
3088	1929	
2328	3633	
3633	2328	
3938	4770	
4770	3938	
4753	4867	
4867	4753	
602	3261	
3261	602	
632	3740	
3740	632	
4006	4652	
4652	4006	
108	635	
635	108	
2530	3701	
3701	2530	
202	3186	
3186	202	
2664	4806	
4806	2664	
2235	3252	
3252	2235	
2353	3634	
3634	2353	
26	2994	
2994	26	
1158	2150	
2150	1158	
160	1415	
1415	160	
3823	4161	
4161	3823	
3550	4017	
4017	3550	
947	3336	
3336	947	
463	1502	
1502	463	
81	4307	
4307	81	
48	4656	
4656	48	
1601	3183	
3183	1601	
3514	3906	
3906	3514	
2010	4242	
4242	2010	
1830	1900	
1900	1830	
2417	3762	
3762	2417	
433	3147	
3147	433	
1826	3000	
3000	1826	
3030	4799	
4799	3030	
1039	1573	
1573	1039	
785	2925	
2925	785	
2127	4604	
4604	2127	
2578	3372	
3372	2578	
785	2315	
2315	785	
1063	4127	
4127	1063	
646	1807	
1807	646	
1708	4550	
4550	1708	
176	1719	
1719	176	
2489	4598	
4598	2489	
1609	4913	
4913	1609	
983	2309	
2309	983	
120	2850	
2850	120	
2026	4121	
4121	2026	
114	4531	
4531	114	
2770	2883	
2883	2770	
43	2935	
2935	43	
911	1610	
1610	911	
1204	1778	
1778	1204	
3816	3839	
3839	3816	
2900	4838	
4838	2900	
1043	4628	
4628	1043	
982	3801	
3801	982	
820	2522	
2522	820	
50	2022	
2022	50	
1347	2004	
2004	1347	
3279	3862	
3862	3279	
311	4849	
4849	311	
118	4711	
4711	118	
3313	3382	
3382	3313	
1659	4111	
4111	1659	
294	3942	
3942	294	
171	3730	
3730	171	
2537	3447	
3447	2537	
1776	3015	
3015	1776	
326	4136	
4136	326	
2545	2726	
2726	2545	
2812	3108	
3108	2812	
485	3302	
3302	485	
173	1845	
1845	173	
1894	3601	
3601	1894	
1726	4931	
4931	1726	
1082	3274	
3274	1082	
721	2028	
2028	721	
136	965	
965	136	
401	3602	
3602	401	
159	4933	
4933	159	
742	4304	
4304	742	
1340	2384	
2384	1340	
18	4577	
4577	18	
938	1629	
1629	938	
1960	4174	
4174	1960	
2380	3457	
3457	2380	
125	2155	
2155	125	
3369	4362	
4362	3369	
1341	3962	
3962	1341	
992	4295	
4295	992	
614	1543	
1543	614	
846	4097	
4097	846	
3280	3479	
3479	3280	
3154	3863	
3863	3154	
94	946	
946	94	
2936	4154	
4154	2936	
38	1595	
1595	38	
1843	2257	
2257	1843	
905	935	
935	905	
105	4379	
4379	105	
345	3547	
3547	345	
498	3542	
3542	498	
633	4480	
4480	633	
66	109	
109	66	
844	4141	
4141	844	
385	962	
962	385	
168	4630	
4630	168	
957	4514	
4514	957	
409	788	
788	409	
4262	4605	
4605	4262	
2252	4595	
4595	2252	
1307	4390	
4390	1307	
3288	4586	
4586	3288	
189	4003	
4003	189	
684	1148	
1148	684	
1611	1701	
1701	1611	
2424	4067	
4067	2424	
1813	4412	
4412	1813	
660	4704	
4704	660	
3023	3344	
3344	3023	
1272	4099	
4099	1272	
2272	2649	
2649	2272	
2464	3950	
3950	2464	
2408	4225	
4225	2408	
185	2269	
2269	185	
38	64	
64	38	
384	1030	
1030	384	
1889	4746	
4746	1889	
2878	4012	
4012	2878	
4262	4439	
4439	4262	
2876	2925	
2925	2876	
1728	4120	
4120	1728	
710	2788	
2788	710	
3619	3725	
3725	3619	
3627	4284	
4284	3627	
731	887	
887	731	
1138	4418	
4418	1138	
3161	4674	
4674	3161	
3097	3982	
3982	3097	
2169	4837	
4837	2169	
2366	3891	
3891	2366	
359	3854	
3854	359	
1566	4506	
4506	1566	
1449	3374	
3374	1449	
1383	3916	
3916	1383	
1496	2956	
2956	1496	
1502	3926	
3926	1502	
898	4048	
4048	898	
12	1405	
1405	12	
3399	3612	
3612	3399	
706	3891	
3891	706	
90	2953	
2953	90	
2786	3508	
3508	2786	
4090	4860	
4860	4090	
2470	3573	
3573	2470	
1467	2423	
2423	1467	
569	2693	
2693	569	
487	3380	
3380	487	
397	2191	
2191	397	
2155	3790	
3790	2155	
99	3590	
3590	99	
1035	2907	
2907	1035	
820	2459	
2459	820	
2092	4543	
4543	2092	
3050	4762	
4762	3050	
121	1176	
1176	121	
211	947	
947	211	
3788	4624	
4624	3788	
1339	2998	
2998	1339	
1452	4408	
4408	1452	
1494	2545	
2545	1494	
2726	4264	
4264	2726	
4074	4239	
4239	4074	
1247	4173	
4173	1247	
1461	1749	
1749	1461	
560	1549	
1549	560	
2255	2436	
2436	2255	
3925	4140	
4140	3925	
845	1328	
1328	845	
4028	4261	
4261	4028	
2609	2962	
2962	2609	
508	2202	
2202	508	
1660	4825	
4825	1660	
2269	4727	
4727	2269	
1868	4150	
4150	1868	
1341	3167	
3167	1341	
2686	3085	
3085	2686	
251	994	
994	251	
1915	4598	
4598	1915	
940	1931	
1931	940	
2705	2737	
2737	2705	
1772	4819	
4819	1772	
2952	3369	
3369	2952	
1137	3989	
3989	1137	
3231	4723	
4723	3231	
2366	3170	
3170	2366	
2448	3503	
3503	2448	
4690	4705	
4705	4690	
103	489	
489	103	
2276	3471	
3471	2276	
2783	4333	
4333	2783	
3666	4148	
4148	3666	
152	631	
631	152	
2530	3728	
3728	2530	
650	3014	
3014	650	
2918	4626	
4626	2918	
3004	3482	
3482	3004	
524	2689	
2689	524	
2364	4736	
4736	2364	
2877	3166	
3166	2877	
3345	3552	
3552	3345	
353	2364	
2364	353	
2515	3865	
3865	2515	
628	2904	
2904	628	
2537	2791	
2791	2537	
1286	1608	
1608	1286	
1175	2262	
2262	1175	
3496	4621	
4621	3496	
310	4832	
4832	310	
29	1198	
1198	29	
16	404	
404	16	
2456	4062	
4062	2456	
3219	3528	
3528	3219	
602	4492	
4492	602	
3492	4843	
4843	3492	
3447	4881	
4881	3447	
1870	3840	
3840	1870	
1283	2975	
2975	1283	
985	4185	
4185	985	
453	646	
646	453	
562	804	
804	562	
1280	1682	
1682	1280	
142	3706	
3706	142	
125	1762	
1762	125	
174	4393	
4393	174	
520	4516	
4516	520	
2863	3176	
3176	2863	
1410	4138	
4138	1410	
1908	2673	
2673	1908	
987	1028	
1028	987	
1069	1952	
1952	1069	
2693	3791	
3791	2693	
2562	3400	
3400	2562	
1496	3456	
3456	1496	
2398	4156	
4156	2398	
672	4128	
4128	672	
3574	3634	
3634	3574	
2578	3601	
3601	2578	
2674	4719	
4719	2674	
469	911	
911	469	
647	4579	
4579	647	
13	3472	
3472	13	
1316	4353	
4353	1316	
731	1613	
1613	731	
107	4323	
4323	107	
2875	3200	
3200	2875	
391	987	
987	391	
272	2766	
2766	272	
1378	3285	
3285	1378	
803	4040	
4040	803	
438	1183	
1183	438	
3291	4485	
4485	3291	
3358	4899	
4899	3358	
837	1869	
1869	837	
1573	2303	
2303	1573	
209	2107	
2107	209	
501	3902	
3902	501	
1287	1764	
1764	1287	
510	3969	
3969	510	
540	2713	
2713	540	
697	977	
977	697	
379	2781	
2781	379	
2942	3764	
3764	2942	
3186	3462	
3462	3186	
1013	2349	
2349	1013	
1929	2243	
2243	1929	
2153	4444	
4444	2153	
2041	4291	
4291	2041	
2543	4054	
4054	2543	
2408	3408	
3408	2408	
118	1254	
1254	118	
1214	3089	
3089	1214	
1333	3333	
3333	1333	
3809	4640	
4640	3809	
3308	4265	
4265	3308	
647	2904	
2904	647	
3356	3482	
3482	3356	
835	2827	
2827	835	
865	1370	
1370	865	
994	4690	
4690	994	
1678	4063	
4063	1678	
646	2042	
2042	646	
119	1780	
1780	119	
2308	4855	
4855	2308	
1529	1994	
1994	1529	
1179	3813	
3813	1179	
1975	2005	
2005	1975	
3825	4728	
4728	3825	
133	2390	
2390	133	
2649	3603	
3603	2649	
1016	3896	
3896	1016	
3005	3538	
3538	3005	
2272	4113	
4113	2272	
2575	4516	
4516	2575	
439	2161	
2161	439	
2662	3021	
3021	2662	
1019	2909	
2909	1019	
233	3918	
3918	233	
3180	3688	
3688	3180	
510	1043	
1043	510	
353	3005	
3005	353	
342	4494	
4494	342	
1538	4934	
4934	1538	
4715	4798	
4798	4715	
3526	3885	
3885	3526	
127	4140	
4140	127	
3893	4250	
4250	3893	
516	598	
598	516	
1763	4471	
4471	1763	
369	1486	
1486	369	
1270	2369	
2369	1270	
2921	4620	
4620	2921	
2605	4788	
4788	2605	
3082	4545	
4545	3082	
82	2540	
2540	82	
227	3184	
3184	227	
1549	4578	
4578	1549	
3802	4151	
4151	3802	
3375	4504	
4504	3375	
415	1603	
1603	415	
3650	3967	
3967	3650	
576	2838	
2838	576	
1971	4727	
4727	1971	
3416	4683	
4683	3416	
1563	3656	
3656	1563	
1992	2774	
2774	1992	
4610	4664	
4664	4610	
2094	3219	
3219	2094	
3979	4261	
4261	3979	
2276	4355	
4355	2276	
746	4543	
4543	746	
2692	3733	
3733	2692	
2217	2985	
2985	2217	
386	4382	
4382	386	
2497	3892	
3892	2497	
1213	4902	
4902	1213	
1206	2929	
2929	1206	
1865	3561	
3561	1865	
347	4525	
4525	347	
53	1800	
1800	53	
2827	2960	
2960	2827	
3297	4390	
4390	3297	
822	4380	
4380	822	
228	2686	
2686	228	
691	4332	
4332	691	
2245	2882	
2882	2245	
3437	3760	
3760	3437	
4034	4056	
4056	4034	
3804	4600	
4600	3804	
1578	2282	
2282	1578	
956	2028	
2028	956	
197	3298	
3298	197	
1199	4537	
4537	1199	
3320	3445	
3445	3320	
758	1375	
1375	758	
475	1777	
1777	475	
1247	2288	
2288	1247	
3149	4898	
4898	3149	
2537	3780	
3780	2537	
567	3794	
3794	567	
52	3679	
3679	52	
153	4692	
4692	153	
639	4744	
4744	639	
2276	2292	
2292	2276	
2270	2638	
2638	2270	
337	4159	
4159	337	
99	2614	
2614	99	
1033	3799	
3799	1033	
4021	4191	
4191	4021	
1037	4517	
4517	1037	
567	3769	
3769	567	
1920	1982	
1982	1920	
1558	1988	
1988	1558	
952	2892	
2892	952	
4220	4586	
4586	4220	
1188	2297	
2297	1188	
3287	4702	
4702	3287	
869	3015	
3015	869	
1070	1179	
1179	1070	
2283	2440	
2440	2283	
2575	4188	
4188	2575	
1284	4587	
4587	1284	
517	1894	
1894	517	
2847	3567	
3567	2847	
1153	4406	
4406	1153	
571	3658	
3658	571	
3083	4565	
4565	3083	
490	875	
875	490	
617	1580	
1580	617	
1547	3988	
3988	1547	
216	4167	
4167	216	
355	4235	
4235	355	
4005	4814	
4814	4005	
154	859	
859	154	
1785	4616	
4616	1785	
1252	2086	
2086	1252	
720	4730	
4730	720	
1941	4471	
4471	1941	
529	1338	
1338	529	
202	3015	
3015	202	
4661	4796	
4796	4661	
2947	4170	
4170	2947	
2195	3798	
3798	2195	
2173	3509	
3509	2173	
3750	4080	
4080	3750	
2668	4435	
4435	2668	
1610	4285	
4285	1610	
89	4824	
4824	89	
1333	1571	
1571	1333	
3658	4180	
4180	3658	
1421	3786	
3786	1421	
2478	4597	
4597	2478	
1299	4512	
4512	1299	
1958	4010	
4010	1958	
2901	2967	
2967	2901	
273	2169	
2169	273	
559	1385	
1385	559	
1594	4011	
4011	1594	
1720	3174	
3174	1720	
2680	4523	
4523	2680	
1231	4768	
4768	1231	
6	2290	
2290	6	
2507	3037	
3037	2507	
1675	1681	
1681	1675	
3430	4036	
4036	3430	
895	4813	
4813	895	
89	3621	
3621	89	
141	2215	
2215	141	
377	4131	
4131	377	
373	2115	
2115	373	
432	3464	
3464	432	
548	4032	
4032	548	
894	3203	
3203	894	
486	2500	
2500	486	
2266	4249	
4249	2266	
280	604	
604	280	
1330	4673	
4673	1330	
2235	4778	
4778	2235	
3733	3771	
3771	3733	
1311	3166	
3166	1311	
1008	4240	
4240	1008	
2187	3563	
3563	2187	
1070	2086	
2086	1070	
1382	3164	
3164	1382	
2270	3563	
3563	2270	
448	2897	
2897	448	
1686	2726	
2726	1686	
1908	3597	
3597	1908	
891	999	
999	891	
3943	4567	
4567	3943	
1662	2195	
2195	1662	
271	4418	
4418	271	
430	3353	
3353	430	
3057	4512	
4512	3057	
2350	4183	
4183	2350	
591	3098	
3098	591	
504	2082	
2082	504	
1265	3687	
3687	1265	
1345	1564	
1564	1345	
553	3742	
3742	553	
2378	4806	
4806	2378	
3231	3523	
3523	3231	
1451	3002	
3002	1451	
2137	3215	
3215	2137	
1541	3653	
3653	1541	
3546	4111	
4111	3546	
693	3180	
3180	693	
1947	2681	
2681	1947	
3325	4189	
4189	3325	
1245	2733	
2733	1245	
2434	3778	
3778	2434	
2396	4835	
4835	2396	
492	1600	
1600	492	
2546	3007	
3007	2546	
2328	4885	
4885	2328	
1024	4670	
4670	1024	
1359	2101	
2101	1359	
3594	4918	
4918	3594	
2198	2976	
2976	2198	
545	3273	
3273	545	
3216	4418	
4418	3216	
2917	4711	
4711	2917	
1360	1742	
1742	1360	
4405	4804	
4804	4405	
1819	2439	
2439	1819	
18	3148	
3148	18	
1096	3430	
3430	1096	
1769	2040	
2040	1769	
2299	2462	
2462	2299	
1555	2536	
2536	1555	
221	708	
708	221	
2821	4387	
4387	2821	
1349	4084	
4084	1349	
1110	3412	
3412	1110	
1931	4332	
4332	1931	
2213	3966	
3966	2213	
957	2936	
2936	957	
280	2460	
2460	280	
3985	4773	
4773	3985	
404	1406	
1406	404	
1541	3989	
3989	1541	
2541	4194	
4194	2541	
14	3535	
3535	14	
1090	3637	
3637	1090	
272	507	
507	272	
3913	4433	
4433	3913	
504	2047	
2047	504	
3278	3959	
3959	3278	
875	2713	
2713	875	
2210	4411	
4411	2210	
1296	2939	
2939	1296	
500	4763	
4763	500	
913	1477	
1477	913	
394	800	
800	394	
30	2090	
2090	30	
468	1371	
1371	468	
1061	2287	
2287	1061	
3534	4548	
4548	3534	
2975	4165	
4165	2975	
1152	3369	
3369	1152	
2615	3617	
3617	2615	
1207	2368	
2368	1207	
361	4550	
4550	361	
1048	1060	
1060	1048	
2308	4164	
4164	2308	
3075	3306	
3306	3075	
1026	1703	
1703	1026	
2497	4301	
4301	2497	
1807	2984	
2984	1807	
345	1090	
1090	345	
4470	4508	
4508	4470	
3081	4614	
4614	3081	
1274	4423	
4423	1274	
3481	3718	
3718	3481	
1517	1698	
1698	1517	
2610	4468	
4468	2610	
1311	2557	
2557	1311	
692	3393	
3393	692	
2287	4558	
4558	2287	
1442	4850	
4850	1442	
3052	3923	
3923	3052	
361	370	
370	361	
1384	1509	
1509	1384	
2372	4084	
4084	2372	
1585	2450	
2450	1585	
58	4602	
4602	58	
1106	2705	
2705	1106	
411	2194	
2194	411	
1170	4485	
4485	1170	
1255	2298	
2298	1255	
3435	3519	
3519	3435	
2462	2859	
2859	2462	
517	526	
526	517	
1686	2279	
2279	1686	
812	2020	
2020	812	
66	3416	
3416	66	
2389	3205	
3205	2389	
1119	3999	
3999	1119	
3524	4489	
4489	3524	
3424	3864	
3864	3424	
882	3513	
3513	882	
2897	3498	
3498	2897	
2472	4428	
4428	2472	
260	2476	
2476	260	
719	779	
779	719	
3448	4637	
4637	3448	
1778	2131	
2131	1778	
3612	3628	
3628	3612	
1179	1326	
1326	1179	
3075	3298	
3298	3075	
1835	4306	
4306	1835	
2007	2955	
2955	2007	
808	3112	
3112	808	
1483	4126	
4126	1483	
2208	2873	
2873	2208	
231	1476	
1476	231	
53	557	
557	53	
492	2222	
2222	492	
1586	3647	
3647	1586	
413	506	
506	413	
1688	4284	
4284	1688	
3733	4742	
4742	3733	
2122	4066	
4066	2122	
808	2717	
2717	808	
111	2465	
2465	111	
472	3936	
3936	472	
267	4717	
4717	267	
2808	3835	
3835	2808	
182	999	
999	182	
699	1335	
1335	699	
3244	4543	
4543	3244	
34	4112	
4112	34	
172	3019	
3019	172	
886	4164	
4164	886	
1795	3709	
3709	1795	
2782	2841	
2841	2782	
3668	4402	
4402	3668	
2100	3328	
3328	2100	
2492	2967	
2967	2492	
983	3477	
3477	983	
613	1831	
1831	613	
2125	4023	
4023	2125	
1188	3574	
3574	1188	
1638	3415	
3415	1638	
2832	2898	
2898	2832	
954	3086	
3086	954	
14	1052	
1052	14	
2563	4871	
4871	2563	
2289	3212	
3212	2289	
4822	4915	
4915	4822	
1906	3356	
3356	1906	
1517	3740	
3740	1517	
4239	4602	
4602	4239	
2509	3118	
3118	2509	
111	3415	
3415	111	
124	3484	
3484	124	
3148	4840	
4840	3148	
840	2352	
2352	840	
2204	2624	
2624	2204	
3332	3514	
3514	3332	
1668	2669	
2669	1668	
2674	4043	
4043	2674	
7	874	
874	7	
1499	2679	
2679	1499	
2859	3902	
3902	2859	
169	2400	
2400	169	
1700	3348	
3348	1700	
3631	4834	
4834	3631	
2668	3874	
3874	2668	
2504	3255	
3255	2504	
517	1804	
1804	517	
2003	4861	
4861	2003	
1910	1930	
1930	1910	
1567	4387	
4387	1567	
4138	4165	
4165	4138	
1243	2068	
2068	1243	
2152	3420	
3420	2152	
3012	3975	
3975	3012	
1563	3498	
3498	1563	
210	3712	
3712	210	
1460	3135	
3135	1460	
9	4810	
4810	9	
90	2027	
2027	90	
2576	3841	
3841	2576	
1521	4790	
4790	1521	
178	2264	
2264	178	
1051	3394	
3394	1051	
762	4363	
4363	762	
3658	4934	
4934	3658	
3812	4393	
4393	3812	
1773	4093	
4093	1773	
1403	1822	
1822	1403	
2273	4099	
4099	2273	
1630	3107	
3107	1630	
2141	2998	
2998	2141	
2768	2996	
2996	2768	
1922	2585	
2585	1922	
1502	4311	
4311	1502	
1340	4473	
4473	1340	
2149	3429	
3429	2149	
2256	2895	
2895	2256	
301	2872	
2872	301	
2170	4388	
4388	2170	
1346	1708	
1708	1346	
2617	3419	
3419	2617	
83	2236	
2236	83	
785	4634	
4634	785	
3122	4568	
4568	3122	
2641	3276	
3276	2641	
1072	2736	
2736	1072	
954	3654	
3654	954	
1748	1762	
1762	1748	
187	355	
355	187	
3481	4283	
4283	3481	
978	2795	
2795	978	
3741	4392	
4392	3741	
2278	4296	
4296	2278	
1725	2598	
2598	1725	
1363	3172	
3172	1363	
3660	4333	
4333	3660	
244	4356	
4356	244	
1177	3354	
3354	1177	
2080	2873	
2873	2080	
3292	3730	
3730	3292	
287	2515	
2515	287	
1573	1716	
1716	1573	
687	4677	
4677	687	
624	2560	
2560	624	
4216	4932	
4932	4216	
1461	3544	
3544	1461	
2722	2984	
2984	2722	
586	3863	
3863	586	
2457	2976	
2976	2457	
218	2690	
2690	218	
2410	4867	
4867	2410	
1398	2853	
2853	1398	
2401	4880	
4880	2401	
76	151	
151	76	
2854	4002	
4002	2854	
2051	4905	
4905	2051	
2405	3692	
3692	2405	
2237	3312	
3312	2237	
1518	2649	
2649	1518	
773	4015	
4015	773	
1148	4916	
4916	1148	
660	1540	
1540	660	
29	880	
880	29	
1219	2224	
2224	1219	
1430	4844	
4844	1430	
1122	2451	
2451	1122	
1901	2678	
2678	1901	
1884	4166	
4166	1884	
2476	4559	
4559	2476	
2873	3160	
3160	2873	
2244	3697	
3697	2244	
588	4752	
4752	588	
3561	4156	
4156	3561	
2335	2756	
2756	2335	
433	3866	
3866	433	
3219	3430	
3430	3219	
1495	4341	
4341	1495	
1939	2123	
2123	1939	
2071	3773	
3773	2071	
187	3530	
3530	187	
1446	2375	
2375	1446	
3424	3686	
3686	3424	
1335	4616	
4616	1335	
2596	4786	
4786	2596	
503	1716	
1716	503	
2271	4054	
4054	2271	
392	3609	
3609	392	
187	1342	
1342	187	
1583	4110	
4110	1583	
592	988	
988	592	
965	2446	
2446	965	
2200	2941	
2941	2200	
2359	4301	
4301	2359	
3246	4478	
4478	3246	
3823	4609	
4609	3823	
1845	3420	
3420	1845	
3254	3759	
3759	3254	
4017	4501	
4501	4017	
991	4680	
4680	991	
2049	2963	
2963	2049	
2395	4597	
4597	2395	
1676	1749	
1749	1676	
1676	2682	
2682	1676	
3007	3603	
3603	3007	
44	2382	
2382	44	
278	1934	
1934	278	
10	3301	
3301	10	
232	3074	
3074	232	
4322	4350	
4350	4322	
1520	3900	
3900	1520	
207	2399	
2399	207	
460	2270	
2270	460	
2647	3424	
3424	2647	
2034	4070	
4070	2034	
3349	3591	
3591	3349	
433	3307	
3307	433	
1113	1819	
1819	1113	
1364	3430	
3430	1364	
1829	4321	
4321	1829	
1103	1428	
1428	1103	
19	89	
89	19	
1309	2704	
2704	1309	
2247	4074	
4074	2247	
1206	3225	
3225	1206	
2554	3663	
3663	2554	
2605	4212	
4212	2605	
1124	2711	
2711	1124	
2044	4064	
4064	2044	
1100	4913	
4913	1100	
2786	4439	
4439	2786	
1030	3099	
3099	1030	
717	1667	
1667	717	
3080	4578	
4578	3080	
2395	3259	
3259	2395	
1530	2657	
2657	1530	
139	4884	
4884	139	
121	3227	
3227	121	
1128	4432	
4432	1128	
2140	3510	
3510	2140	
2978	4370	
4370	2978	
2307	3075	
3075	2307	
2311	4823	
4823	2311	
4303	4733	
4733	4303	
14	3647	
3647	14	
2667	3873	
3873	2667	
3926	4043	
4043	3926	
95	3499	
3499	95	
953	3390	
3390	953	
3183	3930	
3930	3183	
168	4309	
4309	168	
1597	1879	
1879	1597	
728	2937	
2937	728	
2868	3972	
3972	2868	
751	2306	
2306	751	
1267	3466	
3466	1267	
2723	4037	
4037	2723	
3090	4776	
4776	3090	
1959	3146	
3146	1959	
221	3820	
3820	221	
2098	3684	
3684	2098	
2155	4676	
4676	2155	
2027	3255	
3255	2027	
511	4399	
4399	511	
1126	2879	
2879	1126	
1093	2299	
2299	1093	
442	1402	
1402	442	
238	1222	
1222	238	
3058	4302	
4302	3058	
2229	2602	
2602	2229	
543	3811	
3811	543	
454	4927	
4927	454	
1752	3288	
3288	1752	
2211	3100	
3100	2211	
1356	1945	
1945	1356	
499	3692	
3692	499	
2552	3511	
3511	2552	
1474	2146	
2146	1474	
882	1040	
1040	882	
2350	2883	
2883	2350	
1651	2047	
2047	1651	
3287	3319	
3319	3287	
2040	4753	
4753	2040	
2901	3031	
3031	2901	
2086	2806	
2806	2086	
2382	4621	
4621	2382	
4165	4599	
4599	4165	
938	1822	
1822	938	
866	2402	
2402	866	
2180	2817	
2817	2180	
938	1500	
1500	938	
735	1372	
1372	735	
2476	4413	
4413	2476	
2164	4569	
4569	2164	
589	1025	
1025	589	
338	4010	
4010	338	
3278	4328	
4328	3278	
2954	3134	
3134	2954	
4018	4864	
4864	4018	
677	4073	
4073	677	
2357	2806	
2806	2357	
1756	3456	
3456	1756	
2295	2621	
2621	2295	
2027	3280	
3280	2027	
4139	4803	
4803	4139	
3806	4362	
4362	3806	
1512	1922	
1922	1512	
755	1732	
1732	755	
2258	2776	
2776	2258	
3554	3668	
3668	3554	
3516	4930	
4930	3516	
2909	3507	
3507	2909	
1475	3756	
3756	1475	
2907	4781	
4781	2907	
2832	4066	
4066	2832	
452	2514	
2514	452	
938	4889	
4889	938	
1786	2630	
2630	1786	
3488	4201	
4201	3488	
3204	4296	
4296	3204	
421	1396	
1396	421	
205	3639	
3639	205	
3528	4167	
4167	3528	
4358	4433	
4433	4358	
19	3098	
3098	19	
783	1648	
1648	783	
638	3403	
3403	638	
2263	4008	
4008	2263	
3832	4611	
4611	3832	
403	1335	
1335	403	
1019	3742	
3742	1019	
862	1657	
1657	862	
1471	3740	
3740	1471	
231	995	
995	231	
781	989	
989	781	
64	913	
913	64	
274	1538	
1538	274	
1511	4146	
4146	1511	
1877	2896	
2896	1877	
2401	3837	
3837	2401	
1977	4898	
4898	1977	
2047	2308	
2308	2047	
3678	4567	
4567	3678	
62	3416	
3416	62	
2292	4695	
4695	2292	
2658	4237	
4237	2658	
81	741	
741	81	
489	4176	
4176	489	
1261	1582	
1582	1261	
2860	4283	
4283	2860	
175	4813	
4813	175	
565	3507	
3507	565	
3190	3917	
3917	3190	
3954	4563	
4563	3954	
2289	3887	
3887	2289	
402	4673	
4673	402	
1551	2420	
2420	1551	
771	2170	
2170	771	
1580	4062	
4062	1580	
763	4567	
4567	763	
1463	2937	
2937	1463	
1457	1484	
1484	1457	
3378	4277	
4277	3378	
2778	3864	
3864	2778	
753	3857	
3857	753	
1345	4514	
4514	1345	
841	1408	
1408	841	
156	1617	
1617	156	
257	3312	
3312	257	
1710	4833	
4833	1710	
2217	3154	
3154	2217	
1288	4748	
4748	1288	
2896	4593	
4593	2896	
929	1760	
1760	929	
4264	4703	
4703	4264	
559	871	
871	559	
594	1428	
1428	594	
1774	4660	
4660	1774	
1199	2091	
2091	1199	
3303	4649	
4649	3303	
2947	3221	
3221	2947	
331	3197	
3197	331	
683	4783	
4783	683	
806	4073	
4073	806	
117	1924	
1924	117	
98	366	
366	98	
695	2220	
2220	695	
1749	1835	
1835	1749	
1101	3987	
3987	1101	
1829	2322	
2322	1829	
478	744	
744	478	
809	1805	
1805	809	
664	3652	
3652	664	
546	3538	
3538	546	
1841	3330	
3330	1841	
279	778	
778	279	
2634	4169	
4169	2634	
