114	147	
147	114	
125	253	
253	125	
89	212	
212	89	
59	71	
71	59	
23	41	
41	23	
84	117	
117	84	
96	172	
172	96	
2	180	
180	2	
25	93	
93	25	
18	76	
76	18	
155	232	
232	155	
52	99	
99	52	
86	190	
190	86	
104	149	
149	104	
67	218	
218	67	
50	51	
51	50	
148	226	
226	148	
63	67	
67	63	
150	199	
199	150	
166	195	
195	166	
71	76	
76	71	
185	213	
213	185	
160	172	
172	160	
49	59	
59	49	
194	226	
226	194	
21	75	
75	21	
58	69	
69	58	
34	112	
112	34	
132	218	
218	132	
29	32	
32	29	
7	91	
91	7	
152	249	
249	152	
168	275	
275	168	
107	191	
191	107	
1	113	
113	1	
94	190	
190	94	
117	149	
149	117	
38	43	
43	38	
44	286	
286	44	
8	214	
214	8	
233	284	
284	233	
3	111	
111	3	
64	112	
112	64	
16	117	
117	16	
9	193	
193	9	
28	134	
134	28	
80	190	
190	80	
142	202	
202	142	
123	202	
202	123	
196	219	
219	196	
214	218	
218	214	
105	112	
112	105	
137	213	
213	137	
65	84	
84	65	
116	132	
132	116	
234	275	
275	234	
231	233	
233	231	
171	202	
202	171	
119	123	
123	119	
5	201	
201	5	
84	241	
241	84	
42	173	
173	42	
79	172	
172	79	
13	59	
59	13	
133	196	
196	133	
12	172	
172	12	
85	235	
235	85	
90	91	
91	90	
273	284	
284	273	
277	284	
284	277	
118	178	
178	118	
30	51	
51	30	
10	135	
135	10	
162	269	
269	162	
178	219	
219	178	
206	213	
213	206	
202	244	
244	202	
19	20	
20	19	
45	58	
58	45	
131	223	
223	131	
229	257	
257	229	
193	218	
218	193	
272	273	
273	272	
275	284	
284	275	
72	133	
133	72	
4	154	
154	4	
113	215	
215	113	
68	79	
79	68	
139	205	
205	139	
124	138	
138	124	
163	191	
191	163	
170	194	
194	170	
77	235	
235	77	
106	209	
209	106	
7	82	
82	7	
40	41	
41	40	
57	58	
58	57	
190	243	
243	190	
11	13	
13	11	
172	216	
216	172	
172	262	
262	172	
47	93	
93	47	
13	70	
70	13	
62	64	
64	62	
87	142	
142	87	
97	250	
250	97	
109	114	
114	109	
221	284	
284	221	
31	74	
74	31	
169	276	
276	169	
95	240	
240	95	
204	250	
250	204	
230	231	
231	230	
252	256	
256	252	
264	275	
275	264	
48	209	
209	48	
44	278	
278	44	
176	249	
249	176	
136	141	
141	136	
100	116	
116	100	
39	134	
134	39	
167	259	
259	167	
217	218	
218	217	
6	72	
72	6	
195	213	
213	195	
161	231	
231	161	
44	289	
289	44	
44	285	
285	44	
200	245	
245	200	
33	42	
42	33	
255	257	
257	255	
98	145	
145	98	
269	275	
275	269	
174	187	
187	174	
215	216	
216	215	
183	284	
284	183	
14	86	
86	14	
146	191	
191	146	
112	222	
222	112	
274	278	
278	274	
125	254	
254	125	
44	280	
280	44	
180	181	
181	180	
37	190	
190	37	
157	162	
162	157	
112	198	
198	112	
226	228	
228	226	
140	149	
149	140	
4	92	
92	4	
121	124	
124	121	
110	139	
139	110	
237	238	
238	237	
267	276	
276	267	
191	238	
238	191	
43	93	
93	43	
44	288	
288	44	
35	47	
47	35	
190	242	
242	190	
53	59	
59	53	
126	208	
208	126	
135	143	
143	135	
44	292	
292	44	
101	114	
114	101	
258	259	
259	258	
12	239	
239	12	
182	188	
188	182	
69	86	
86	69	
268	278	
278	268	
27	33	
33	27	
187	207	
207	187	
213	214	
214	213	
24	58	
58	24	
66	67	
67	66	
151	172	
172	151	
138	143	
143	138	
253	273	
273	253	
15	24	
24	15	
147	148	
148	147	
141	191	
191	141	
265	275	
275	265	
20	89	
89	20	
190	296	
296	190	
60	85	
85	60	
144	145	
145	144	
165	249	
249	165	
210	211	
211	210	
186	191	
191	186	
212	236	
236	212	
198	205	
205	198	
246	273	
273	246	
44	281	
281	44	
249	253	
253	249	
276	283	
283	276	
190	295	
295	190	
238	282	
282	238	
44	293	
293	44	
207	245	
245	207	
73	76	
76	73	
199	202	
202	199	
271	276	
276	271	
54	55	
55	54	
270	271	
271	270	
131	133	
133	131	
219	282	
282	219	
46	50	
50	46	
216	225	
225	216	
111	195	
195	111	
51	54	
54	51	
205	207	
207	205	
154	160	
160	154	
179	180	
180	179	
120	208	
208	120	
97	251	
251	97	
74	218	
218	74	
188	279	
279	188	
99	134	
134	99	
172	257	
257	172	
81	190	
190	81	
211	235	
235	211	
26	44	
44	26	
102	137	
137	102	
220	256	
256	220	
36	49	
49	36	
12	261	
261	12	
32	33	
33	32	
203	215	
215	203	
44	290	
290	44	
88	190	
190	88	
41	62	
62	41	
44	294	
294	44	
75	218	
218	75	
128	134	
134	128	
103	110	
110	103	
56	225	
225	56	
228	229	
229	228	
78	206	
206	78	
197	237	
237	197	
158	163	
163	158	
55	78	
78	55	
17	44	
44	17	
164	276	
276	164	
232	233	
233	232	
159	206	
206	159	
244	284	
284	244	
177	221	
221	177	
0	201	
201	0	
266	276	
276	266	
44	291	
291	44	
173	191	
191	173	
127	140	
140	127	
134	135	
135	134	
122	148	
148	122	
61	95	
95	61	
156	189	
189	156	
153	253	
253	153	
175	176	
176	175	
93	235	
235	93	
167	250	
250	167	
189	204	
204	189	
44	287	
287	44	
263	275	
275	263	
108	191	
191	108	
192	231	
231	192	
129	172	
172	129	
245	252	
252	245	
181	275	
275	181	
115	124	
124	115	
247	248	
248	247	
145	149	
149	145	
201	203	
203	201	
227	284	
284	227	
149	202	
202	149	
12	224	
224	12	
22	54	
54	22	
190	248	
248	190	
83	85	
85	83	
184	194	
194	184	
89	236	
236	89	
130	137	
137	130	
191	260	
260	191	
2	7	
7	2	
86	201	
201	86	
59	99	
99	59	
86	155	
155	86	
84	180	
180	84	
52	84	
84	52	
84	213	
213	84	
8	65	
65	8	
44	160	
160	44	
44	64	
64	44	
114	129	
129	114	
84	189	
189	84	
8	195	
195	8	
105	111	
111	105	
162	275	
275	162	
44	265	
265	44	
7	73	
73	7	
13	53	
53	13	
86	206	
206	86	
44	270	
270	44	
58	59	
59	58	
84	163	
163	84	
1	193	
193	1	
71	89	
89	71	
12	175	
175	12	
125	232	
232	125	
42	137	
137	42	
132	212	
212	132	
18	71	
71	18	
34	77	
77	34	
118	123	
123	118	
117	156	
156	117	
84	86	
86	84	
3	114	
114	3	
168	269	
269	168	
142	205	
205	142	
118	228	
228	118	
18	75	
75	18	
12	164	
164	12	
162	231	
231	162	
44	262	
262	44	
34	63	
63	34	
9	52	
52	9	
195	218	
218	195	
170	258	
258	170	
12	182	
182	12	
168	189	
189	168	
6	27	
27	6	
25	209	
209	25	
16	113	
113	16	
44	87	
87	44	
3	155	
155	3	
125	264	
264	125	
12	93	
93	12	
44	244	
244	44	
1	138	
138	1	
137	247	
247	137	
3	8	
8	3	
48	213	
213	48	
29	33	
33	29	
132	191	
191	132	
204	238	
238	204	
39	149	
149	39	
84	156	
156	84	
11	103	
103	11	
86	203	
203	86	
38	66	
66	38	
2	86	
86	2	
44	253	
253	44	
172	206	
206	172	
16	114	
114	16	
12	16	
16	12	
163	269	
269	163	
118	192	
192	118	
58	61	
61	58	
116	118	
118	116	
123	215	
215	123	
4	125	
125	4	
30	52	
52	30	
71	216	
216	71	
98	207	
207	98	
59	68	
68	59	
178	237	
237	178	
12	67	
67	12	
18	47	
47	18	
67	106	
106	67	
125	262	
262	125	
4	102	
102	4	
204	205	
205	204	
13	65	
65	13	
44	163	
163	44	
7	58	
58	7	
118	129	
129	118	
84	187	
187	84	
18	35	
35	18	
42	184	
184	42	
113	191	
191	113	
109	205	
205	109	
12	166	
166	12	
14	75	
75	14	
2	157	
157	2	
11	54	
54	11	
90	213	
213	90	
31	211	
211	31	
95	198	
198	95	
21	27	
27	21	
84	188	
188	84	
142	245	
245	142	
64	66	
66	64	
86	172	
172	86	
160	219	
219	160	
125	192	
192	125	
90	239	
239	90	
42	232	
232	42	
123	203	
203	123	
33	68	
68	33	
49	54	
54	49	
44	231	
231	44	
4	8	
8	4	
113	141	
141	113	
2	67	
67	2	
19	80	
80	19	
117	182	
182	117	
133	178	
178	133	
44	151	
151	44	
107	135	
135	107	
4	9	
9	4	
117	152	
152	117	
155	161	
161	155	
195	226	
226	195	
58	87	
87	58	
117	129	
129	117	
44	153	
153	44	
107	128	
128	107	
2	129	
129	2	
172	232	
232	172	
2	101	
101	2	
172	203	
203	172	
148	187	
187	148	
66	68	
68	66	
44	73	
73	44	
3	189	
189	3	
3	63	
63	3	
86	109	
109	86	
2	160	
160	2	
67	87	
87	67	
1	127	
127	1	
113	145	
145	113	
142	199	
199	142	
117	160	
160	117	
73	212	
212	73	
3	154	
154	3	
170	207	
207	170	
9	213	
213	9	
6	30	
30	6	
117	161	
161	117	
137	201	
201	137	
4	213	
213	4	
19	59	
59	19	
202	283	
283	202	
6	111	
111	6	
95	172	
172	95	
111	125	
125	111	
199	226	
226	199	
207	231	
231	207	
43	87	
87	43	
59	66	
66	59	
119	170	
170	119	
7	90	
90	7	
44	155	
155	44	
195	210	
210	195	
1	84	
84	1	
59	62	
62	59	
114	120	
120	114	
172	253	
253	172	
46	87	
87	46	
199	283	
283	199	
3	173	
173	3	
109	143	
143	109	
155	189	
189	155	
102	114	
114	102	
15	19	
19	15	
188	269	
269	188	
3	213	
213	3	
43	76	
76	43	
113	115	
115	113	
21	32	
32	21	
28	110	
110	28	
86	175	
175	86	
180	233	
233	180	
8	103	
103	8	
117	257	
257	117	
131	218	
218	131	
150	205	
205	150	
67	206	
206	67	
27	34	
34	27	
20	68	
68	20	
84	98	
98	84	
71	90	
90	71	
50	66	
66	50	
118	160	
160	118	
137	228	
228	137	
109	122	
122	109	
111	226	
226	111	
4	14	
14	4	
191	215	
215	191	
14	132	
132	14	
2	255	
255	2	
90	125	
125	90	
117	255	
255	117	
87	119	
119	87	
58	88	
88	58	
2	118	
118	2	
271	278	
278	271	
169	271	
271	169	
169	272	
272	169	
44	46	
46	44	
119	198	
198	119	
1	72	
72	1	
137	169	
169	137	
142	181	
181	142	
13	88	
88	13	
10	142	
142	10	
113	127	
127	113	
48	69	
69	48	
86	187	
187	86	
268	277	
277	268	
13	114	
114	13	
204	220	
220	204	
63	71	
71	63	
117	167	
167	117	
204	207	
207	204	
207	252	
252	207	
6	50	
50	6	
44	142	
142	44	
41	49	
49	41	
90	130	
130	90	
204	226	
226	204	
111	233	
233	111	
71	94	
94	71	
7	99	
99	7	
2	84	
84	2	
207	225	
225	207	
20	62	
62	20	
34	47	
47	34	
72	132	
132	72	
18	74	
74	18	
53	90	
90	53	
125	177	
177	125	
2	203	
203	2	
51	57	
57	51	
44	273	
273	44	
142	169	
169	142	
125	266	
266	125	
17	53	
53	17	
171	190	
190	171	
44	271	
271	44	
204	221	
221	204	
29	30	
30	29	
84	175	
175	84	
151	200	
200	151	
121	125	
125	121	
187	219	
219	187	
78	125	
125	78	
86	121	
121	86	
78	93	
93	78	
67	129	
129	67	
12	168	
168	12	
28	122	
122	28	
207	226	
226	207	
4	173	
173	4	
117	256	
256	117	
160	189	
189	160	
12	157	
157	12	
13	63	
63	13	
15	21	
21	15	
27	38	
38	27	
0	5	
5	0	
97	253	
253	97	
122	143	
143	122	
63	129	
129	63	
33	57	
57	33	
33	52	
52	33	
93	114	
114	93	
189	207	
207	189	
1	129	
129	1	
30	33	
33	30	
98	225	
225	98	
137	232	
232	137	
73	114	
114	73	
123	201	
201	123	
202	227	
227	202	
84	152	
152	84	
9	105	
105	9	
145	218	
218	145	
118	173	
173	118	
117	181	
181	117	
37	52	
52	37	
2	121	
121	2	
164	273	
273	164	
0	2	
2	0	
44	187	
187	44	
3	179	
179	3	
1	140	
140	1	
118	156	
156	118	
50	69	
69	50	
26	49	
49	26	
42	98	
98	42	
149	215	
215	149	
27	30	
30	27	
114	124	
124	114	
4	53	
53	4	
190	247	
247	190	
14	134	
134	14	
44	176	
176	44	
111	130	
130	111	
2	99	
99	2	
3	91	
91	3	
86	111	
111	86	
204	225	
225	204	
128	139	
139	128	
14	59	
59	14	
2	161	
161	2	
2	165	
165	2	
107	108	
108	107	
114	115	
115	114	
145	226	
226	145	
44	200	
200	44	
84	125	
125	84	
12	125	
125	12	
151	230	
230	151	
125	216	
216	125	
12	116	
116	12	
4	82	
82	4	
86	188	
188	86	
75	209	
209	75	
172	192	
192	172	
44	251	
251	44	
166	228	
228	166	
142	284	
284	142	
3	90	
90	3	
86	117	
117	86	
109	118	
118	109	
74	77	
77	74	
12	203	
203	12	
44	210	
210	44	
112	137	
137	112	
84	106	
106	84	
2	72	
72	2	
152	165	
165	152	
34	44	
44	34	
85	211	
211	85	
57	60	
60	57	
172	177	
177	172	
172	259	
259	172	
117	118	
118	117	
84	199	
199	84	
44	254	
254	44	
46	79	
79	46	
98	172	
172	98	
169	269	
269	169	
42	185	
185	42	
98	204	
204	98	
58	82	
82	58	
207	233	
233	207	
85	218	
218	85	
245	269	
269	245	
86	191	
191	86	
42	119	
119	42	
73	82	
82	73	
23	91	
91	23	
114	195	
195	114	
52	103	
103	52	
119	172	
172	119	
34	37	
37	34	
116	142	
142	116	
12	178	
178	12	
130	218	
218	130	
20	65	
65	20	
43	91	
91	43	
149	216	
216	149	
1	101	
101	1	
58	95	
95	58	
117	184	
184	117	
39	127	
127	39	
96	206	
206	96	
9	24	
24	9	
35	44	
44	35	
98	256	
256	98	
245	283	
283	245	
98	150	
150	98	
189	233	
233	189	
117	226	
226	117	
44	283	
283	44	
97	278	
278	97	
188	276	
276	188	
114	130	
130	114	
96	97	
97	96	
18	73	
73	18	
111	193	
193	111	
85	120	
120	85	
44	279	
279	44	
44	183	
183	44	
48	50	
50	48	
192	275	
275	192	
43	44	
44	43	
16	115	
115	16	
3	108	
108	3	
20	58	
58	20	
20	74	
74	20	
137	224	
224	137	
49	61	
61	49	
86	98	
98	86	
6	91	
91	6	
12	211	
211	12	
13	47	
47	13	
177	259	
259	177	
160	187	
187	160	
10	136	
136	10	
48	87	
87	48	
87	106	
106	87	
122	139	
139	122	
23	90	
90	23	
86	149	
149	86	
12	247	
247	12	
6	48	
48	6	
47	69	
69	47	
12	154	
154	12	
117	194	
194	117	
72	95	
95	72	
15	90	
90	15	
148	203	
203	148	
20	121	
121	20	
216	239	
239	216	
84	129	
129	84	
30	59	
59	30	
137	212	
212	137	
84	205	
205	84	
0	6	
6	0	
93	101	
101	93	
4	109	
109	4	
18	51	
51	18	
41	44	
44	41	
58	67	
67	58	
12	170	
170	12	
132	213	
213	132	
11	118	
118	11	
1	214	
214	1	
131	132	
132	131	
189	230	
230	189	
35	55	
55	35	
199	204	
204	199	
69	89	
89	69	
2	167	
167	2	
14	54	
54	14	
59	91	
91	59	
192	269	
269	192	
238	245	
245	238	
2	16	
16	2	
77	132	
132	77	
16	120	
120	16	
44	232	
232	44	
12	137	
137	12	
172	204	
204	172	
97	221	
221	97	
99	107	
107	99	
160	197	
197	160	
49	70	
70	49	
3	224	
224	3	
44	130	
130	44	
109	117	
117	109	
105	110	
110	105	
207	219	
219	207	
102	132	
132	102	
93	131	
131	93	
161	189	
189	161	
30	32	
32	30	
142	238	
238	142	
6	52	
52	6	
114	135	
135	114	
44	199	
199	44	
249	277	
277	249	
5	103	
103	5	
15	17	
17	15	
1	241	
241	1	
4	196	
196	4	
44	238	
238	44	
86	224	
224	86	
123	259	
259	123	
27	28	
28	27	
8	36	
36	8	
170	255	
255	170	
15	23	
23	15	
44	250	
250	44	
133	219	
219	133	
125	258	
258	125	
59	108	
108	59	
10	14	
14	10	
131	225	
225	131	
133	173	
173	133	
21	55	
55	21	
190	195	
195	190	
165	166	
166	165	
44	77	
77	44	
4	84	
84	4	
152	268	
268	152	
198	225	
225	198	
114	142	
142	114	
178	200	
200	178	
108	110	
110	108	
190	204	
204	190	
13	48	
48	13	
11	65	
65	11	
84	193	
193	84	
48	214	
214	48	
204	245	
245	204	
12	226	
226	12	
6	13	
13	6	
185	217	
217	185	
191	225	
225	191	
12	91	
91	12	
118	193	
193	118	
100	104	
104	100	
36	71	
71	36	
117	176	
176	117	
2	151	
151	2	
108	142	
142	108	
63	215	
215	63	
44	93	
93	44	
5	11	
11	5	
9	63	
63	9	
142	163	
163	142	
44	275	
275	44	
172	264	
264	172	
21	106	
106	21	
42	172	
172	42	
163	276	
276	163	
199	244	
244	199	
63	225	
225	63	
102	104	
104	102	
106	122	
122	106	
90	132	
132	90	
44	161	
161	44	
21	71	
71	21	
103	116	
116	103	
44	85	
85	44	
10	208	
208	10	
14	127	
127	14	
20	209	
209	20	
125	187	
187	125	
113	116	
116	113	
130	213	
213	130	
2	164	
164	2	
3	195	
195	3	
12	63	
63	12	
44	96	
96	44	
2	173	
173	2	
4	189	
189	4	
1	108	
108	1	
2	109	
109	2	
66	69	
69	66	
74	211	
211	74	
163	164	
164	163	
125	257	
257	125	
4	87	
87	4	
172	261	
261	172	
44	182	
182	44	
13	74	
74	13	
64	195	
195	64	
172	267	
267	172	
4	118	
118	4	
32	52	
52	32	
78	190	
190	78	
10	102	
102	10	
154	230	
230	154	
73	218	
218	73	
74	132	
132	74	
101	132	
132	101	
27	37	
37	27	
166	177	
177	166	
84	226	
226	84	
3	159	
159	3	
118	125	
125	118	
167	227	
227	167	
106	119	
119	106	
133	179	
179	133	
20	75	
75	20	
13	23	
23	13	
137	172	
172	137	
118	220	
220	118	
105	139	
139	105	
11	137	
137	11	
84	155	
155	84	
193	214	
214	193	
181	231	
231	181	
6	25	
25	6	
166	226	
226	166	
156	168	
168	156	
2	239	
239	2	
12	117	
117	12	
84	130	
130	84	
118	184	
184	118	
123	198	
198	123	
12	119	
119	12	
2	156	
156	2	
113	149	
149	113	
148	245	
245	148	
21	121	
121	21	
14	118	
118	14	
48	210	
210	48	
86	241	
241	86	
145	284	
284	145	
2	170	
170	2	
202	226	
226	202	
74	82	
82	74	
8	14	
14	8	
13	201	
201	13	
207	256	
256	207	
125	137	
137	125	
164	165	
165	164	
245	276	
276	245	
117	163	
163	117	
89	105	
105	89	
16	119	
119	16	
105	106	
106	105	
114	131	
131	114	
44	45	
45	44	
187	199	
199	187	
31	67	
67	31	
4	162	
162	4	
117	119	
119	117	
39	150	
150	39	
23	82	
82	23	
114	193	
193	114	
170	177	
177	170	
63	94	
94	63	
2	185	
185	2	
86	132	
132	86	
1	16	
16	1	
44	157	
157	44	
6	105	
105	6	
85	195	
195	85	
135	136	
136	135	
30	49	
49	30	
74	90	
90	74	
85	108	
108	85	
47	90	
90	47	
86	163	
163	86	
2	207	
207	2	
12	181	
181	12	
52	69	
69	52	
2	158	
158	2	
142	157	
157	142	
38	64	
64	38	
3	62	
62	3	
190	224	
224	190	
147	150	
150	147	
40	42	
42	40	
8	67	
67	8	
37	69	
69	37	
29	31	
31	29	
169	270	
270	169	
193	203	
203	193	
6	209	
209	6	
2	181	
181	2	
16	22	
22	16	
2	224	
224	2	
158	192	
192	158	
84	101	
101	84	
267	277	
277	267	
23	240	
240	23	
3	12	
12	3	
13	103	
103	13	
102	142	
142	102	
118	181	
181	118	
175	277	
277	175	
86	189	
189	86	
44	152	
152	44	
12	165	
165	12	
93	145	
145	93	
97	254	
254	97	
26	51	
51	26	
3	58	
58	3	
133	224	
224	133	
2	114	
114	2	
145	199	
199	145	
1	115	
115	1	
6	73	
73	6	
44	56	
56	44	
6	46	
46	6	
3	137	
137	3	
22	56	
56	22	
4	172	
172	4	
44	272	
272	44	
51	66	
66	51	
67	95	
95	67	
14	90	
90	14	
84	151	
151	84	
69	87	
87	69	
268	284	
284	268	
194	204	
204	194	
60	89	
89	60	
52	86	
86	52	
116	191	
191	116	
44	266	
266	44	
2	176	
176	2	
6	47	
47	6	
72	114	
114	72	
59	105	
105	59	
2	89	
89	2	
29	91	
91	29	
233	263	
263	233	
172	187	
187	172	
192	271	
271	192	
86	205	
205	86	
84	224	
224	84	
164	272	
272	164	
44	132	
132	44	
137	177	
177	137	
44	204	
204	44	
137	241	
241	137	
84	202	
202	84	
172	185	
185	172	
125	225	
225	125	
6	7	
7	6	
149	199	
199	149	
119	207	
207	119	
103	123	
123	103	
44	47	
47	44	
86	106	
106	86	
27	240	
240	27	
84	203	
203	84	
6	137	
137	6	
13	35	
35	13	
12	84	
84	12	
120	191	
191	120	
2	8	
8	2	
207	238	
238	207	
2	169	
169	2	
27	31	
31	27	
67	118	
118	67	
12	162	
162	12	
44	51	
51	44	
86	151	
151	86	
157	191	
191	157	
195	250	
250	195	
93	104	
104	93	
117	159	
159	117	
125	171	
171	125	
195	214	
214	195	
5	14	
14	5	
3	14	
14	3	
97	166	
166	97	
125	263	
263	125	
3	31	
31	3	
44	227	
227	44	
30	38	
38	30	
118	149	
149	118	
53	78	
78	53	
58	68	
68	58	
22	55	
55	22	
2	20	
20	2	
100	120	
120	100	
193	195	
195	193	
135	208	
208	135	
125	151	
151	125	
164	268	
268	164	
31	49	
49	31	
234	245	
245	234	
13	120	
120	13	
27	36	
36	27	
42	84	
84	42	
233	245	
245	233	
35	43	
43	35	
200	282	
282	200	
79	91	
91	79	
12	183	
183	12	
9	218	
218	9	
4	178	
178	4	
172	265	
265	172	
23	46	
46	23	
21	77	
77	21	
98	186	
186	98	
67	224	
224	67	
2	152	
152	2	
117	142	
142	117	
16	84	
84	16	
12	241	
241	12	
117	261	
261	117	
3	65	
65	3	
84	190	
190	84	
86	180	
180	86	
185	246	
246	185	
141	149	
149	141	
159	219	
219	159	
9	236	
236	9	
105	135	
135	105	
12	173	
173	12	
2	111	
111	2	
114	121	
121	114	
5	127	
127	5	
0	3	
3	0	
14	76	
76	14	
27	29	
29	27	
121	122	
122	121	
23	58	
58	23	
187	195	
195	187	
118	257	
257	118	
196	200	
200	196	
117	170	
170	117	
26	64	
64	26	
111	190	
190	111	
2	63	
63	2	
161	233	
233	161	
4	197	
197	4	
15	18	
18	15	
41	83	
83	41	
179	219	
219	179	
69	88	
88	69	
140	208	
208	140	
23	53	
53	23	
3	101	
101	3	
35	216	
216	35	
178	197	
197	178	
48	90	
90	48	
159	197	
197	159	
115	121	
121	115	
130	212	
212	130	
65	93	
93	65	
119	125	
125	119	
62	63	
63	62	
24	48	
48	24	
2	179	
179	2	
189	237	
237	189	
44	277	
277	44	
109	142	
142	109	
59	63	
63	59	
64	74	
74	64	
26	70	
70	26	
20	132	
132	20	
126	127	
127	126	
44	133	
133	44	
44	268	
268	44	
3	92	
92	3	
98	119	
119	98	
111	205	
205	111	
19	100	
100	19	
117	125	
125	117	
48	92	
92	48	
103	137	
137	103	
118	167	
167	118	
119	142	
142	119	
44	274	
274	44	
197	245	
245	197	
101	113	
113	101	
36	68	
68	36	
154	172	
172	154	
199	227	
227	199	
65	103	
103	65	
84	137	
137	84	
198	199	
199	198	
129	224	
224	129	
117	198	
198	117	
172	247	
247	172	
118	159	
159	118	
12	257	
257	12	
87	109	
109	87	
44	267	
267	44	
4	108	
108	4	
14	60	
60	14	
45	50	
50	45	
172	205	
205	172	
73	130	
130	73	
31	47	
47	31	
167	177	
177	167	
12	163	
163	12	
46	209	
209	46	
2	159	
159	2	
104	222	
222	104	
13	73	
73	13	
118	207	
207	118	
118	226	
226	118	
4	174	
174	4	
96	127	
127	96	
137	229	
229	137	
102	191	
191	102	
130	215	
215	130	
114	224	
224	114	
44	181	
181	44	
63	95	
95	63	
12	85	
85	12	
7	31	
31	7	
119	130	
130	119	
6	108	
108	6	
32	43	
43	32	
48	67	
67	48	
44	269	
269	44	
15	216	
216	15	
3	196	
196	3	
86	152	
152	86	
21	85	
85	21	
84	123	
123	84	
95	125	
125	95	
95	119	
119	95	
141	144	
144	141	
185	199	
199	185	
22	70	
70	22	
46	82	
82	46	
172	207	
207	172	
2	162	
162	2	
110	191	
191	110	
202	205	
205	202	
21	58	
58	21	
118	203	
203	118	
277	281	
281	277	
119	191	
191	119	
12	159	
159	12	
64	209	
209	64	
78	91	
91	78	
265	276	
276	265	
38	50	
50	38	
40	71	
71	40	
11	14	
14	11	
6	135	
135	6	
12	179	
179	12	
13	77	
77	13	
35	76	
76	35	
84	172	
172	84	
142	204	
204	142	
5	9	
9	5	
98	125	
125	98	
44	50	
50	44	
10	138	
138	10	
125	265	
265	125	
103	201	
201	103	
12	158	
158	12	
15	25	
25	15	
118	201	
201	118	
193	213	
213	193	
174	190	
190	174	
172	240	
240	172	
114	210	
210	114	
31	90	
90	31	
44	159	
159	44	
85	198	
198	85	
219	245	
245	219	
43	71	
71	43	
137	248	
248	137	
137	261	
261	137	
103	108	
108	103	
44	49	
49	44	
206	217	
217	206	
4	195	
195	4	
32	49	
49	32	
51	70	
70	51	
6	201	
201	6	
145	191	
191	145	
7	107	
107	7	
102	208	
208	102	
7	130	
130	7	
152	253	
253	152	
6	103	
103	6	
72	93	
93	72	
3	180	
180	3	
42	171	
171	42	
125	205	
205	125	
12	171	
171	12	
2	177	
177	2	
187	202	
202	187	
20	27	
27	20	
12	160	
160	12	
115	126	
126	115	
3	182	
182	3	
86	204	
204	86	
36	241	
241	36	
72	222	
222	72	
2	212	
212	2	
23	44	
44	23	
27	39	
39	27	
17	18	
18	17	
117	224	
224	117	
165	227	
227	165	
44	249	
249	44	
119	204	
204	119	
59	70	
70	59	
2	193	
193	2	
2	125	
125	2	
12	161	
161	12	
6	59	
59	6	
8	63	
63	8	
2	220	
220	2	
17	23	
23	17	
98	184	
184	98	
113	138	
138	113	
63	81	
81	63	
3	162	
162	3	
63	209	
209	63	
72	213	
213	72	
162	163	
163	162	
84	158	
158	84	
75	106	
106	75	
151	187	
187	151	
18	72	
72	18	
52	87	
87	52	
44	167	
167	44	
268	274	
274	268	
117	172	
172	117	
142	182	
182	142	
187	245	
245	187	
229	255	
255	229	
41	63	
63	41	
179	233	
233	179	
2	178	
178	2	
36	93	
93	36	
33	106	
106	33	
74	236	
236	74	
6	94	
94	6	
12	14	
14	12	
117	121	
121	117	
44	60	
60	44	
33	61	
61	33	
2	184	
184	2	
31	77	
77	31	
108	122	
122	108	
125	267	
267	125	
4	90	
90	4	
185	261	
261	185	
9	67	
67	9	
38	44	
44	38	
44	162	
162	44	
137	218	
218	137	
203	218	
218	203	
148	195	
195	148	
119	201	
201	119	
98	205	
205	98	
171	213	
213	171	
3	86	
86	3	
137	168	
168	137	
169	234	
234	169	
6	23	
23	6	
4	203	
203	4	
13	138	
138	13	
3	11	
11	3	
14	71	
71	14	
25	190	
190	25	
33	59	
59	33	
12	256	
256	12	
4	187	
187	4	
99	137	
137	99	
145	228	
228	145	
6	110	
110	6	
21	239	
239	21	
84	111	
111	84	
177	183	
183	177	
6	77	
77	6	
23	68	
68	23	
118	194	
194	118	
118	153	
153	118	
42	125	
125	42	
44	284	
284	44	
4	137	
137	4	
200	238	
238	200	
44	74	
74	44	
31	66	
66	31	
44	154	
154	44	
2	166	
166	2	
145	195	
195	145	
190	218	
218	190	
125	224	
224	125	
50	52	
52	50	
97	176	
176	97	
12	194	
194	12	
172	263	
263	172	
10	13	
13	10	
182	275	
275	182	
277	280	
280	277	
86	93	
93	86	
148	198	
198	148	
29	35	
35	29	
21	57	
57	21	
53	86	
86	53	
23	48	
48	23	
41	47	
47	41	
158	234	
234	158	
173	187	
187	173	
90	218	
218	90	
233	262	
262	233	
53	75	
75	53	
46	58	
58	46	
125	217	
217	125	
123	145	
145	123	
19	70	
70	19	
271	284	
284	271	
102	135	
135	102	
58	90	
90	58	
6	34	
34	6	
105	198	
198	105	
67	212	
212	67	
106	109	
109	106	
269	270	
270	269	
86	119	
119	86	
162	234	
234	162	
105	109	
109	105	
28	150	
150	28	
133	137	
137	133	
8	123	
123	8	
60	61	
61	60	
129	239	
239	129	
8	213	
213	8	
118	204	
204	118	
195	283	
283	195	
105	108	
108	105	
36	236	
236	36	
172	266	
266	172	
12	95	
95	12	
46	61	
61	46	
13	102	
102	13	
168	234	
234	168	
122	124	
124	122	
2	183	
183	2	
13	34	
34	13	
44	158	
158	44	
191	244	
244	191	
22	101	
101	22	
41	46	
46	41	
19	62	
62	19	
119	148	
148	119	
172	184	
184	172	
32	81	
81	32	
161	162	
162	161	
10	124	
124	10	
90	187	
187	90	
106	130	
130	106	
20	73	
73	20	
3	5	
5	3	
190	217	
217	190	
4	159	
159	4	
74	76	
76	74	
6	99	
99	6	
123	229	
229	123	
31	75	
75	31	
100	103	
103	100	
197	219	
219	197	
86	199	
199	86	
213	217	
217	213	
12	169	
169	12	
117	173	
173	117	
113	140	
140	113	
67	98	
98	67	
97	227	
227	97	
44	195	
195	44	
125	248	
248	125	
191	202	
202	191	
86	114	
114	86	
45	57	
57	45	
16	92	
92	16	
122	150	
150	122	
101	224	
224	101	
190	203	
203	190	
166	227	
227	166	
44	169	
169	44	
156	231	
231	156	
1	7	
7	1	
115	128	
128	115	
118	216	
216	118	
35	56	
56	35	
44	48	
48	44	
84	206	
206	84	
118	224	
224	118	
49	57	
57	49	
73	90	
90	73	
111	172	
172	111	
14	18	
18	14	
0	8	
8	0	
6	74	
74	6	
12	258	
258	12	
185	218	
218	185	
117	201	
201	117	
100	101	
101	100	
44	164	
164	44	
12	255	
255	12	
178	196	
196	178	
214	239	
239	214	
86	101	
101	86	
186	190	
190	186	
1	142	
142	1	
15	16	
16	15	
158	269	
269	158	
195	244	
244	195	
165	277	
277	165	
119	149	
149	119	
15	26	
26	15	
3	50	
50	3	
113	135	
135	113	
122	147	
147	122	
61	82	
82	61	
137	258	
258	137	
103	191	
191	103	
84	119	
119	84	
32	59	
59	32	
72	137	
137	72	
86	157	
157	86	
65	98	
98	65	
38	49	
49	38	
133	200	
200	133	
206	225	
225	206	
29	44	
44	29	
0	7	
7	0	
12	167	
167	12	
145	219	
219	145	
8	235	
235	8	
117	192	
192	117	
39	59	
59	39	
178	179	
179	178	
7	9	
9	7	
132	211	
211	132	
125	160	
160	125	
155	197	
197	155	
12	201	
201	12	
0	134	
134	0	
137	211	
211	137	
197	232	
232	197	
23	50	
50	23	
2	248	
248	2	
95	206	
206	95	
177	257	
257	177	
14	114	
114	14	
151	159	
159	151	
146	147	
147	146	
171	185	
185	171	
130	205	
205	130	
2	87	
87	2	
2	21	
21	2	
249	284	
284	249	
114	132	
132	114	
7	134	
134	7	
95	207	
207	95	
102	120	
120	102	
219	232	
232	219	
132	210	
210	132	
179	189	
189	179	
108	137	
137	108	
137	185	
185	137	
12	131	
131	12	
24	63	
63	24	
111	201	
201	111	
168	231	
231	168	
142	244	
244	142	
170	256	
256	170	
124	135	
135	124	
210	213	
213	210	
177	253	
253	177	
12	152	
152	12	
130	210	
210	130	
219	237	
237	219	
9	103	
103	9	
30	64	
64	30	
118	161	
161	118	
246	277	
277	246	
21	74	
74	21	
35	77	
77	35	
118	150	
150	118	
118	182	
182	118	
86	158	
158	86	
24	44	
44	24	
63	85	
85	63	
113	124	
124	113	
41	43	
43	41	
98	191	
191	98	
7	60	
60	7	
34	74	
74	34	
12	177	
177	12	
10	126	
126	10	
74	130	
130	74	
59	102	
102	59	
44	104	
104	44	
50	58	
58	50	
13	100	
100	13	
27	35	
35	27	
33	45	
45	33	
166	167	
167	166	
182	191	
191	182	
33	205	
205	33	
64	70	
70	64	
117	179	
179	117	
116	117	
117	116	
125	201	
201	125	
5	59	
59	5	
39	225	
225	39	
39	148	
148	39	
175	246	
246	175	
4	41	
41	4	
132	133	
133	132	
119	199	
199	119	
40	44	
44	40	
190	226	
226	190	
5	70	
70	5	
246	268	
268	246	
47	62	
62	47	
149	198	
198	149	
118	176	
176	118	
22	40	
40	22	
231	238	
238	231	
157	192	
192	157	
137	254	
254	137	
100	102	
102	100	
172	226	
226	172	
3	93	
93	3	
55	71	
71	55	
44	156	
156	44	
4	160	
160	4	
172	220	
220	172	
187	204	
204	187	
115	122	
122	115	
47	66	
66	47	
98	101	
101	98	
27	59	
59	27	
15	59	
59	15	
16	116	
116	16	
97	187	
187	97	
269	278	
278	269	
98	198	
198	98	
51	56	
56	51	
13	75	
75	13	
6	43	
43	6	
111	145	
145	111	
179	197	
197	179	
2	204	
204	2	
118	174	
174	118	
204	231	
231	204	
153	166	
166	153	
184	259	
259	184	
57	61	
61	57	
2	155	
155	2	
24	241	
241	24	
48	62	
62	48	
115	139	
139	115	
233	238	
238	233	
44	89	
89	44	
2	201	
201	2	
4	31	
31	4	
39	145	
145	39	
154	197	
197	154	
4	119	
119	4	
31	58	
58	31	
29	50	
50	29	
12	155	
155	12	
6	109	
109	6	
44	214	
214	44	
84	120	
120	84	
137	192	
192	137	
83	84	
84	83	
114	239	
239	114	
109	121	
121	109	
181	234	
234	181	
125	172	
172	125	
169	277	
277	169	
13	46	
46	13	
139	147	
147	139	
44	276	
276	44	
52	105	
105	52	
145	202	
202	145	
148	193	
193	148	
48	52	
52	48	
87	236	
236	87	
31	35	
35	31	
104	123	
123	104	
54	56	
56	54	
145	187	
187	145	
116	141	
141	116	
44	188	
188	44	
22	116	
116	22	
5	12	
12	5	
89	137	
137	89	
244	245	
245	244	
44	177	
177	44	
1	136	
136	1	
17	19	
19	17	
103	198	
198	103	
95	142	
142	95	
108	112	
112	108	
8	203	
203	8	
12	129	
129	12	
42	218	
218	42	
4	76	
76	4	
17	42	
42	17	
72	130	
130	72	
55	59	
59	55	
1	10	
10	1	
4	71	
71	4	
44	245	
245	44	
1	116	
116	1	
3	7	
7	3	
42	206	
206	42	
177	254	
254	177	
108	130	
130	108	
44	165	
165	44	
87	117	
117	87	
3	178	
178	3	
29	42	
42	29	
47	214	
214	47	
107	124	
124	107	
8	102	
102	8	
121	123	
123	121	
12	138	
138	12	
123	149	
149	123	
1	130	
130	1	
65	83	
83	65	
58	240	
240	58	
169	273	
273	169	
148	199	
199	148	
171	246	
246	171	
45	46	
46	45	
204	219	
219	204	
228	257	
257	228	
15	20	
20	15	
3	160	
160	3	
117	162	
162	117	
40	56	
56	40	
118	170	
170	118	
4	224	
224	4	
44	282	
282	44	
177	258	
258	177	
97	280	
280	97	
146	150	
150	146	
115	138	
138	115	
47	130	
130	47	
198	228	
228	198	
77	236	
236	77	
47	63	
63	47	
166	221	
221	166	
44	230	
230	44	
124	143	
143	124	
145	229	
229	145	
140	141	
141	140	
27	32	
32	27	
142	261	
261	142	
245	275	
275	245	
47	48	
48	47	
3	117	
117	3	
6	35	
35	6	
75	90	
90	75	
35	50	
50	35	
98	118	
118	98	
31	46	
46	31	
173	178	
178	173	
244	283	
283	244	
20	71	
71	20	
2	226	
226	2	
5	10	
10	5	
6	107	
107	6	
4	18	
18	4	
62	65	
65	62	
93	216	
216	93	
84	201	
201	84	
44	234	
234	44	
118	166	
166	118	
159	200	
200	159	
57	59	
59	57	
133	214	
214	133	
123	228	
228	123	
27	90	
90	27	
125	255	
255	125	
13	43	
43	13	
20	130	
130	20	
12	174	
174	12	
118	152	
152	118	
276	279	
279	276	
132	215	
215	132	
226	229	
229	226	
112	223	
223	112	
130	131	
131	130	
2	257	
257	2	
200	219	
219	200	
18	43	
43	18	
44	207	
207	44	
44	61	
61	44	
246	279	
279	246	
36	44	
44	36	
168	233	
233	168	
210	218	
218	210	
44	179	
179	44	
125	206	
206	125	
119	174	
174	119	
3	151	
151	3	
4	180	
180	4	
125	169	
169	125	
171	218	
218	171	
44	97	
97	44	
129	137	
137	129	
44	246	
246	44	
3	161	
161	3	
142	150	
150	142	
190	213	
213	190	
86	110	
110	86	
95	204	
204	95	
133	202	
202	133	
117	153	
153	117	
142	164	
164	142	
227	253	
253	227	
176	177	
177	176	
1	141	
141	1	
64	104	
104	64	
17	41	
41	17	
31	121	
121	31	
181	182	
182	181	
142	148	
148	142	
12	180	
180	12	
1	124	
124	1	
204	233	
233	204	
9	108	
108	9	
110	112	
112	110	
2	98	
98	2	
47	87	
87	47	
89	123	
123	89	
189	245	
245	189	
2	194	
194	2	
84	132	
132	84	
117	178	
178	117	
13	137	
137	13	
6	88	
88	6	
72	112	
112	72	
44	202	
202	44	
12	21	
21	12	
48	130	
130	48	
84	121	
121	84	
9	111	
111	9	
177	255	
255	177	
108	114	
114	108	
44	112	
112	44	
130	198	
198	130	
118	172	
172	118	
41	71	
71	41	
187	203	
203	187	
153	227	
227	153	
103	139	
139	103	
207	221	
221	207	
172	254	
254	172	
172	201	
201	172	
48	132	
132	48	
97	195	
195	97	
44	75	
75	44	
3	216	
216	3	
125	154	
154	125	
219	230	
230	219	
180	231	
231	180	
176	227	
227	176	
135	138	
138	135	
130	211	
211	130	
137	259	
259	137	
157	234	
234	157	
118	151	
151	118	
192	234	
234	192	
3	125	
125	3	
198	200	
200	198	
4	182	
182	4	
11	12	
12	11	
187	284	
284	187	
0	1	
1	0	
120	142	
142	120	
5	8	
8	5	
8	108	
108	8	
44	221	
221	44	
146	148	
148	146	
148	205	
205	148	
12	153	
153	12	
18	63	
63	18	
0	4	
4	0	
48	93	
93	48	
122	205	
205	122	
189	232	
232	189	
73	209	
209	73	
142	191	
191	142	
102	113	
113	102	
44	219	
219	44	
34	72	
72	34	
153	177	
177	153	
171	217	
217	171	
44	237	
237	44	
56	71	
71	56	
37	213	
213	37	
12	86	
86	12	
135	139	
139	135	
3	168	
168	3	
115	127	
127	115	
118	162	
162	118	
44	192	
192	44	
87	103	
103	87	
187	220	
220	187	
125	226	
226	125	
84	118	
118	84	
63	101	
101	63	
137	171	
171	137	
97	167	
167	97	
3	98	
98	3	
122	138	
138	122	
123	199	
199	123	
150	191	
191	150	
176	226	
226	176	
185	190	
190	185	
4	179	
179	4	
142	282	
282	142	
117	186	
186	117	
44	175	
175	44	
3	106	
106	3	
44	168	
168	44	
1	135	
135	1	
107	115	
115	107	
86	87	
87	86	
18	23	
23	18	
245	271	
271	245	
33	38	
38	33	
277	278	
278	277	
1	131	
131	1	
125	184	
184	125	
84	157	
157	84	
163	271	
271	163	
4	52	
52	4	
137	217	
217	137	
22	42	
42	22	
16	98	
98	16	
117	151	
151	117	
117	166	
166	117	
2	153	
153	2	
77	90	
90	77	
141	145	
145	141	
111	187	
187	111	
98	202	
202	98	
21	83	
83	21	
119	220	
220	119	
71	83	
83	71	
4	207	
207	4	
98	123	
123	98	
145	193	
193	145	
203	233	
233	203	
31	73	
73	31	
35	91	
91	35	
84	116	
116	84	
1	74	
74	1	
23	75	
75	23	
6	75	
75	6	
22	71	
71	22	
148	219	
219	148	
79	190	
190	79	
1	195	
195	1	
2	186	
186	2	
2	168	
168	2	
3	239	
239	3	
199	207	
207	199	
58	85	
85	58	
228	255	
255	228	
99	105	
105	99	
142	173	
173	142	
84	215	
215	84	
