204	237	
237	204	
76	195	
195	76	
192	225	
225	192	
37	119	
119	37	
109	218	
218	109	
147	169	
169	147	
117	235	
235	117	
163	193	
193	163	
77	106	
106	77	
201	230	
230	201	
45	279	
279	45	
151	198	
198	151	
143	181	
181	143	
102	249	
249	102	
114	172	
172	114	
212	231	
231	212	
79	277	
277	79	
102	242	
242	102	
28	209	
209	28	
55	101	
101	55	
90	163	
163	90	
56	272	
272	56	
126	210	
210	126	
218	277	
277	218	
193	226	
226	193	
148	230	
230	148	
128	261	
261	128	
245	289	
289	245	
227	260	
260	227	
101	238	
238	101	
54	64	
64	54	
47	180	
180	47	
227	257	
257	227	
165	291	
291	165	
43	261	
261	43	
80	279	
279	80	
219	247	
247	219	
128	198	
198	128	
248	269	
269	248	
31	142	
142	31	
41	54	
54	41	
40	70	
70	40	
145	288	
288	145	
27	287	
287	27	
200	213	
213	200	
199	264	
264	199	
49	200	
200	49	
22	79	
79	22	
151	289	
289	151	
130	183	
183	130	
87	280	
280	87	
135	145	
145	135	
59	277	
277	59	
66	180	
180	66	
79	207	
207	79	
152	227	
227	152	
174	285	
285	174	
4	205	
205	4	
165	186	
186	165	
32	214	
214	32	
83	203	
203	83	
149	255	
255	149	
27	94	
94	27	
193	291	
291	193	
114	177	
177	114	
17	92	
92	17	
50	225	
225	50	
14	258	
258	14	
95	116	
116	95	
106	278	
278	106	
53	260	
260	53	
57	275	
275	57	
109	249	
249	109	
99	276	
276	99	
4	285	
285	4	
191	289	
289	191	
37	163	
163	37	
79	276	
276	79	
52	114	
114	52	
204	268	
268	204	
52	59	
59	52	
6	42	
42	6	
270	289	
289	270	
229	289	
289	229	
26	102	
102	26	
192	256	
256	192	
61	206	
206	61	
160	240	
240	160	
12	70	
70	12	
2	211	
211	2	
157	225	
225	157	
185	271	
271	185	
0	170	
170	0	
9	57	
57	9	
139	218	
218	139	
34	217	
217	34	
90	229	
229	90	
221	280	
280	221	
4	104	
104	4	
62	145	
145	62	
161	250	
250	161	
181	286	
286	181	
133	172	
172	133	
147	158	
158	147	
125	215	
215	125	
214	252	
252	214	
118	272	
272	118	
103	233	
233	103	
90	257	
257	90	
55	266	
266	55	
60	280	
280	60	
137	138	
138	137	
189	243	
243	189	
195	256	
256	195	
71	254	
254	71	
56	207	
207	56	
18	259	
259	18	
8	168	
168	8	
196	258	
258	196	
38	177	
177	38	
79	214	
214	79	
194	216	
216	194	
167	236	
236	167	
19	227	
227	19	
141	256	
256	141	
228	284	
284	228	
112	277	
277	112	
69	127	
127	69	
50	65	
65	50	
104	193	
193	104	
68	122	
122	68	
2	258	
258	2	
56	93	
93	56	
33	224	
224	33	
182	204	
204	182	
23	293	
293	23	
25	213	
213	25	
20	72	
72	20	
82	125	
125	82	
27	255	
255	27	
189	284	
284	189	
74	128	
128	74	
64	282	
282	64	
29	248	
248	29	
163	171	
171	163	
232	281	
281	232	
200	290	
290	200	
122	222	
222	122	
3	49	
49	3	
20	120	
120	20	
167	197	
197	167	
91	239	
239	91	
120	204	
204	120	
70	94	
94	70	
200	267	
267	200	
20	88	
88	20	
93	242	
242	93	
23	76	
76	23	
95	217	
217	95	
86	219	
219	86	
3	257	
257	3	
33	292	
292	33	
58	145	
145	58	
161	178	
178	161	
79	212	
212	79	
136	254	
254	136	
259	278	
278	259	
85	196	
196	85	
27	228	
228	27	
50	113	
113	50	
164	233	
233	164	
119	150	
150	119	
145	150	
150	145	
200	273	
273	200	
9	264	
264	9	
109	277	
277	109	
183	295	
295	183	
53	100	
100	53	
186	239	
239	186	
21	232	
232	21	
6	226	
226	6	
18	155	
155	18	
7	161	
161	7	
53	141	
141	53	
59	232	
232	59	
50	256	
256	50	
174	193	
193	174	
109	165	
165	109	
79	290	
290	79	
108	187	
187	108	
24	238	
238	24	
104	206	
206	104	
205	290	
290	205	
194	202	
202	194	
94	172	
172	94	
29	117	
117	29	
126	151	
151	126	
96	219	
219	96	
63	249	
249	63	
91	121	
121	91	
55	196	
196	55	
81	102	
102	81	
37	73	
73	37	
135	160	
160	135	
6	208	
208	6	
6	15	
15	6	
93	233	
233	93	
97	136	
136	97	
217	266	
266	217	
15	198	
198	15	
32	282	
282	32	
87	140	
140	87	
22	100	
100	22	
58	257	
257	58	
99	131	
131	99	
34	250	
250	34	
137	189	
189	137	
194	196	
196	194	
149	283	
283	149	
173	293	
293	173	
46	224	
224	46	
94	160	
160	94	
36	112	
112	36	
72	142	
142	72	
51	136	
136	51	
66	156	
156	66	
6	86	
86	6	
39	85	
85	39	
111	214	
214	111	
103	112	
112	103	
151	210	
210	151	
162	239	
239	162	
24	76	
76	24	
105	194	
194	105	
11	271	
271	11	
70	225	
225	70	
44	59	
59	44	
72	111	
111	72	
234	279	
279	234	
139	194	
194	139	
46	113	
113	46	
157	248	
248	157	
3	163	
163	3	
72	119	
119	72	
63	234	
234	63	
262	276	
276	262	
100	155	
155	100	
93	293	
293	93	
64	95	
95	64	
196	242	
242	196	
27	256	
256	27	
57	136	
136	57	
24	133	
133	24	
222	260	
260	222	
70	272	
272	70	
211	212	
212	211	
15	229	
229	15	
151	209	
209	151	
196	250	
250	196	
88	217	
217	88	
165	272	
272	165	
128	264	
264	128	
1	143	
143	1	
29	63	
63	29	
42	117	
117	42	
13	109	
109	13	
75	179	
179	75	
200	269	
269	200	
243	266	
266	243	
178	265	
265	178	
1	198	
198	1	
156	284	
284	156	
51	251	
251	51	
13	110	
110	13	
44	149	
149	44	
187	214	
214	187	
4	21	
21	4	
107	205	
205	107	
116	163	
163	116	
0	254	
254	0	
68	168	
168	68	
92	212	
212	92	
35	127	
127	35	
94	267	
267	94	
72	138	
138	72	
137	165	
165	137	
202	259	
259	202	
86	217	
217	86	
50	250	
250	50	
29	40	
40	29	
133	134	
134	133	
7	10	
10	7	
173	286	
286	173	
0	81	
81	0	
137	158	
158	137	
136	157	
157	136	
65	282	
282	65	
101	104	
104	101	
210	214	
214	210	
34	198	
198	34	
14	187	
187	14	
49	86	
86	49	
253	259	
259	253	
96	259	
259	96	
162	293	
293	162	
79	154	
154	79	
164	207	
207	164	
29	133	
133	29	
22	257	
257	22	
66	183	
183	66	
76	288	
288	76	
89	224	
224	89	
111	221	
221	111	
37	102	
102	37	
164	232	
232	164	
124	156	
156	124	
13	251	
251	13	
102	146	
146	102	
57	129	
129	57	
28	127	
127	28	
134	289	
289	134	
284	286	
286	284	
212	278	
278	212	
275	291	
291	275	
18	296	
296	18	
94	145	
145	94	
39	86	
86	39	
206	239	
239	206	
115	257	
257	115	
24	49	
49	24	
26	273	
273	26	
154	273	
273	154	
20	222	
222	20	
15	210	
210	15	
15	251	
251	15	
0	67	
67	0	
207	281	
281	207	
27	211	
211	27	
112	132	
132	112	
33	194	
194	33	
44	147	
147	44	
32	69	
69	32	
111	131	
131	111	
29	253	
253	29	
167	208	
208	167	
148	209	
209	148	
60	183	
183	60	
53	89	
89	53	
167	181	
181	167	
183	228	
228	183	
24	252	
252	24	
218	256	
256	218	
180	262	
262	180	
1	31	
31	1	
85	167	
167	85	
21	265	
265	21	
173	220	
220	173	
35	138	
138	35	
9	232	
232	9	
257	278	
278	257	
113	202	
202	113	
114	190	
190	114	
42	156	
156	42	
83	232	
232	83	
175	197	
197	175	
135	215	
215	135	
102	274	
274	102	
116	150	
150	116	
96	173	
173	96	
124	147	
147	124	
26	261	
261	26	
130	164	
164	130	
141	148	
148	141	
25	213	
213	25	
92	238	
238	92	
78	270	
270	78	
64	242	
242	64	
82	198	
198	82	
144	283	
283	144	
235	252	
252	235	
8	202	
202	8	
56	196	
196	56	
221	273	
273	221	
47	148	
148	47	
49	230	
230	49	
223	251	
251	223	
163	169	
169	163	
14	126	
126	14	
34	292	
292	34	
98	180	
180	98	
217	232	
232	217	
150	237	
237	150	
205	288	
288	205	
122	268	
268	122	
168	223	
223	168	
99	130	
130	99	
66	106	
106	66	
4	57	
57	4	
185	288	
288	185	
9	19	
19	9	
3	214	
214	3	
215	245	
245	215	
145	278	
278	145	
197	226	
226	197	
53	102	
102	53	
66	250	
250	66	
36	115	
115	36	
124	234	
234	124	
26	143	
143	26	
105	185	
185	105	
148	155	
155	148	
37	245	
245	37	
220	294	
294	220	
137	251	
251	137	
49	167	
167	49	
106	111	
111	106	
68	96	
96	68	
17	211	
211	17	
175	231	
231	175	
26	32	
32	26	
61	101	
101	61	
60	262	
262	60	
4	34	
34	4	
133	253	
253	133	
205	225	
225	205	
208	238	
238	208	
192	262	
262	192	
227	278	
278	227	
114	165	
165	114	
121	259	
259	121	
67	280	
280	67	
101	104	
104	101	
54	224	
224	54	
221	236	
236	221	
9	12	
12	9	
217	284	
284	217	
35	236	
236	35	
17	161	
161	17	
20	167	
167	20	
81	219	
219	81	
169	182	
182	169	
29	123	
123	29	
20	78	
78	20	
208	233	
233	208	
198	263	
263	198	
113	220	
220	113	
55	99	
99	55	
153	170	
170	153	
17	260	
260	17	
214	267	
267	214	
32	171	
171	32	
106	265	
265	106	
225	280	
280	225	
94	163	
163	94	
47	141	
141	47	
110	173	
173	110	
77	209	
209	77	
61	272	
272	61	
40	98	
98	40	
52	192	
192	52	
225	272	
272	225	
99	262	
262	99	
187	269	
269	187	
33	50	
50	33	
230	273	
273	230	
237	253	
253	237	
36	253	
253	36	
149	155	
155	149	
172	188	
188	172	
28	36	
36	28	
66	177	
177	66	
84	250	
250	84	
114	164	
164	114	
31	183	
183	31	
9	230	
230	9	
165	289	
289	165	
34	153	
153	34	
183	296	
296	183	
212	220	
220	212	
174	268	
268	174	
146	157	
157	146	
227	285	
285	227	
77	108	
108	77	
133	194	
194	133	
62	249	
249	62	
130	289	
289	130	
11	238	
238	11	
38	245	
245	38	
99	123	
123	99	
11	147	
147	11	
82	274	
274	82	
8	60	
60	8	
188	265	
265	188	
71	115	
115	71	
51	155	
155	51	
187	206	
206	187	
258	264	
264	258	
71	246	
246	71	
129	141	
141	129	
56	102	
102	56	
134	255	
255	134	
142	154	
154	142	
102	181	
181	102	
57	92	
92	57	
52	219	
219	52	
98	105	
105	98	
48	237	
237	48	
10	148	
148	10	
75	227	
227	75	
120	177	
177	120	
25	273	
273	25	
53	267	
267	53	
137	197	
197	137	
149	281	
281	149	
45	136	
136	45	
42	109	
109	42	
31	60	
60	31	
150	236	
236	150	
159	290	
290	159	
164	261	
261	164	
45	55	
55	45	
226	264	
264	226	
25	123	
123	25	
81	260	
260	81	
125	295	
295	125	
20	195	
195	20	
197	253	
253	197	
143	211	
211	143	
171	211	
211	171	
66	233	
233	66	
23	279	
279	23	
33	39	
39	33	
143	205	
205	143	
214	223	
223	214	
91	296	
296	91	
24	39	
39	24	
30	203	
203	30	
50	164	
164	50	
199	228	
228	199	
85	254	
254	85	
84	233	
233	84	
104	227	
227	104	
123	277	
277	123	
104	106	
106	104	
160	162	
162	160	
135	172	
172	135	
216	259	
259	216	
95	117	
117	95	
9	146	
146	9	
61	283	
283	61	
250	280	
280	250	
162	178	
178	162	
132	194	
194	132	
42	261	
261	42	
189	248	
248	189	
111	240	
240	111	
178	199	
199	178	
43	78	
78	43	
246	282	
282	246	
247	256	
256	247	
175	243	
243	175	
46	158	
158	46	
199	215	
215	199	
141	184	
184	141	
155	230	
230	155	
96	292	
292	96	
0	86	
86	0	
70	163	
163	70	
161	281	
281	161	
271	291	
291	271	
28	93	
93	28	
68	241	
241	68	
109	110	
110	109	
200	207	
207	200	
113	119	
119	113	
102	295	
295	102	
113	296	
296	113	
184	214	
214	184	
41	222	
222	41	
68	281	
281	68	
236	244	
244	236	
104	139	
139	104	
86	116	
116	86	
70	185	
185	70	
7	254	
254	7	
265	292	
292	265	
21	202	
202	21	
83	142	
142	83	
243	265	
265	243	
140	293	
293	140	
109	133	
133	109	
70	224	
224	70	
14	67	
67	14	
76	201	
201	76	
259	263	
263	259	
38	136	
136	38	
93	133	
133	93	
84	245	
245	84	
12	66	
66	12	
35	86	
86	35	
67	223	
223	67	
24	239	
239	24	
143	291	
291	143	
9	86	
86	9	
27	81	
81	27	
80	207	
207	80	
56	274	
274	56	
41	224	
224	41	
32	151	
151	32	
63	190	
190	63	
187	290	
290	187	
44	119	
119	44	
152	159	
159	152	
147	235	
235	147	
54	204	
204	54	
109	127	
127	109	
47	203	
203	47	
77	255	
255	77	
12	105	
105	12	
135	234	
234	135	
186	251	
251	186	
135	237	
237	135	
161	243	
243	161	
90	208	
208	90	
161	177	
177	161	
195	289	
289	195	
78	162	
162	78	
232	263	
263	232	
42	154	
154	42	
28	79	
79	28	
14	284	
284	14	
29	170	
170	29	
250	286	
286	250	
145	216	
216	145	
9	166	
166	9	
13	188	
188	13	
119	266	
266	119	
213	278	
278	213	
155	269	
269	155	
30	66	
66	30	
177	228	
228	177	
41	70	
70	41	
227	254	
254	227	
171	238	
238	171	
83	145	
145	83	
129	222	
222	129	
40	152	
152	40	
76	80	
80	76	
7	122	
122	7	
17	61	
61	17	
73	288	
288	73	
74	238	
238	74	
67	226	
226	67	
58	156	
156	58	
142	167	
167	142	
39	223	
223	39	
134	292	
292	134	
166	182	
182	166	
144	282	
282	144	
128	143	
143	128	
84	128	
128	84	
130	177	
177	130	
52	206	
206	52	
56	198	
198	56	
179	235	
235	179	
16	127	
127	16	
148	270	
270	148	
224	226	
226	224	
24	195	
195	24	
20	188	
188	20	
176	196	
196	176	
33	251	
251	33	
24	279	
279	24	
69	109	
109	69	
11	145	
145	11	
34	160	
160	34	
99	212	
212	99	
95	156	
156	95	
20	59	
59	20	
16	49	
49	16	
57	231	
231	57	
13	72	
72	13	
175	272	
272	175	
72	202	
202	72	
106	171	
171	106	
25	80	
80	25	
53	263	
263	53	
198	257	
257	198	
130	140	
140	130	
219	250	
250	219	
108	234	
234	108	
52	288	
288	52	
66	179	
179	66	
218	245	
245	218	
82	123	
123	82	
19	269	
269	19	
127	181	
181	127	
167	182	
182	167	
114	125	
125	114	
53	233	
233	53	
122	221	
221	122	
96	232	
232	96	
134	179	
179	134	
59	159	
159	59	
37	288	
288	37	
131	227	
227	131	
53	271	
271	53	
94	131	
131	94	
230	284	
284	230	
63	107	
107	63	
27	113	
113	27	
45	173	
173	45	
42	244	
244	42	
97	249	
249	97	
3	236	
236	3	
151	246	
246	151	
246	283	
283	246	
31	108	
108	31	
118	234	
234	118	
141	152	
152	141	
27	97	
97	27	
103	294	
294	103	
6	126	
126	6	
15	222	
222	15	
182	225	
225	182	
103	152	
152	103	
52	178	
178	52	
29	82	
82	29	
28	76	
76	28	
143	288	
288	143	
4	284	
284	4	
71	268	
268	71	
123	161	
161	123	
199	233	
233	199	
133	188	
188	133	
59	112	
112	59	
181	206	
206	181	
28	87	
87	28	
58	142	
142	58	
35	150	
150	35	
111	118	
118	111	
83	182	
182	83	
34	158	
158	34	
20	267	
267	20	
138	201	
201	138	
116	232	
232	116	
11	35	
35	11	
48	167	
167	48	
188	219	
219	188	
70	182	
182	70	
189	253	
253	189	
32	60	
60	32	
47	123	
123	47	
10	57	
57	10	
255	274	
274	255	
114	244	
244	114	
187	214	
214	187	
0	63	
63	0	
208	227	
227	208	
235	261	
261	235	
32	246	
246	32	
155	254	
254	155	
207	210	
210	207	
1	36	
36	1	
52	90	
90	52	
176	224	
224	176	
48	110	
110	48	
51	202	
202	51	
142	223	
223	142	
56	127	
127	56	
60	74	
74	60	
144	225	
225	144	
6	114	
114	6	
139	157	
157	139	
59	278	
278	59	
51	132	
132	51	
49	229	
229	49	
19	279	
279	19	
184	215	
215	184	
26	174	
174	26	
53	70	
70	53	
62	92	
92	62	
47	237	
237	47	
142	243	
243	142	
88	251	
251	88	
141	230	
230	141	
44	248	
248	44	
139	180	
180	139	
53	196	
196	53	
147	267	
267	147	
122	220	
220	122	
67	168	
168	67	
72	106	
106	72	
90	244	
244	90	
82	228	
228	82	
114	278	
278	114	
142	266	
266	142	
206	215	
215	206	
8	69	
69	8	
5	22	
22	5	
22	80	
80	22	
5	142	
142	5	
132	169	
169	132	
125	215	
215	125	
190	262	
262	190	
129	141	
141	129	
81	205	
205	81	
0	217	
217	0	
166	184	
184	166	
275	277	
277	275	
121	145	
145	121	
20	293	
293	20	
144	260	
260	144	
167	291	
291	167	
22	272	
272	22	
204	257	
257	204	
51	185	
185	51	
164	231	
231	164	
61	196	
196	61	
175	264	
264	175	
215	219	
219	215	
15	240	
240	15	
66	281	
281	66	
115	120	
120	115	
47	124	
124	47	
16	257	
257	16	
210	216	
216	210	
153	197	
197	153	
120	283	
283	120	
71	251	
251	71	
189	248	
248	189	
162	229	
229	162	
1	117	
117	1	
179	217	
217	179	
83	211	
211	83	
38	139	
139	38	
155	211	
211	155	
119	209	
209	119	
24	132	
132	24	
55	124	
124	55	
153	190	
190	153	
90	138	
138	90	
124	127	
127	124	
145	236	
236	145	
142	221	
221	142	
31	226	
226	31	
40	90	
90	40	
49	242	
242	49	
2	210	
210	2	
237	259	
259	237	
74	166	
166	74	
251	285	
285	251	
215	234	
234	215	
50	292	
292	50	
103	296	
296	103	
129	265	
265	129	
97	178	
178	97	
83	284	
284	83	
49	74	
74	49	
222	239	
239	222	
82	196	
196	82	
46	216	
216	46	
182	241	
241	182	
211	245	
245	211	
84	141	
141	84	
53	158	
158	53	
19	187	
187	19	
188	236	
236	188	
102	216	
216	102	
72	267	
267	72	
164	267	
267	164	
27	69	
69	27	
90	192	
192	90	
100	258	
258	100	
34	214	
214	34	
21	250	
250	21	
18	37	
37	18	
61	152	
152	61	
89	101	
101	89	
137	287	
287	137	
21	229	
229	21	
37	287	
287	37	
49	195	
195	49	
243	295	
295	243	
122	236	
236	122	
43	45	
45	43	
111	123	
123	111	
56	258	
258	56	
93	258	
258	93	
71	242	
242	71	
28	194	
194	28	
129	218	
218	129	
11	211	
211	11	
160	280	
280	160	
175	261	
261	175	
208	254	
254	208	
27	202	
202	27	
210	219	
219	210	
82	92	
92	82	
66	75	
75	66	
118	254	
254	118	
107	198	
198	107	
45	120	
120	45	
150	156	
156	150	
51	61	
61	51	
87	252	
252	87	
57	248	
248	57	
127	272	
272	127	
86	181	
181	86	
50	161	
161	50	
166	172	
172	166	
21	56	
56	21	
140	165	
165	140	
29	126	
126	29	
95	234	
234	95	
24	168	
168	24	
100	155	
155	100	
92	234	
234	92	
248	292	
292	248	
115	168	
168	115	
177	280	
280	177	
159	270	
270	159	
100	204	
204	100	
235	246	
246	235	
36	172	
172	36	
102	253	
253	102	
136	174	
174	136	
193	263	
263	193	
100	261	
261	100	
14	285	
285	14	
17	188	
188	17	
43	290	
290	43	
37	201	
201	37	
132	283	
283	132	
131	292	
292	131	
149	168	
168	149	
69	216	
216	69	
36	41	
41	36	
85	269	
269	85	
192	292	
292	192	
240	267	
267	240	
111	278	
278	111	
14	229	
229	14	
174	206	
206	174	
36	212	
212	36	
2	145	
145	2	
1	26	
26	1	
8	291	
291	8	
81	122	
122	81	
28	295	
295	28	
89	121	
121	89	
1	149	
149	1	
42	122	
122	42	
41	66	
66	41	
154	231	
231	154	
163	226	
226	163	
115	157	
157	115	
95	226	
226	95	
108	169	
169	108	
26	220	
220	26	
134	268	
268	134	
61	119	
119	61	
49	200	
200	49	
105	222	
222	105	
145	265	
265	145	
29	226	
226	29	
115	278	
278	115	
251	269	
269	251	
180	274	
274	180	
134	248	
248	134	
2	66	
66	2	
43	284	
284	43	
126	276	
276	126	
104	134	
134	104	
54	78	
78	54	
191	274	
274	191	
61	259	
259	61	
25	252	
252	25	
147	249	
249	147	
48	60	
60	48	
223	239	
239	223	
15	44	
44	15	
129	236	
236	129	
32	284	
284	32	
49	189	
189	49	
84	286	
286	84	
79	104	
104	79	
207	214	
214	207	
9	190	
190	9	
38	245	
245	38	
42	283	
283	42	
92	232	
232	92	
133	286	
286	133	
192	264	
264	192	
14	212	
212	14	
278	286	
286	278	
133	237	
237	133	
197	283	
283	197	
77	98	
98	77	
36	278	
278	36	
111	186	
186	111	
95	158	
158	95	
49	224	
224	49	
148	174	
174	148	
14	42	
42	14	
17	177	
177	17	
206	216	
216	206	
19	167	
167	19	
94	194	
194	94	
154	232	
232	154	
0	37	
37	0	
202	256	
256	202	
109	279	
279	109	
66	186	
186	66	
226	295	
295	226	
151	208	
208	151	
139	218	
218	139	
193	225	
225	193	
138	264	
264	138	
15	183	
183	15	
19	106	
106	19	
22	200	
200	22	
126	233	
233	126	
37	222	
222	37	
100	209	
209	100	
36	204	
204	36	
171	229	
229	171	
9	210	
210	9	
103	262	
262	103	
153	198	
198	153	
30	150	
150	30	
68	182	
182	68	
136	168	
168	136	
28	252	
252	28	
169	207	
207	169	
43	197	
197	43	
231	290	
290	231	
114	244	
244	114	
211	231	
231	211	
253	281	
281	253	
29	183	
183	29	
197	267	
267	197	
6	19	
19	6	
262	292	
292	262	
54	296	
296	54	
18	263	
263	18	
35	287	
287	35	
104	255	
255	104	
14	226	
226	14	
58	239	
239	58	
64	264	
264	64	
67	139	
139	67	
191	296	
296	191	
21	278	
278	21	
182	222	
222	182	
38	292	
292	38	
39	199	
199	39	
99	266	
266	99	
39	157	
157	39	
25	174	
174	25	
67	288	
288	67	
239	254	
254	239	
4	39	
39	4	
98	193	
193	98	
7	71	
71	7	
150	272	
272	150	
75	148	
148	75	
91	270	
270	91	
35	127	
127	35	
119	167	
167	119	
6	62	
62	6	
109	129	
129	109	
145	153	
153	145	
77	137	
137	77	
32	236	
236	32	
130	222	
222	130	
128	182	
182	128	
126	159	
159	126	
139	294	
294	139	
155	229	
229	155	
252	253	
253	252	
213	278	
278	213	
90	272	
272	90	
8	184	
184	8	
190	270	
270	190	
223	230	
230	223	
122	232	
232	122	
19	135	
135	19	
0	121	
121	0	
137	147	
147	137	
14	249	
249	14	
137	266	
266	137	
99	117	
117	99	
154	176	
176	154	
103	263	
263	103	
6	264	
264	6	
30	57	
57	30	
50	291	
291	50	
269	289	
289	269	
178	182	
182	178	
127	128	
128	127	
124	180	
180	124	
91	183	
183	91	
99	210	
210	99	
4	276	
276	4	
116	192	
192	116	
138	266	
266	138	
76	178	
178	76	
125	163	
163	125	
68	282	
282	68	
230	281	
281	230	
182	247	
247	182	
94	108	
108	94	
108	185	
185	108	
36	255	
255	36	
146	242	
242	146	
113	236	
236	113	
182	208	
208	182	
86	116	
116	86	
43	293	
293	43	
16	32	
32	16	
200	234	
234	200	
36	175	
175	36	
57	83	
83	57	
90	147	
147	90	
217	251	
251	217	
41	66	
66	41	
108	218	
218	108	
94	278	
278	94	
4	295	
295	4	
26	169	
169	26	
111	159	
159	111	
169	195	
195	169	
67	195	
195	67	
31	135	
135	31	
101	296	
296	101	
72	189	
189	72	
113	197	
197	113	
17	246	
246	17	
153	233	
233	153	
176	259	
259	176	
83	230	
230	83	
106	266	
266	106	
236	280	
280	236	
173	210	
210	173	
188	239	
239	188	
9	160	
160	9	
4	274	
274	4	
92	172	
172	92	
22	66	
66	22	
216	233	
233	216	
33	267	
267	33	
226	272	
272	226	
1	3	
3	1	
63	116	
116	63	
196	205	
205	196	
102	115	
115	102	
67	277	
277	67	
5	247	
247	5	
67	77	
77	67	
19	21	
21	19	
18	104	
104	18	
101	275	
275	101	
19	41	
41	19	
30	131	
131	30	
187	231	
231	187	
10	12	
12	10	
13	248	
248	13	
67	225	
225	67	
77	124	
124	77	
139	283	
283	139	
283	293	
293	283	
22	79	
79	22	
82	92	
92	82	
253	279	
279	253	
134	177	
177	134	
151	249	
249	151	
117	264	
264	117	
156	213	
213	156	
252	288	
288	252	
64	82	
82	64	
195	296	
296	195	
95	139	
139	95	
232	239	
239	232	
163	231	
231	163	
141	236	
236	141	
220	255	
255	220	
164	288	
288	164	
103	197	
197	103	
270	274	
274	270	
42	215	
215	42	
35	51	
51	35	
247	266	
266	247	
52	296	
296	52	
55	191	
191	55	
16	286	
286	16	
45	151	
151	45	
85	190	
190	85	
164	237	
237	164	
151	234	
234	151	
71	254	
254	71	
13	285	
285	13	
96	221	
221	96	
83	265	
265	83	
47	181	
181	47	
112	274	
274	112	
52	292	
292	52	
23	51	
51	23	
226	267	
267	226	
162	186	
186	162	
64	293	
293	64	
123	236	
236	123	
58	115	
115	58	
110	158	
158	110	
68	213	
213	68	
62	73	
73	62	
12	44	
44	12	
27	121	
121	27	
33	179	
179	33	
133	262	
262	133	
87	231	
231	87	
180	282	
282	180	
130	141	
141	130	
15	89	
89	15	
154	205	
205	154	
9	35	
35	9	
206	259	
259	206	
105	206	
206	105	
9	126	
126	9	
43	160	
160	43	
113	166	
166	113	
179	282	
282	179	
100	187	
187	100	
63	68	
68	63	
26	208	
208	26	
66	240	
240	66	
21	202	
202	21	
11	167	
167	11	
230	283	
283	230	
27	196	
196	27	
202	237	
237	202	
121	268	
268	121	
201	278	
278	201	
155	245	
245	155	
163	287	
287	163	
107	270	
270	107	
5	89	
89	5	
41	131	
131	41	
201	247	
247	201	
176	248	
248	176	
210	241	
241	210	
102	241	
241	102	
54	178	
178	54	
19	174	
174	19	
57	255	
255	57	
184	234	
234	184	
172	199	
199	172	
64	186	
186	64	
186	228	
228	186	
234	294	
294	234	
14	55	
55	14	
276	288	
288	276	
155	240	
240	155	
131	276	
276	131	
108	271	
271	108	
134	203	
203	134	
11	18	
18	11	
40	150	
150	40	
164	243	
243	164	
16	183	
183	16	
199	273	
273	199	
105	171	
171	105	
98	160	
160	98	
112	173	
173	112	
59	139	
139	59	
41	140	
140	41	
35	254	
254	35	
83	88	
88	83	
127	130	
130	127	
60	114	
114	60	
58	98	
98	58	
88	148	
148	88	
108	269	
269	108	
105	122	
122	105	
168	184	
184	168	
190	230	
230	190	
253	257	
257	253	
29	41	
41	29	
49	287	
287	49	
26	175	
175	26	
137	187	
187	137	
70	274	
274	70	
68	107	
107	68	
213	295	
295	213	
95	251	
251	95	
91	173	
173	91	
46	57	
57	46	
217	273	
273	217	
237	249	
249	237	
10	189	
189	10	
222	260	
260	222	
45	232	
232	45	
245	258	
258	245	
59	220	
220	59	
78	286	
286	78	
80	218	
218	80	
144	251	
251	144	
59	121	
121	59	
1	21	
21	1	
63	291	
291	63	
66	231	
231	66	
128	231	
231	128	
199	240	
240	199	
156	186	
186	156	
219	251	
251	219	
25	217	
217	25	
77	277	
277	77	
38	194	
194	38	
217	266	
266	217	
127	196	
196	127	
2	296	
296	2	
233	278	
278	233	
191	258	
258	191	
41	99	
99	41	
66	110	
110	66	
135	141	
141	135	
76	280	
280	76	
130	236	
236	130	
29	179	
179	29	
22	264	
264	22	
65	182	
182	65	
66	121	
121	66	
59	78	
78	59	
120	248	
248	120	
91	271	
271	91	
36	178	
178	36	
18	133	
133	18	
7	105	
105	7	
86	137	
137	86	
16	80	
80	16	
206	233	
233	206	
87	197	
197	87	
147	235	
235	147	
143	159	
159	143	
112	185	
185	112	
108	248	
248	108	
42	291	
291	42	
93	153	
153	93	
38	113	
113	38	
67	230	
230	67	
96	184	
184	96	
100	163	
163	100	
36	288	
288	36	
61	263	
263	61	
64	138	
138	64	
128	251	
251	128	
4	284	
284	4	
9	33	
33	9	
150	222	
222	150	
2	197	
197	2	
233	243	
243	233	
169	214	
214	169	
46	161	
161	46	
20	51	
51	20	
72	212	
212	72	
214	279	
279	214	
99	258	
258	99	
27	197	
197	27	
5	170	
170	5	
16	188	
188	16	
197	244	
244	197	
194	270	
270	194	
61	116	
116	61	
243	282	
282	243	
215	293	
293	215	
0	82	
82	0	
40	94	
94	40	
178	202	
202	178	
105	164	
164	105	
112	240	
240	112	
169	282	
282	169	
71	192	
192	71	
21	202	
202	21	
130	238	
238	130	
169	226	
226	169	
38	181	
181	38	
39	244	
244	39	
165	187	
187	165	
133	280	
280	133	
47	114	
114	47	
205	269	
269	205	
13	133	
133	13	
49	281	
281	49	
100	132	
132	100	
93	237	
237	93	
252	279	
279	252	
242	284	
284	242	
56	113	
113	56	
12	79	
79	12	
214	246	
246	214	
92	247	
247	92	
152	265	
265	152	
88	104	
104	88	
168	191	
191	168	
39	207	
207	39	
144	250	
250	144	
91	236	
236	91	
38	147	
147	38	
162	285	
285	162	
105	218	
218	105	
117	296	
296	117	
178	199	
199	178	
166	172	
172	166	
67	117	
117	67	
225	246	
246	225	
62	160	
160	62	
54	228	
228	54	
147	291	
291	147	
24	117	
117	24	
120	244	
244	120	
134	210	
210	134	
18	159	
159	18	
97	217	
217	97	
19	243	
243	19	
185	224	
224	185	
50	163	
163	50	
95	150	
150	95	
47	86	
86	47	
39	191	
191	39	
87	211	
211	87	
12	55	
55	12	
22	236	
236	22	
123	168	
168	123	
95	194	
194	95	
120	163	
163	120	
215	223	
223	215	
133	154	
154	133	
6	260	
260	6	
244	287	
287	244	
88	236	
236	88	
100	231	
231	100	
97	286	
286	97	
52	266	
266	52	
57	289	
289	57	
78	187	
187	78	
174	245	
245	174	
11	117	
117	11	
167	261	
261	167	
92	164	
164	92	
108	282	
282	108	
156	252	
252	156	
5	281	
281	5	
48	231	
231	48	
19	170	
170	19	
54	80	
80	54	
130	273	
273	130	
58	167	
167	58	
141	219	
219	141	
289	293	
293	289	
200	284	
284	200	
23	86	
86	23	
107	286	
286	107	
169	256	
256	169	
34	42	
42	34	
1	144	
144	1	
99	128	
128	99	
69	108	
108	69	
118	242	
242	118	
1	19	
19	1	
188	204	
204	188	
112	236	
236	112	
12	220	
220	12	
185	296	
296	185	
40	252	
252	40	
250	296	
296	250	
223	256	
256	223	
110	241	
241	110	
129	284	
284	129	
276	281	
281	276	
194	221	
221	194	
79	100	
100	79	
140	240	
240	140	
159	201	
201	159	
47	168	
168	47	
56	111	
111	56	
3	97	
97	3	
5	112	
112	5	
59	290	
290	59	
31	139	
139	31	
38	74	
74	38	
80	82	
82	80	
10	223	
223	10	
107	242	
242	107	
19	140	
140	19	
161	186	
186	161	
88	226	
226	88	
207	248	
248	207	
29	140	
140	29	
77	162	
162	77	
33	100	
100	33	
139	144	
144	139	
206	259	
259	206	
151	231	
231	151	
122	241	
241	122	
72	232	
232	72	
157	252	
252	157	
93	150	
150	93	
51	174	
174	51	
1	266	
266	1	
20	28	
28	20	
66	136	
136	66	
144	175	
175	144	
36	45	
45	36	
88	105	
105	88	
101	141	
141	101	
149	172	
172	149	
121	149	
149	121	
197	231	
231	197	
94	173	
173	94	
121	159	
159	121	
126	250	
250	126	
42	158	
158	42	
96	219	
219	96	
28	35	
35	28	
45	157	
157	45	
30	183	
183	30	
207	247	
247	207	
109	128	
128	109	
157	236	
236	157	
62	224	
224	62	
59	177	
177	59	
42	67	
67	42	
180	253	
253	180	
21	84	
84	21	
157	168	
168	157	
74	274	
274	74	
75	136	
136	75	
151	260	
260	151	
163	249	
249	163	
73	180	
180	73	
112	276	
276	112	
92	294	
294	92	
194	245	
245	194	
171	199	
199	171	
133	199	
199	133	
0	231	
231	0	
37	236	
236	37	
144	211	
211	144	
32	124	
124	32	
218	239	
239	218	
148	169	
169	148	
91	226	
226	91	
98	293	
293	98	
0	141	
141	0	
25	146	
146	25	
80	177	
177	80	
6	210	
210	6	
134	199	
199	134	
82	125	
125	82	
114	247	
247	114	
42	99	
99	42	
63	199	
199	63	
88	177	
177	88	
67	133	
133	67	
73	285	
285	73	
171	195	
195	171	
33	188	
188	33	
201	214	
214	201	
136	276	
276	136	
201	294	
294	201	
133	249	
249	133	
96	284	
284	96	
78	147	
147	78	
72	242	
242	72	
37	184	
184	37	
7	274	
274	7	
131	237	
237	131	
79	240	
240	79	
118	286	
286	118	
5	265	
265	5	
113	195	
195	113	
79	226	
226	79	
101	105	
105	101	
67	229	
229	67	
151	203	
203	151	
19	121	
121	19	
160	292	
292	160	
159	198	
198	159	
0	26	
26	0	
46	201	
201	46	
28	230	
230	28	
156	195	
195	156	
73	291	
291	73	
213	240	
240	213	
11	168	
168	11	
126	230	
230	126	
106	283	
283	106	
67	84	
84	67	
85	139	
139	85	
111	165	
165	111	
0	132	
132	0	
40	220	
220	40	
58	181	
181	58	
150	172	
172	150	
176	274	
274	176	
132	228	
228	132	
116	269	
269	116	
73	263	
263	73	
1	180	
180	1	
182	217	
217	182	
55	66	
66	55	
78	164	
164	78	
20	191	
191	20	
63	142	
142	63	
0	99	
99	0	
123	239	
239	123	
60	256	
256	60	
209	214	
214	209	
96	200	
200	96	
16	289	
289	16	
6	51	
51	6	
72	101	
101	72	
53	123	
123	53	
6	187	
187	6	
207	276	
276	207	
151	246	
246	151	
25	188	
188	25	
26	207	
207	26	
43	58	
58	43	
19	219	
219	19	
99	207	
207	99	
75	203	
203	75	
251	290	
290	251	
28	58	
58	28	
58	60	
60	58	
94	123	
123	94	
100	233	
233	100	
148	284	
284	148	
68	70	
70	68	
37	290	
290	37	
70	232	
232	70	
25	236	
236	25	
216	273	
273	216	
140	285	
285	140	
80	113	
113	80	
121	139	
139	121	
177	227	
227	177	
104	112	
112	104	
2	145	
145	2	
48	110	
110	48	
185	210	
210	185	
151	174	
174	151	
66	85	
85	66	
268	281	
281	268	
72	174	
174	72	
83	226	
226	83	
95	117	
117	95	
13	262	
262	13	
91	136	
136	91	
215	248	
248	215	
120	253	
253	120	
159	194	
194	159	
89	232	
232	89	
31	271	
271	31	
53	250	
250	53	
116	160	
160	116	
161	205	
205	161	
103	115	
115	103	
82	137	
137	82	
176	224	
224	176	
6	63	
63	6	
58	183	
183	58	
197	285	
285	197	
22	41	
41	22	
172	237	
237	172	
125	235	
235	125	
19	107	
107	19	
17	281	
281	17	
90	258	
258	90	
110	274	
274	110	
213	288	
288	213	
254	286	
286	254	
17	40	
40	17	
30	41	
41	30	
172	295	
295	172	
16	242	
242	16	
19	93	
93	19	
115	142	
142	115	
59	168	
168	59	
82	150	
150	82	
180	258	
258	180	
206	226	
226	206	
99	290	
290	99	
40	85	
85	40	
105	191	
191	105	
91	272	
272	91	
180	206	
206	180	
219	224	
224	219	
65	173	
173	65	
25	96	
96	25	
98	240	
240	98	
42	244	
244	42	
75	291	
291	75	
16	272	
272	16	
270	283	
283	270	
129	187	
187	129	
156	207	
207	156	
76	284	
284	76	
64	268	
268	64	
123	263	
263	123	
87	118	
118	87	
6	190	
190	6	
82	95	
95	82	
168	188	
188	168	
135	217	
217	135	
88	93	
93	88	
130	186	
186	130	
80	180	
180	80	
140	221	
221	140	
177	265	
265	177	
285	293	
293	285	
74	163	
163	74	
3	264	
264	3	
158	169	
169	158	
198	270	
270	198	
91	161	
161	91	
90	156	
156	90	
54	276	
276	54	
121	191	
191	121	
13	197	
197	13	
33	125	
125	33	
26	254	
254	26	
143	223	
223	143	
56	208	
208	56	
80	97	
97	80	
131	167	
167	131	
164	226	
226	164	
14	102	
102	14	
244	267	
267	244	
128	173	
173	128	
51	59	
59	51	
136	240	
240	136	
65	85	
85	65	
102	230	
230	102	
130	183	
183	130	
20	211	
211	20	
18	97	
97	18	
41	142	
142	41	
14	180	
180	14	
193	246	
246	193	
165	174	
174	165	
29	228	
228	29	
155	228	
228	155	
67	233	
233	67	
48	239	
239	48	
176	216	
216	176	
112	165	
165	112	
187	265	
265	187	
104	192	
192	104	
229	272	
272	229	
18	168	
168	18	
176	236	
236	176	
91	98	
98	91	
224	237	
237	224	
241	277	
277	241	
21	267	
267	21	
115	186	
186	115	
211	262	
262	211	
122	187	
187	122	
174	246	
246	174	
160	181	
181	160	
88	250	
250	88	
192	279	
279	192	
161	255	
255	161	
116	127	
127	116	
79	181	
181	79	
74	136	
136	74	
21	253	
253	21	
207	254	
254	207	
70	153	
153	70	
4	6	
6	4	
89	287	
287	89	
38	273	
273	38	
166	214	
214	166	
191	220	
220	191	
168	202	
202	168	
59	274	
274	59	
97	140	
140	97	
65	199	
199	65	
147	196	
196	147	
92	149	
149	92	
167	293	
293	167	
275	280	
280	275	
45	216	
216	45	
114	215	
215	114	
41	177	
177	41	
21	191	
191	21	
234	267	
267	234	
17	131	
131	17	
31	40	
40	31	
119	289	
289	119	
170	262	
262	170	
239	259	
259	239	
238	293	
293	238	
241	262	
262	241	
189	198	
198	189	
174	186	
186	174	
236	261	
261	236	
208	218	
218	208	
96	275	
275	96	
20	153	
153	20	
75	126	
126	75	
45	176	
176	45	
78	193	
193	78	
93	282	
282	93	
100	276	
276	100	
89	206	
206	89	
41	163	
163	41	
88	234	
234	88	
181	226	
226	181	
53	258	
258	53	
68	113	
113	68	
188	208	
208	188	
2	120	
120	2	
69	173	
173	69	
68	120	
120	68	
24	242	
242	24	
65	148	
148	65	
2	119	
119	2	
167	186	
186	167	
92	293	
293	92	
10	55	
55	10	
114	277	
277	114	
106	296	
296	106	
45	285	
285	45	
69	273	
273	69	
227	274	
274	227	
50	130	
130	50	
57	272	
272	57	
174	220	
220	174	
176	241	
241	176	
86	288	
288	86	
22	43	
43	22	
7	287	
287	7	
112	296	
296	112	
233	247	
247	233	
177	232	
232	177	
76	83	
83	76	
134	233	
233	134	
149	236	
236	149	
75	276	
276	75	
85	109	
109	85	
53	224	
224	53	
147	172	
172	147	
189	281	
281	189	
120	270	
270	120	
51	263	
263	51	
85	183	
183	85	
86	202	
202	86	
157	214	
214	157	
4	175	
175	4	
146	197	
197	146	
71	117	
117	71	
221	293	
293	221	
53	262	
262	53	
45	203	
203	45	
68	99	
99	68	
103	223	
223	103	
173	247	
247	173	
0	90	
90	0	
169	174	
174	169	
121	134	
134	121	
32	180	
180	32	
213	291	
291	213	
31	218	
218	31	
64	182	
182	64	
48	174	
174	48	
54	129	
129	54	
76	78	
78	76	
56	244	
244	56	
255	280	
280	255	
42	199	
199	42	
45	129	
129	45	
174	257	
257	174	
132	201	
201	132	
101	104	
104	101	
46	293	
293	46	
47	101	
101	47	
24	35	
35	24	
40	92	
92	40	
49	179	
179	49	
168	293	
293	168	
180	236	
236	180	
45	142	
142	45	
91	278	
278	91	
41	100	
100	41	
205	266	
266	205	
167	293	
293	167	
114	273	
273	114	
58	125	
125	58	
93	238	
238	93	
86	295	
295	86	
26	283	
283	26	
58	207	
207	58	
142	247	
247	142	
134	296	
296	134	
12	37	
37	12	
26	160	
160	26	
160	263	
263	160	
257	267	
267	257	
15	172	
172	15	
265	271	
271	265	
117	287	
287	117	
127	270	
270	127	
27	283	
283	27	
31	136	
136	31	
17	232	
232	17	
65	290	
290	65	
19	264	
264	19	
103	294	
294	103	
2	279	
279	2	
80	85	
85	80	
11	222	
222	11	
107	272	
272	107	
32	285	
285	32	
26	159	
159	26	
193	209	
209	193	
95	197	
197	95	
135	168	
168	135	
46	276	
276	46	
185	252	
252	185	
44	172	
172	44	
152	269	
269	152	
224	271	
271	224	
