2117	2450	
2450	2117	
994	2448	
2448	994	
799	2560	
2560	799	
254	2459	
2459	254	
1492	1823	
1823	1492	
1925	2433	
2433	1925	
259	480	
480	259	
1867	1937	
1937	1867	
1593	2622	
2622	1593	
252	2319	
2319	252	
583	2638	
2638	583	
1029	2255	
2255	1029	
381	2600	
2600	381	
908	1271	
1271	908	
399	2425	
2425	399	
188	2342	
2342	188	
911	1034	
1034	911	
1873	2379	
2379	1873	
595	1442	
1442	595	
64	2092	
2092	64	
799	1651	
1651	799	
804	1115	
1115	804	
1456	2432	
2432	1456	
1735	1899	
1899	1735	
1567	2280	
2280	1567	
770	1228	
1228	770	
263	1597	
1597	263	
241	2207	
2207	241	
1175	2640	
2640	1175	
39	587	
587	39	
1201	2252	
2252	1201	
1522	2565	
2565	1522	
1523	1701	
1701	1523	
518	1065	
1065	518	
750	953	
953	750	
539	1270	
1270	539	
116	911	
911	116	
1507	1582	
1582	1507	
1444	2232	
2232	1444	
1223	1310	
1310	1223	
676	2522	
2522	676	
230	2273	
2273	230	
180	2069	
2069	180	
666	2375	
2375	666	
1782	2243	
2243	1782	
586	1746	
1746	586	
1098	2257	
2257	1098	
117	1071	
1071	117	
2201	2209	
2209	2201	
984	2216	
2216	984	
360	2513	
2513	360	
1292	1799	
1799	1292	
2195	2565	
2565	2195	
975	1473	
1473	975	
1065	2532	
2532	1065	
210	1649	
1649	210	
1197	1311	
1311	1197	
347	1866	
1866	347	
1326	1367	
1367	1326	
1663	1687	
1687	1663	
23	2104	
2104	23	
325	1123	
1123	325	
365	2289	
2289	365	
1256	2525	
2525	1256	
848	2541	
2541	848	
4	740	
740	4	
356	1673	
1673	356	
2270	2526	
2526	2270	
1227	1789	
1789	1227	
621	2323	
2323	621	
1531	2397	
2397	1531	
524	1838	
1838	524	
658	1052	
1052	658	
1905	2580	
2580	1905	
603	661	
661	603	
1244	2022	
2022	1244	
1223	1567	
1567	1223	
1427	2253	
2253	1427	
2440	2604	
2604	2440	
2071	2172	
2172	2071	
1356	2442	
2442	1356	
664	1813	
1813	664	
2299	2456	
2456	2299	
844	1896	
1896	844	
492	1804	
1804	492	
1689	2339	
2339	1689	
332	1963	
1963	332	
1362	1463	
1463	1362	
688	1182	
1182	688	
536	2436	
2436	536	
1269	2115	
2115	1269	
1464	1807	
1807	1464	
322	1382	
1382	322	
427	520	
520	427	
1289	2218	
2218	1289	
740	1879	
1879	740	
231	1868	
1868	231	
2330	2435	
2435	2330	
1695	1761	
1761	1695	
583	1705	
1705	583	
396	977	
977	396	
1767	1847	
1847	1767	
1851	2146	
2146	1851	
740	1797	
1797	740	
1235	2147	
2147	1235	
468	855	
855	468	
212	2010	
2010	212	
1913	2375	
2375	1913	
2093	2573	
2573	2093	
418	1202	
1202	418	
51	1278	
1278	51	
1342	2408	
2408	1342	
121	2431	
2431	121	
688	1914	
1914	688	
1052	1223	
1223	1052	
1591	2378	
2378	1591	
1703	1889	
1889	1703	
135	263	
263	135	
1192	1785	
1785	1192	
164	773	
773	164	
1462	2629	
2629	1462	
512	1433	
1433	512	
1035	2018	
2018	1035	
2089	2208	
2208	2089	
750	2511	
2511	750	
1314	2260	
2260	1314	
874	1973	
1973	874	
1787	1788	
1788	1787	
830	1486	
1486	830	
670	2634	
2634	670	
135	468	
468	135	
489	1663	
1663	489	
743	939	
939	743	
603	2273	
2273	603	
1074	1565	
1565	1074	
583	609	
609	583	
1190	1541	
1541	1190	
1470	1814	
1814	1470	
509	938	
938	509	
34	1009	
1009	34	
123	174	
174	123	
827	982	
982	827	
390	1054	
1054	390	
864	1406	
1406	864	
1801	2391	
2391	1801	
259	797	
797	259	
872	2592	
2592	872	
1375	1905	
1905	1375	
1521	1874	
1874	1521	
965	1106	
1106	965	
304	2488	
2488	304	
10	2610	
2610	10	
281	2153	
2153	281	
30	1853	
1853	30	
303	1514	
1514	303	
1329	2530	
2530	1329	
846	1695	
1695	846	
704	1854	
1854	704	
424	2126	
2126	424	
1547	1827	
1827	1547	
432	1614	
1614	432	
1470	2300	
2300	1470	
1999	2568	
2568	1999	
935	1140	
1140	935	
2004	2162	
2162	2004	
582	1139	
1139	582	
311	648	
648	311	
673	2523	
2523	673	
1390	1972	
1972	1390	
965	2343	
2343	965	
746	1017	
1017	746	
899	1059	
1059	899	
352	2028	
2028	352	
412	2467	
2467	412	
1177	1902	
1902	1177	
2187	2444	
2444	2187	
1587	2187	
2187	1587	
517	799	
799	517	
2206	2396	
2396	2206	
1075	2089	
2089	1075	
1999	2381	
2381	1999	
353	777	
777	353	
68	2165	
2165	68	
835	865	
865	835	
47	2425	
2425	47	
746	2380	
2380	746	
229	1661	
1661	229	
1209	1213	
1213	1209	
104	1821	
1821	104	
954	2253	
2253	954	
151	1269	
1269	151	
1702	1874	
1874	1702	
75	2082	
2082	75	
1540	2299	
2299	1540	
1648	2560	
2560	1648	
188	324	
324	188	
122	1119	
1119	122	
1585	2533	
2533	1585	
212	717	
717	212	
313	1355	
1355	313	
838	857	
857	838	
1352	1459	
1459	1352	
2507	2633	
2633	2507	
646	2018	
2018	646	
260	2434	
2434	260	
818	2127	
2127	818	
1694	2165	
2165	1694	
353	1151	
1151	353	
592	2387	
2387	592	
1241	2404	
2404	1241	
209	1409	
1409	209	
426	949	
949	426	
281	549	
549	281	
1154	2418	
2418	1154	
1426	2214	
2214	1426	
471	1058	
1058	471	
1438	2116	
2116	1438	
1997	2100	
2100	1997	
279	1531	
1531	279	
142	2209	
2209	142	
1613	2263	
2263	1613	
2080	2482	
2482	2080	
1305	1960	
1960	1305	
1801	1881	
1881	1801	
1789	1854	
1854	1789	
568	2351	
2351	568	
588	1950	
1950	588	
977	2241	
2241	977	
1135	1479	
1479	1135	
126	1476	
1476	126	
490	2001	
2001	490	
72	2409	
2409	72	
1067	1715	
1715	1067	
1302	2287	
2287	1302	
114	1691	
1691	114	
180	2156	
2156	180	
1425	1828	
1828	1425	
162	2010	
2010	162	
1669	2083	
2083	1669	
369	2051	
2051	369	
476	682	
682	476	
1926	2104	
2104	1926	
1581	2572	
2572	1581	
428	753	
753	428	
211	1246	
1246	211	
1915	2298	
2298	1915	
1111	2465	
2465	1111	
1898	2268	
2268	1898	
1393	1584	
1584	1393	
2146	2502	
2502	2146	
403	2357	
2357	403	
1322	1736	
1736	1322	
321	819	
819	321	
645	781	
781	645	
800	2345	
2345	800	
757	1421	
1421	757	
695	2623	
2623	695	
282	1041	
1041	282	
816	2164	
2164	816	
1461	1507	
1507	1461	
440	2495	
2495	440	
1444	1730	
1730	1444	
1156	1886	
1886	1156	
1346	1685	
1685	1346	
960	961	
961	960	
458	943	
943	458	
1206	2441	
2441	1206	
54	1921	
1921	54	
1347	2500	
2500	1347	
14	662	
662	14	
1139	2581	
2581	1139	
11	719	
719	11	
298	1002	
1002	298	
1580	2173	
2173	1580	
498	2180	
2180	498	
264	1538	
1538	264	
1708	2192	
2192	1708	
118	2207	
2207	118	
980	2039	
2039	980	
461	2523	
2523	461	
1276	1839	
1839	1276	
986	1373	
1373	986	
2236	2289	
2289	2236	
739	759	
759	739	
419	1757	
1757	419	
1397	2622	
2622	1397	
1800	2344	
2344	1800	
905	1275	
1275	905	
279	1242	
1242	279	
734	1543	
1543	734	
1618	2049	
2049	1618	
1546	1873	
1873	1546	
1547	2000	
2000	1547	
97	1567	
1567	97	
917	1126	
1126	917	
1787	2179	
2179	1787	
567	2254	
2254	567	
1821	2027	
2027	1821	
339	496	
496	339	
409	2337	
2337	409	
1448	1606	
1606	1448	
347	739	
739	347	
708	1696	
1696	708	
17	1085	
1085	17	
259	1022	
1022	259	
1952	2268	
2268	1952	
1221	2185	
2185	1221	
1728	2492	
2492	1728	
637	2102	
2102	637	
1600	2559	
2559	1600	
538	1354	
1354	538	
86	2092	
2092	86	
663	1359	
1359	663	
548	1495	
1495	548	
997	1452	
1452	997	
1520	1879	
1879	1520	
1048	2275	
2275	1048	
1066	1663	
1663	1066	
1889	2564	
2564	1889	
1153	1467	
1467	1153	
255	2522	
2522	255	
1307	2115	
2115	1307	
1170	1818	
1818	1170	
470	2538	
2538	470	
1258	1373	
1373	1258	
2060	2255	
2255	2060	
457	2408	
2408	457	
1061	1197	
1197	1061	
1135	1742	
1742	1135	
813	1040	
1040	813	
1218	1474	
1474	1218	
1109	2346	
2346	1109	
560	941	
941	560	
761	1932	
1932	761	
10	1564	
1564	10	
87	1901	
1901	87	
729	1207	
1207	729	
1310	1610	
1610	1310	
2201	2209	
2209	2201	
569	996	
996	569	
369	1440	
1440	369	
970	976	
976	970	
682	2396	
2396	682	
454	870	
870	454	
1088	1269	
1269	1088	
884	1513	
1513	884	
886	2056	
2056	886	
1374	1601	
1601	1374	
935	1938	
1938	935	
440	2569	
2569	440	
347	1003	
1003	347	
2268	2410	
2410	2268	
1026	1908	
1908	1026	
151	543	
543	151	
274	789	
789	274	
449	2034	
2034	449	
145	489	
489	145	
217	521	
521	217	
966	1316	
1316	966	
2228	2529	
2529	2228	
1820	1933	
1933	1820	
581	2209	
2209	581	
80	2579	
2579	80	
335	835	
835	335	
1072	1885	
1885	1072	
313	2304	
2304	313	
115	1969	
1969	115	
2283	2458	
2458	2283	
1144	2548	
2548	1144	
453	1828	
1828	453	
774	2518	
2518	774	
441	1279	
1279	441	
1148	1795	
1795	1148	
1209	1525	
1525	1209	
110	1995	
1995	110	
1297	1421	
1421	1297	
2168	2490	
2490	2168	
406	990	
990	406	
962	2542	
2542	962	
764	2607	
2607	764	
1553	1822	
1822	1553	
1621	1721	
1721	1621	
987	2241	
2241	987	
301	1406	
1406	301	
225	2096	
2096	225	
1836	2399	
2399	1836	
632	649	
649	632	
1176	2214	
2214	1176	
315	2296	
2296	315	
1365	1692	
1692	1365	
1056	1718	
1718	1056	
417	1013	
1013	417	
1568	2015	
2015	1568	
1755	2210	
2210	1755	
1016	1700	
1700	1016	
73	750	
750	73	
1141	2041	
2041	1141	
292	509	
509	292	
431	777	
777	431	
499	1142	
1142	499	
790	2381	
2381	790	
710	1484	
1484	710	
670	2632	
2632	670	
175	1240	
1240	175	
1561	1715	
1715	1561	
1073	1147	
1147	1073	
759	1491	
1491	759	
387	857	
857	387	
25	213	
213	25	
1097	2169	
2169	1097	
1166	1217	
1217	1166	
233	2161	
2161	233	
600	959	
959	600	
1127	1254	
1254	1127	
512	1111	
1111	512	
711	1651	
1651	711	
218	2308	
2308	218	
994	1616	
1616	994	
982	1791	
1791	982	
2067	2391	
2391	2067	
640	2286	
2286	640	
1146	1338	
1338	1146	
670	1012	
1012	670	
791	1145	
1145	791	
1446	2155	
2155	1446	
768	2304	
2304	768	
92	2373	
2373	92	
1823	2066	
2066	1823	
1229	1556	
1556	1229	
1013	2102	
2102	1013	
238	1245	
1245	238	
1207	1710	
1710	1207	
1686	2582	
2582	1686	
1772	2134	
2134	1772	
106	1447	
1447	106	
573	2113	
2113	573	
751	1314	
1314	751	
1524	2284	
2284	1524	
361	2318	
2318	361	
1748	2136	
2136	1748	
283	537	
537	283	
1219	1829	
1829	1219	
883	2612	
2612	883	
1016	1496	
1496	1016	
799	1426	
1426	799	
725	2041	
2041	725	
1032	1291	
1291	1032	
679	2119	
2119	679	
566	1560	
1560	566	
1999	2489	
2489	1999	
225	851	
851	225	
446	2372	
2372	446	
326	502	
502	326	
1744	1982	
1982	1744	
204	1439	
1439	204	
1225	2172	
2172	1225	
2495	2534	
2534	2495	
159	403	
403	159	
689	1991	
1991	689	
1907	2302	
2302	1907	
341	366	
366	341	
333	1338	
1338	333	
260	2622	
2622	260	
1732	2102	
2102	1732	
849	1898	
1898	849	
681	828	
828	681	
249	2212	
2212	249	
1167	1783	
1783	1167	
647	1156	
1156	647	
1152	1781	
1781	1152	
1552	2506	
2506	1552	
146	421	
421	146	
158	1853	
1853	158	
206	1095	
1095	206	
743	1728	
1728	743	
801	1445	
1445	801	
193	901	
901	193	
899	1784	
1784	899	
703	2120	
2120	703	
2460	2510	
2510	2460	
468	1105	
1105	468	
60	2426	
2426	60	
1709	2272	
2272	1709	
1447	1944	
1944	1447	
1776	2400	
2400	1776	
754	1146	
1146	754	
334	1996	
1996	334	
61	614	
614	61	
154	1665	
1665	154	
733	1848	
1848	733	
435	695	
695	435	
1787	2635	
2635	1787	
357	1402	
1402	357	
1868	2273	
2273	1868	
648	1407	
1407	648	
247	2080	
2080	247	
903	1548	
1548	903	
600	2155	
2155	600	
1568	1608	
1608	1568	
278	1835	
1835	278	
21	1113	
1113	21	
346	1197	
1197	346	
1659	2480	
2480	1659	
854	1585	
1585	854	
772	1345	
1345	772	
908	1022	
1022	908	
523	2410	
2410	523	
309	395	
395	309	
337	2220	
2220	337	
1839	2283	
2283	1839	
1622	2393	
2393	1622	
223	1240	
1240	223	
1846	1932	
1932	1846	
633	2425	
2425	633	
807	2105	
2105	807	
2292	2462	
2462	2292	
1317	1391	
1391	1317	
978	2440	
2440	978	
1124	1395	
1395	1124	
1817	2613	
2613	1817	
873	1490	
1490	873	
235	834	
834	235	
166	1364	
1364	166	
927	1862	
1862	927	
79	1712	
1712	79	
324	1371	
1371	324	
913	2611	
2611	913	
641	1175	
1175	641	
2151	2630	
2630	2151	
421	2366	
2366	421	
302	2606	
2606	302	
268	1153	
1153	268	
2022	2375	
2375	2022	
885	2410	
2410	885	
1103	1328	
1328	1103	
1157	1819	
1819	1157	
72	437	
437	72	
395	1888	
1888	395	
1620	1940	
1940	1620	
1032	1060	
1060	1032	
1187	1855	
1855	1187	
468	2593	
2593	468	
1880	2560	
2560	1880	
209	844	
844	209	
194	1797	
1797	194	
829	1204	
1204	829	
948	1872	
1872	948	
249	356	
356	249	
1326	2594	
2594	1326	
903	1702	
1702	903	
614	1787	
1787	614	
327	1921	
1921	327	
1693	2489	
2489	1693	
296	1923	
1923	296	
211	876	
876	211	
267	341	
341	267	
56	777	
777	56	
316	636	
636	316	
278	2407	
2407	278	
2329	2600	
2600	2329	
1384	1469	
1469	1384	
624	2382	
2382	624	
849	1250	
1250	849	
1388	1663	
1663	1388	
46	2468	
2468	46	
1630	1750	
1750	1630	
603	1732	
1732	603	
505	655	
655	505	
1373	2079	
2079	1373	
747	2190	
2190	747	
411	2465	
2465	411	
581	2406	
2406	581	
1216	2182	
2182	1216	
184	2274	
2274	184	
430	1389	
1389	430	
668	2513	
2513	668	
304	2513	
2513	304	
64	2101	
2101	64	
762	1101	
1101	762	
1087	1423	
1423	1087	
1517	2434	
2434	1517	
423	2377	
2377	423	
1567	1824	
1824	1567	
736	1184	
1184	736	
2131	2364	
2364	2131	
1284	2627	
2627	1284	
564	2115	
2115	564	
198	1310	
1310	198	
1113	2144	
2144	1113	
1694	1767	
1767	1694	
698	1085	
1085	698	
808	1607	
1607	808	
674	1263	
1263	674	
870	2152	
2152	870	
793	2167	
2167	793	
1056	1958	
1958	1056	
684	1970	
1970	684	
181	1597	
1597	181	
396	2474	
2474	396	
911	2430	
2430	911	
430	2285	
2285	430	
329	1017	
1017	329	
1302	1425	
1425	1302	
671	1051	
1051	671	
837	1439	
1439	837	
783	2269	
2269	783	
642	2503	
2503	642	
1717	2493	
2493	1717	
529	1692	
1692	529	
40	2371	
2371	40	
396	2191	
2191	396	
2442	2548	
2548	2442	
623	2009	
2009	623	
100	1483	
1483	100	
1321	2231	
2231	1321	
690	966	
966	690	
815	825	
825	815	
531	2191	
2191	531	
172	181	
181	172	
614	1061	
1061	614	
260	2058	
2058	260	
669	2175	
2175	669	
515	2620	
2620	515	
1180	1739	
1739	1180	
445	2080	
2080	445	
986	2361	
2361	986	
414	1467	
1467	414	
1183	1997	
1997	1183	
2033	2422	
2422	2033	
881	1768	
1768	881	
1840	2583	
2583	1840	
623	967	
967	623	
2134	2377	
2377	2134	
1256	1536	
1536	1256	
270	670	
670	270	
556	810	
810	556	
786	1213	
1213	786	
372	1203	
1203	372	
2408	2583	
2583	2408	
520	1760	
1760	520	
69	1877	
1877	69	
812	1164	
1164	812	
53	2387	
2387	53	
1435	1868	
1868	1435	
1512	1981	
1981	1512	
575	1839	
1839	575	
1498	2415	
2415	1498	
555	595	
595	555	
842	1578	
1578	842	
20	459	
459	20	
2308	2577	
2577	2308	
1631	2628	
2628	1631	
234	1858	
1858	234	
425	1604	
1604	425	
1782	1798	
1798	1782	
33	1141	
1141	33	
2063	2443	
2443	2063	
2015	2469	
2469	2015	
1178	2436	
2436	1178	
805	1070	
1070	805	
650	877	
877	650	
1546	2325	
2325	1546	
1695	2266	
2266	1695	
1500	1611	
1611	1500	
386	1738	
1738	386	
1023	1156	
1156	1023	
1431	2628	
2628	1431	
64	638	
638	64	
1659	2188	
2188	1659	
1312	1476	
1476	1312	
436	1698	
1698	436	
311	335	
335	311	
121	1841	
1841	121	
2387	2626	
2626	2387	
1610	2289	
2289	1610	
1202	1654	
1654	1202	
887	995	
995	887	
341	530	
530	341	
1841	2103	
2103	1841	
204	1395	
1395	204	
1324	2186	
2186	1324	
587	748	
748	587	
1526	1984	
1984	1526	
2584	2589	
2589	2584	
1901	1953	
1953	1901	
1867	2235	
2235	1867	
1058	1301	
1301	1058	
650	1915	
1915	650	
1430	2380	
2380	1430	
78	2320	
2320	78	
54	1583	
1583	54	
421	425	
425	421	
286	2598	
2598	286	
1385	2338	
2338	1385	
1786	2323	
2323	1786	
400	722	
722	400	
927	2637	
2637	927	
572	2638	
2638	572	
1586	2455	
2455	1586	
140	1116	
1116	140	
2230	2305	
2305	2230	
455	2527	
2527	455	
226	709	
709	226	
1980	2493	
2493	1980	
31	1691	
1691	31	
527	1602	
1602	527	
1232	2314	
2314	1232	
1444	2445	
2445	1444	
1611	2076	
2076	1611	
717	963	
963	717	
213	2194	
2194	213	
578	763	
763	578	
595	2084	
2084	595	
1960	2455	
2455	1960	
1141	1567	
1567	1141	
352	1749	
1749	352	
950	1250	
1250	950	
1401	1546	
1546	1401	
1606	2549	
2549	1606	
2091	2177	
2177	2091	
142	731	
731	142	
853	1798	
1798	853	
2064	2117	
2117	2064	
24	1494	
1494	24	
10	992	
992	10	
117	1394	
1394	117	
282	2394	
2394	282	
1628	2248	
2248	1628	
2019	2175	
2175	2019	
2053	2231	
2231	2053	
1553	2117	
2117	1553	
990	2625	
2625	990	
1252	1950	
1950	1252	
595	1391	
1391	595	
1756	1854	
1854	1756	
693	810	
810	693	
291	2214	
2214	291	
2257	2552	
2552	2257	
1240	1579	
1579	1240	
22	411	
411	22	
553	1334	
1334	553	
1385	1996	
1996	1385	
1310	2342	
2342	1310	
1143	2253	
2253	1143	
610	1778	
1778	610	
482	1272	
1272	482	
794	2073	
2073	794	
1115	2208	
2208	1115	
1041	1097	
1097	1041	
228	2435	
2435	228	
1116	2546	
2546	1116	
686	1091	
1091	686	
248	1306	
1306	248	
1289	1830	
1830	1289	
908	2603	
2603	908	
369	2171	
2171	369	
212	1521	
1521	212	
1566	2639	
2639	1566	
1029	1067	
1067	1029	
170	1972	
1972	170	
696	1842	
1842	696	
1409	2490	
2490	1409	
40	693	
693	40	
844	1310	
1310	844	
108	2064	
2064	108	
956	1765	
1765	956	
313	2466	
2466	313	
21	166	
166	21	
21	2501	
2501	21	
1660	2586	
2586	1660	
1752	2583	
2583	1752	
134	810	
810	134	
475	655	
655	475	
2327	2373	
2373	2327	
2	2156	
2156	2	
2130	2239	
2239	2130	
399	2278	
2278	399	
2169	2244	
2244	2169	
396	450	
450	396	
898	2560	
2560	898	
250	2385	
2385	250	
1032	1481	
1481	1032	
491	787	
787	491	
1600	1687	
1687	1600	
1916	2350	
2350	1916	
649	2396	
2396	649	
47	2288	
2288	47	
198	808	
808	198	
301	2454	
2454	301	
1057	1288	
1288	1057	
353	1816	
1816	353	
864	1185	
1185	864	
1512	2243	
2243	1512	
248	518	
518	248	
63	780	
780	63	
1841	2151	
2151	1841	
181	749	
749	181	
1425	2086	
2086	1425	
556	1119	
1119	556	
19	738	
738	19	
325	2506	
2506	325	
828	1459	
1459	828	
2202	2208	
2208	2202	
380	650	
650	380	
1077	1786	
1786	1077	
2013	2369	
2369	2013	
274	2117	
2117	274	
1303	2113	
2113	1303	
612	1196	
1196	612	
361	2278	
2278	361	
344	535	
535	344	
1662	2138	
2138	1662	
1168	1976	
1976	1168	
197	402	
402	197	
21	1043	
1043	21	
275	1156	
1156	275	
596	2475	
2475	596	
447	2567	
2567	447	
576	597	
597	576	
953	1747	
1747	953	
596	1312	
1312	596	
229	2384	
2384	229	
697	2518	
2518	697	
431	767	
767	431	
423	2245	
2245	423	
457	1479	
1479	457	
1028	2638	
2638	1028	
182	2146	
2146	182	
1996	2135	
2135	1996	
137	920	
920	137	
1096	1685	
1685	1096	
60	238	
238	60	
1371	2327	
2327	1371	
935	2265	
2265	935	
73	1542	
1542	73	
997	1471	
1471	997	
29	1906	
1906	29	
4	1128	
1128	4	
1172	1639	
1639	1172	
832	2607	
2607	832	
205	1458	
1458	205	
141	217	
217	141	
177	544	
544	177	
840	1907	
1907	840	
757	1504	
1504	757	
746	1634	
1634	746	
1437	2234	
2234	1437	
1282	2171	
2171	1282	
192	1477	
1477	192	
493	2531	
2531	493	
358	2232	
2232	358	
1032	1532	
1532	1032	
713	1996	
1996	713	
604	881	
881	604	
35	842	
842	35	
1657	1818	
1818	1657	
1191	1819	
1819	1191	
623	834	
834	623	
2053	2298	
2298	2053	
1885	2591	
2591	1885	
891	2487	
2487	891	
1896	2393	
2393	1896	
1714	2381	
2381	1714	
385	1898	
1898	385	
1123	1390	
1390	1123	
1571	2355	
2355	1571	
888	2423	
2423	888	
1130	1697	
1697	1130	
462	2529	
2529	462	
1858	2083	
2083	1858	
734	2629	
2629	734	
955	2085	
2085	955	
521	2102	
2102	521	
1327	2138	
2138	1327	
1527	2429	
2429	1527	
1078	1507	
1507	1078	
1457	1637	
1637	1457	
391	2283	
2283	391	
1595	2349	
2349	1595	
228	1482	
1482	228	
747	967	
967	747	
105	2469	
2469	105	
632	1542	
1542	632	
1383	2288	
2288	1383	
2195	2268	
2268	2195	
463	1290	
1290	463	
1485	2103	
2103	1485	
667	1751	
1751	667	
179	1088	
1088	179	
1218	1365	
1365	1218	
441	2150	
2150	441	
529	691	
691	529	
1667	2230	
2230	1667	
577	1246	
1246	577	
34	95	
95	34	
1447	2409	
2409	1447	
754	2097	
2097	754	
103	1109	
1109	103	
422	1164	
1164	422	
1493	2618	
2618	1493	
1072	1827	
1827	1072	
300	951	
951	300	
608	1738	
1738	608	
39	2053	
2053	39	
817	1307	
1307	817	
515	1014	
1014	515	
846	1764	
1764	846	
682	731	
731	682	
1447	1982	
1982	1447	
165	2256	
2256	165	
1126	2439	
2439	1126	
333	1641	
1641	333	
1953	2357	
2357	1953	
1054	1159	
1159	1054	
1261	2506	
2506	1261	
180	1759	
1759	180	
162	2253	
2253	162	
316	1580	
1580	316	
1547	2110	
2110	1547	
295	2500	
2500	295	
668	1582	
1582	668	
2219	2470	
2470	2219	
594	2242	
2242	594	
202	1045	
1045	202	
1614	2299	
2299	1614	
639	2047	
2047	639	
284	1255	
1255	284	
933	1447	
1447	933	
1758	2048	
2048	1758	
1554	1818	
1818	1554	
591	1189	
1189	591	
394	1647	
1647	394	
263	2341	
2341	263	
457	841	
841	457	
8	1747	
1747	8	
1150	2552	
2552	1150	
690	2290	
2290	690	
1269	1862	
1862	1269	
152	632	
632	152	
1233	2366	
2366	1233	
1756	2127	
2127	1756	
1134	1325	
1325	1134	
2399	2579	
2579	2399	
1048	1932	
1932	1048	
537	1529	
1529	537	
2	387	
387	2	
1305	2539	
2539	1305	
221	555	
555	221	
47	1168	
1168	47	
1790	2272	
2272	1790	
228	1967	
1967	228	
1974	2613	
2613	1974	
1439	1683	
1683	1439	
238	1690	
1690	238	
1321	2261	
2261	1321	
1864	2028	
2028	1864	
2245	2263	
2263	2245	
1452	2343	
2343	1452	
161	1935	
1935	161	
909	2626	
2626	909	
541	711	
711	541	
479	1679	
1679	479	
398	1510	
1510	398	
1800	2639	
2639	1800	
407	2250	
2250	407	
417	1206	
1206	417	
1373	2502	
2502	1373	
1034	1437	
1437	1034	
66	1652	
1652	66	
915	1398	
1398	915	
1009	1114	
1114	1009	
1940	2358	
2358	1940	
597	2597	
2597	597	
51	1756	
1756	51	
336	2212	
2212	336	
271	2161	
2161	271	
2141	2548	
2548	2141	
933	1797	
1797	933	
537	2331	
2331	537	
415	466	
466	415	
370	1774	
1774	370	
480	1604	
1604	480	
1964	2175	
2175	1964	
1629	2521	
2521	1629	
1754	2186	
2186	1754	
216	2076	
2076	216	
729	1563	
1563	729	
1050	1907	
1907	1050	
1607	2114	
2114	1607	
724	746	
746	724	
478	2026	
2026	478	
959	2139	
2139	959	
628	645	
645	628	
494	2254	
2254	494	
313	1505	
1505	313	
657	1760	
1760	657	
1241	2090	
2090	1241	
2234	2286	
2286	2234	
636	2433	
2433	636	
1318	1508	
1508	1318	
348	869	
869	348	
302	2626	
2626	302	
13	2282	
2282	13	
21	2474	
2474	21	
1309	1707	
1707	1309	
83	2436	
2436	83	
1956	1985	
1985	1956	
9	2627	
2627	9	
1060	1967	
1967	1060	
465	950	
950	465	
695	1848	
1848	695	
1403	1871	
1871	1403	
422	2208	
2208	422	
1190	2187	
2187	1190	
8	2066	
2066	8	
1904	2540	
2540	1904	
110	2265	
2265	110	
1001	1629	
1629	1001	
448	1571	
1571	448	
1665	2186	
2186	1665	
957	2191	
2191	957	
1355	1941	
1941	1355	
1312	2207	
2207	1312	
1618	1960	
1960	1618	
621	1121	
1121	621	
63	586	
586	63	
1094	1906	
1906	1094	
376	2063	
2063	376	
607	797	
797	607	
858	1400	
1400	858	
945	1596	
1596	945	
232	1573	
1573	232	
255	579	
579	255	
1158	1752	
1752	1158	
1258	1910	
1910	1258	
607	2059	
2059	607	
862	1979	
1979	862	
553	957	
957	553	
1465	1731	
1731	1465	
812	824	
824	812	
1484	2619	
2619	1484	
1321	1551	
1551	1321	
1050	1057	
1057	1050	
1144	2139	
2139	1144	
920	1410	
1410	920	
1902	2031	
2031	1902	
543	2223	
2223	543	
91	171	
171	91	
304	2107	
2107	304	
418	1112	
1112	418	
156	943	
943	156	
27	42	
42	27	
2187	2327	
2327	2187	
373	1371	
1371	373	
217	1109	
1109	217	
422	2010	
2010	422	
256	2318	
2318	256	
1472	2176	
2176	1472	
84	697	
697	84	
417	2639	
2639	417	
178	1780	
1780	178	
1953	2401	
2401	1953	
114	1881	
1881	114	
725	1639	
1639	725	
298	1356	
1356	298	
1588	2311	
2311	1588	
206	699	
699	206	
1155	1438	
1438	1155	
661	723	
723	661	
521	1755	
1755	521	
1917	2346	
2346	1917	
383	669	
669	383	
1268	1588	
1588	1268	
2096	2219	
2219	2096	
1503	2221	
2221	1503	
891	1562	
1562	891	
489	2400	
2400	489	
749	2187	
2187	749	
774	2062	
2062	774	
505	1227	
1227	505	
561	774	
774	561	
505	553	
553	505	
1265	1916	
1916	1265	
1424	2193	
2193	1424	
635	1371	
1371	635	
321	1330	
1330	321	
1510	1515	
1515	1510	
1132	1564	
1564	1132	
555	1792	
1792	555	
988	2133	
2133	988	
43	318	
318	43	
2161	2394	
2394	2161	
1646	1939	
1939	1646	
1174	2477	
2477	1174	
764	1822	
1822	764	
696	965	
965	696	
123	685	
685	123	
284	483	
483	284	
875	2426	
2426	875	
666	774	
774	666	
1891	2118	
2118	1891	
1118	1947	
1947	1118	
760	2105	
2105	760	
1371	1862	
1862	1371	
134	229	
229	134	
1331	2441	
2441	1331	
1984	2098	
2098	1984	
109	2568	
2568	109	
2057	2608	
2608	2057	
1161	2332	
2332	1161	
1447	1523	
1523	1447	
123	2016	
2016	123	
307	1463	
1463	307	
418	1353	
1353	418	
1631	2610	
2610	1631	
184	2256	
2256	184	
584	2027	
2027	584	
808	1123	
1123	808	
255	567	
567	255	
353	1217	
1217	353	
145	1002	
1002	145	
1700	1790	
1790	1700	
51	574	
574	51	
226	655	
655	226	
1771	2621	
2621	1771	
1871	1887	
1887	1871	
752	1052	
1052	752	
1494	2597	
2597	1494	
1154	1486	
1486	1154	
553	2252	
2252	553	
963	1533	
1533	963	
390	999	
999	390	
107	1559	
1559	107	
2321	2544	
2544	2321	
932	1764	
1764	932	
1643	1836	
1836	1643	
2149	2452	
2452	2149	
2063	2487	
2487	2063	
707	2624	
2624	707	
1828	2240	
2240	1828	
7	2105	
2105	7	
343	1667	
1667	343	
862	1015	
1015	862	
348	989	
989	348	
140	770	
770	140	
321	1819	
1819	321	
1592	2364	
2364	1592	
82	2040	
2040	82	
938	2140	
2140	938	
2387	2485	
2485	2387	
1953	2358	
2358	1953	
612	1109	
1109	612	
50	253	
253	50	
1273	1607	
1607	1273	
773	1151	
1151	773	
339	2420	
2420	339	
620	1246	
1246	620	
84	1885	
1885	84	
198	2618	
2618	198	
1445	2028	
2028	1445	
952	1100	
1100	952	
1275	2263	
2263	1275	
10	2459	
2459	10	
1898	2510	
2510	1898	
1236	1429	
1429	1236	
529	2180	
2180	529	
1456	1620	
1620	1456	
105	712	
712	105	
1153	2373	
2373	1153	
332	1990	
1990	332	
694	1228	
1228	694	
794	1041	
1041	794	
1363	2591	
2591	1363	
125	1581	
1581	125	
1018	1674	
1674	1018	
2070	2405	
2405	2070	
897	1143	
1143	897	
794	1607	
1607	794	
426	2094	
2094	426	
967	2042	
2042	967	
639	649	
649	639	
1935	2154	
2154	1935	
130	1962	
1962	130	
2037	2420	
2420	2037	
577	1589	
1589	577	
773	1967	
1967	773	
867	2229	
2229	867	
409	2346	
2346	409	
1479	2530	
2530	1479	
627	1998	
1998	627	
1141	2452	
2452	1141	
654	1978	
1978	654	
220	240	
240	220	
556	2477	
2477	556	
548	1553	
1553	548	
699	2184	
2184	699	
1750	2358	
2358	1750	
1121	1687	
1687	1121	
1259	2472	
2472	1259	
254	1740	
1740	254	
1873	2520	
2520	1873	
1474	1947	
1947	1474	
526	1131	
1131	526	
1669	2441	
2441	1669	
2233	2614	
2614	2233	
778	2569	
2569	778	
381	1099	
1099	381	
189	1828	
1828	189	
413	942	
942	413	
1647	2350	
2350	1647	
1349	2625	
2625	1349	
485	2438	
2438	485	
2459	2596	
2596	2459	
972	2395	
2395	972	
832	1269	
1269	832	
826	967	
967	826	
1545	1933	
1933	1545	
1777	2316	
2316	1777	
54	1362	
1362	54	
1062	2260	
2260	1062	
1376	1400	
1400	1376	
1054	1085	
1085	1054	
1136	2524	
2524	1136	
47	803	
803	47	
1136	1338	
1338	1136	
829	958	
958	829	
1323	2594	
2594	1323	
835	2047	
2047	835	
864	2442	
2442	864	
1274	1864	
1864	1274	
1027	2504	
2504	1027	
440	1951	
1951	440	
510	2247	
2247	510	
2099	2479	
2479	2099	
1380	1484	
1484	1380	
220	369	
369	220	
169	511	
511	169	
469	1959	
1959	469	
907	1930	
1930	907	
1201	1510	
1510	1201	
122	834	
834	122	
1727	2276	
2276	1727	
1379	1920	
1920	1379	
1125	1551	
1551	1125	
366	2534	
2534	366	
2235	2588	
2588	2235	
1482	1652	
1652	1482	
2441	2598	
2598	2441	
25	2349	
2349	25	
1033	2510	
2510	1033	
469	711	
711	469	
341	1578	
1578	341	
604	832	
832	604	
509	1167	
1167	509	
546	1825	
1825	546	
465	1238	
1238	465	
671	817	
817	671	
1816	2506	
2506	1816	
1574	1848	
1848	1574	
87	415	
415	87	
927	1968	
1968	927	
644	836	
836	644	
619	1300	
1300	619	
1751	2626	
2626	1751	
344	2428	
2428	344	
59	128	
128	59	
545	1128	
1128	545	
237	1695	
1695	237	
94	2066	
2066	94	
1224	1944	
1944	1224	
611	685	
685	611	
1040	2234	
2234	1040	
1663	2318	
2318	1663	
942	962	
962	942	
487	2453	
2453	487	
1306	2004	
2004	1306	
607	814	
814	607	
2275	2430	
2430	2275	
166	2021	
2021	166	
1046	2531	
2531	1046	
1237	1427	
1427	1237	
1252	2565	
2565	1252	
819	2032	
2032	819	
1478	2239	
2239	1478	
1228	1553	
1553	1228	
82	536	
536	82	
157	1043	
1043	157	
619	2351	
2351	619	
331	1734	
1734	331	
469	1019	
1019	469	
879	1381	
1381	879	
635	2465	
2465	635	
914	2092	
2092	914	
118	1235	
1235	118	
585	1575	
1575	585	
1019	1345	
1345	1019	
46	162	
162	46	
50	2243	
2243	50	
718	1740	
1740	718	
2115	2498	
2498	2115	
2149	2264	
2264	2149	
1134	2308	
2308	1134	
117	503	
503	117	
184	385	
385	184	
234	1937	
1937	234	
213	1680	
1680	213	
1106	1553	
1553	1106	
2058	2167	
2167	2058	
1327	1640	
1640	1327	
203	2012	
2012	203	
361	1589	
1589	361	
1157	1222	
1222	1157	
656	1454	
1454	656	
803	1412	
1412	803	
148	1812	
1812	148	
1873	2625	
2625	1873	
2237	2301	
2301	2237	
1404	1772	
1772	1404	
851	2126	
2126	851	
1587	2119	
2119	1587	
519	2234	
2234	519	
217	1741	
1741	217	
389	492	
492	389	
1541	1634	
1634	1541	
1478	2140	
2140	1478	
924	2430	
2430	924	
721	1962	
1962	721	
1631	2342	
2342	1631	
216	672	
672	216	
5	1654	
1654	5	
572	833	
833	572	
823	1375	
1375	823	
1376	2206	
2206	1376	
117	1004	
1004	117	
1185	1244	
1244	1185	
1401	1786	
1786	1401	
310	2286	
2286	310	
209	1573	
1573	209	
2503	2628	
2628	2503	
3	2231	
2231	3	
1334	1364	
1364	1334	
335	1076	
1076	335	
1377	2004	
2004	1377	
537	815	
815	537	
1984	2323	
2323	1984	
916	1212	
1212	916	
1490	1499	
1499	1490	
1029	1280	
1280	1029	
1027	2057	
2057	1027	
1167	2511	
2511	1167	
2035	2470	
2470	2035	
360	560	
560	360	
887	2173	
2173	887	
1634	1845	
1845	1634	
1433	1768	
1768	1433	
1369	2484	
2484	1369	
330	1613	
1613	330	
73	277	
277	73	
1214	1603	
1603	1214	
486	1651	
1651	486	
734	1984	
1984	734	
480	1874	
1874	480	
857	1769	
1769	857	
920	1262	
1262	920	
327	1363	
1363	327	
1306	1863	
1863	1306	
1931	2179	
2179	1931	
340	1074	
1074	340	
2257	2337	
2337	2257	
1107	1817	
1817	1107	
1996	2270	
2270	1996	
42	1350	
1350	42	
266	2171	
2171	266	
123	1209	
1209	123	
5	96	
96	5	
65	775	
775	65	
836	2228	
2228	836	
1329	2556	
2556	1329	
1405	1457	
1457	1405	
1466	2117	
2117	1466	
773	1858	
1858	773	
1498	1500	
1500	1498	
1574	2004	
2004	1574	
911	1271	
1271	911	
470	1424	
1424	470	
1296	2207	
2207	1296	
72	1448	
1448	72	
1884	2015	
2015	1884	
982	1348	
1348	982	
525	803	
803	525	
428	2473	
2473	428	
1731	2516	
2516	1731	
728	2345	
2345	728	
441	2324	
2324	441	
1022	2366	
2366	1022	
763	933	
933	763	
117	1292	
1292	117	
234	2583	
2583	234	
209	2305	
2305	209	
1116	2487	
2487	1116	
105	1190	
1190	105	
14	723	
723	14	
1279	1887	
1887	1279	
1670	2620	
2620	1670	
1096	2231	
2231	1096	
1494	1860	
1860	1494	
1307	2285	
2285	1307	
1770	2441	
2441	1770	
9	1768	
1768	9	
475	2361	
2361	475	
1576	2182	
2182	1576	
1364	1599	
1599	1364	
618	1980	
1980	618	
677	2035	
2035	677	
1208	2476	
2476	1208	
1229	1688	
1688	1229	
492	880	
880	492	
96	853	
853	96	
215	356	
356	215	
1325	2543	
2543	1325	
2069	2579	
2579	2069	
79	296	
296	79	
2075	2568	
2568	2075	
370	1326	
1326	370	
1386	2403	
2403	1386	
429	2395	
2395	429	
987	1164	
1164	987	
157	2118	
2118	157	
152	984	
984	152	
252	492	
492	252	
1132	1366	
1366	1132	
1777	2392	
2392	1777	
145	1480	
1480	145	
1318	1986	
1986	1318	
1219	2634	
2634	1219	
300	1856	
1856	300	
761	2635	
2635	761	
110	579	
579	110	
993	2182	
2182	993	
1915	2005	
2005	1915	
1387	2489	
2489	1387	
829	868	
868	829	
1215	1862	
1862	1215	
607	1962	
1962	607	
1091	1320	
1320	1091	
1216	1682	
1682	1216	
345	2167	
2167	345	
226	2380	
2380	226	
2020	2515	
2515	2020	
1123	2011	
2011	1123	
320	1931	
1931	320	
188	703	
703	188	
963	1604	
1604	963	
243	2613	
2613	243	
2073	2393	
2393	2073	
1208	2393	
2393	1208	
14	1013	
1013	14	
504	2480	
2480	504	
1514	2077	
2077	1514	
164	1046	
1046	164	
645	1250	
1250	645	
493	2222	
2222	493	
1324	1331	
1331	1324	
1873	1890	
1890	1873	
125	2627	
2627	125	
490	1068	
1068	490	
1344	1763	
1763	1344	
498	1791	
1791	498	
789	1852	
1852	789	
825	2318	
2318	825	
535	2495	
2495	535	
1407	2483	
2483	1407	
772	2465	
2465	772	
1966	2001	
2001	1966	
2390	2403	
2403	2390	
1398	2221	
2221	1398	
1450	1463	
1463	1450	
692	1130	
1130	692	
555	2216	
2216	555	
257	2603	
2603	257	
1755	2598	
2598	1755	
864	1186	
1186	864	
293	2489	
2489	293	
1957	2164	
2164	1957	
2004	2259	
2259	2004	
391	1634	
1634	391	
174	2155	
2155	174	
168	1578	
1578	168	
1498	1966	
1966	1498	
1759	1832	
1832	1759	
1251	1874	
1874	1251	
385	933	
933	385	
417	1392	
1392	417	
1125	1263	
1263	1125	
747	1806	
1806	747	
1961	2547	
2547	1961	
4	645	
645	4	
1492	2523	
2523	1492	
137	1421	
1421	137	
409	2016	
2016	409	
232	1894	
1894	232	
1751	1841	
1841	1751	
70	1658	
1658	70	
1956	1995	
1995	1956	
828	2270	
2270	828	
687	1938	
1938	687	
217	1403	
1403	217	
1599	2065	
2065	1599	
2186	2489	
2489	2186	
1369	1549	
1549	1369	
827	2481	
2481	827	
350	1352	
1352	350	
348	2392	
2392	348	
1088	1254	
1254	1088	
1148	1486	
1486	1148	
1407	1417	
1417	1407	
314	2634	
2634	314	
1584	2224	
2224	1584	
1430	1472	
1472	1430	
1756	1926	
1926	1756	
257	850	
850	257	
1739	2445	
2445	1739	
946	1913	
1913	946	
1550	2354	
2354	1550	
737	2029	
2029	737	
1448	2455	
2455	1448	
1138	1627	
1627	1138	
1351	2152	
2152	1351	
192	1162	
1162	192	
322	2322	
2322	322	
1237	2611	
2611	1237	
223	2529	
2529	223	
1179	1939	
1939	1179	
226	1068	
1068	226	
1091	1401	
1401	1091	
221	689	
689	221	
1646	2539	
2539	1646	
393	1168	
1168	393	
660	904	
904	660	
622	2197	
2197	622	
771	1743	
1743	771	
2190	2276	
2276	2190	
37	665	
665	37	
562	2491	
2491	562	
676	2302	
2302	676	
369	2247	
2247	369	
1391	1751	
1751	1391	
246	809	
809	246	
520	2102	
2102	520	
171	212	
212	171	
1708	2471	
2471	1708	
334	1059	
1059	334	
1863	2133	
2133	1863	
1523	2003	
2003	1523	
439	1022	
1022	439	
1273	1960	
1960	1273	
292	840	
840	292	
1501	1520	
1520	1501	
899	1921	
1921	899	
1903	2513	
2513	1903	
1873	2483	
2483	1873	
718	1114	
1114	718	
1244	2536	
2536	1244	
607	679	
679	607	
338	1207	
1207	338	
910	2629	
2629	910	
951	2178	
2178	951	
85	2496	
2496	85	
65	533	
533	65	
374	2091	
2091	374	
1996	2251	
2251	1996	
219	581	
581	219	
1025	1574	
1574	1025	
1103	1954	
1954	1103	
1567	1856	
1856	1567	
98	1456	
1456	98	
2180	2617	
2617	2180	
473	553	
553	473	
288	1486	
1486	288	
668	2369	
2369	668	
1416	1586	
1586	1416	
320	1299	
1299	320	
737	1774	
1774	737	
112	1530	
1530	112	
1144	2115	
2115	1144	
1491	2111	
2111	1491	
603	1171	
1171	603	
304	2040	
2040	304	
1103	2159	
2159	1103	
669	921	
921	669	
207	984	
984	207	
191	1324	
1324	191	
49	1157	
1157	49	
594	1469	
1469	594	
2161	2533	
2533	2161	
1612	2578	
2578	1612	
939	1996	
1996	939	
599	1800	
1800	599	
2225	2281	
2281	2225	
2209	2275	
2275	2209	
895	1137	
1137	895	
287	450	
450	287	
546	567	
567	546	
826	2403	
2403	826	
465	570	
570	465	
312	725	
725	312	
404	1052	
1052	404	
55	1066	
1066	55	
1101	1284	
1284	1101	
957	2218	
2218	957	
789	2338	
2338	789	
325	401	
401	325	
2126	2433	
2433	2126	
944	2573	
2573	944	
2027	2135	
2135	2027	
1523	1919	
1919	1523	
631	1461	
1461	631	
293	1746	
1746	293	
1017	1856	
1856	1017	
78	2081	
2081	78	
981	1252	
1252	981	
2073	2541	
2541	2073	
932	1521	
1521	932	
676	903	
903	676	
225	351	
351	225	
2222	2595	
2595	2222	
226	2087	
2087	226	
1657	2253	
2253	1657	
96	2607	
2607	96	
1882	2370	
2370	1882	
1053	1930	
1930	1053	
474	757	
757	474	
595	1003	
1003	595	
429	819	
819	429	
1225	1279	
1279	1225	
1950	2128	
2128	1950	
1539	1655	
1655	1539	
1016	1621	
1621	1016	
1608	2596	
2596	1608	
1782	1807	
1807	1782	
1648	1754	
1754	1648	
457	694	
694	457	
897	1390	
1390	897	
1803	2120	
2120	1803	
32	615	
615	32	
216	597	
597	216	
809	2627	
2627	809	
415	1999	
1999	415	
1040	1539	
1539	1040	
252	830	
830	252	
347	1988	
1988	347	
1711	2520	
2520	1711	
1177	1245	
1245	1177	
182	928	
928	182	
223	794	
794	223	
1507	1958	
1958	1507	
3	2022	
2022	3	
2001	2371	
2371	2001	
567	1333	
1333	567	
1054	1756	
1756	1054	
209	648	
648	209	
1391	2382	
2382	1391	
1128	2128	
2128	1128	
623	1021	
1021	623	
810	838	
838	810	
745	1329	
1329	745	
56	1903	
1903	56	
1895	2567	
2567	1895	
1908	2348	
2348	1908	
1725	1730	
1730	1725	
377	1597	
1597	377	
906	2569	
2569	906	
2073	2300	
2300	2073	
1334	2351	
2351	1334	
639	773	
773	639	
33	2374	
2374	33	
734	2278	
2278	734	
918	2126	
2126	918	
341	1947	
1947	341	
223	1778	
1778	223	
537	838	
838	537	
2027	2164	
2164	2027	
2120	2570	
2570	2120	
912	1147	
1147	912	
1689	2109	
2109	1689	
297	751	
751	297	
600	620	
620	600	
880	1693	
1693	880	
25	733	
733	25	
1493	2015	
2015	1493	
204	360	
360	204	
169	543	
543	169	
270	1078	
1078	270	
219	1584	
1584	219	
713	975	
975	713	
981	1290	
1290	981	
318	1641	
1641	318	
368	406	
406	368	
1277	2025	
2025	1277	
356	1818	
1818	356	
339	489	
489	339	
629	2414	
2414	629	
763	1871	
1871	763	
1461	2219	
2219	1461	
704	1903	
1903	704	
116	1597	
1597	116	
285	2541	
2541	285	
1506	2395	
2395	1506	
801	1872	
1872	801	
638	1731	
1731	638	
693	2342	
2342	693	
1462	2612	
2612	1462	
1086	2401	
2401	1086	
1912	1938	
1938	1912	
455	1648	
1648	455	
1449	1904	
1904	1449	
140	2170	
2170	140	
782	1067	
1067	782	
1077	1349	
1349	1077	
2017	2305	
2305	2017	
396	2010	
2010	396	
959	981	
981	959	
374	1355	
1355	374	
1849	2017	
2017	1849	
1047	2042	
2042	1047	
2135	2520	
2520	2135	
1024	2259	
2259	1024	
334	2491	
2491	334	
1547	2552	
2552	1547	
1674	2101	
2101	1674	
438	1585	
1585	438	
1051	2481	
2481	1051	
397	1122	
1122	397	
1269	1649	
1649	1269	
135	1371	
1371	135	
816	1820	
1820	816	
1550	1577	
1577	1550	
81	1721	
1721	81	
1470	1608	
1608	1470	
142	2568	
2568	142	
309	2630	
2630	309	
930	2427	
2427	930	
486	2420	
2420	486	
224	340	
340	224	
1130	2328	
2328	1130	
313	1360	
1360	313	
619	1873	
1873	619	
72	2411	
2411	72	
507	1334	
1334	507	
1152	1567	
1567	1152	
310	1781	
1781	310	
909	2306	
2306	909	
2147	2431	
2431	2147	
251	2486	
2486	251	
521	2271	
2271	521	
1935	2227	
2227	1935	
1996	2226	
2226	1996	
785	2469	
2469	785	
1804	2249	
2249	1804	
711	1509	
1509	711	
439	2451	
2451	439	
582	1957	
1957	582	
367	854	
854	367	
1321	2426	
2426	1321	
885	1433	
1433	885	
781	1563	
1563	781	
46	1847	
1847	46	
163	1831	
1831	163	
2243	2503	
2503	2243	
1018	1100	
1100	1018	
1401	2428	
2428	1401	
13	2150	
2150	13	
1483	1984	
1984	1483	
441	1095	
1095	441	
968	2523	
2523	968	
90	408	
408	90	
31	1576	
1576	31	
735	1843	
1843	735	
674	757	
757	674	
312	814	
814	312	
685	2552	
2552	685	
177	924	
924	177	
273	1130	
1130	273	
435	881	
881	435	
313	1424	
1424	313	
857	1369	
1369	857	
656	2148	
2148	656	
74	464	
464	74	
1767	1883	
1883	1767	
1144	1878	
1878	1144	
1389	1848	
1848	1389	
428	1744	
1744	428	
49	813	
813	49	
761	1405	
1405	761	
236	1887	
1887	236	
893	2221	
2221	893	
313	1273	
1273	313	
725	1225	
1225	725	
408	1125	
1125	408	
567	1777	
1777	567	
852	1844	
1844	852	
991	1808	
1808	991	
170	884	
884	170	
753	837	
837	753	
1239	1612	
1612	1239	
608	2171	
2171	608	
597	2247	
2247	597	
53	1522	
1522	53	
15	884	
884	15	
564	1799	
1799	564	
1443	2105	
2105	1443	
79	2051	
2051	79	
144	1691	
1691	144	
232	1226	
1226	232	
573	1742	
1742	573	
267	1663	
1663	267	
167	1037	
1037	167	
140	1198	
1198	140	
2355	2549	
2549	2355	
246	2420	
2420	246	
20	891	
891	20	
452	647	
647	452	
2082	2388	
2388	2082	
914	2055	
2055	914	
1094	2372	
2372	1094	
53	251	
251	53	
1588	2279	
2279	1588	
1270	1282	
1282	1270	
1946	2033	
2033	1946	
684	1568	
1568	684	
588	2046	
2046	588	
776	1995	
1995	776	
1306	1566	
1566	1306	
1968	2104	
2104	1968	
55	1983	
1983	55	
1482	2299	
2299	1482	
1741	2169	
2169	1741	
95	716	
716	95	
453	1514	
1514	453	
992	1217	
1217	992	
2001	2314	
2314	2001	
442	1994	
1994	442	
65	1134	
1134	65	
928	1008	
1008	928	
1204	2393	
2393	1204	
1062	1246	
1246	1062	
230	2169	
2169	230	
60	72	
72	60	
2011	2606	
2606	2011	
1581	1805	
1805	1581	
728	1050	
1050	728	
83	1950	
1950	83	
85	2036	
2036	85	
1601	2240	
2240	1601	
877	1954	
1954	877	
1433	1927	
1927	1433	
445	1485	
1485	445	
2022	2084	
2084	2022	
2037	2038	
2038	2037	
203	2408	
2408	203	
1887	2079	
2079	1887	
1549	2184	
2184	1549	
1593	2520	
2520	1593	
1697	1813	
1813	1697	
1966	2208	
2208	1966	
161	2570	
2570	161	
761	2634	
2634	761	
260	1608	
1608	260	
1989	2190	
2190	1989	
583	959	
959	583	
457	1386	
1386	457	
783	2308	
2308	783	
1103	1702	
1702	1103	
259	668	
668	259	
1118	1566	
1566	1118	
1678	1902	
1902	1678	
485	2123	
2123	485	
875	1761	
1761	875	
1492	1717	
1717	1492	
518	1006	
1006	518	
447	504	
504	447	
673	986	
986	673	
1398	2323	
2323	1398	
345	2130	
2130	345	
772	2612	
2612	772	
624	1245	
1245	624	
138	1618	
1618	138	
86	693	
693	86	
1060	2210	
2210	1060	
775	2545	
2545	775	
79	2015	
2015	79	
981	1559	
1559	981	
18	414	
414	18	
111	1079	
1079	111	
1444	2635	
2635	1444	
597	1852	
1852	597	
39	2484	
2484	39	
249	2491	
2491	249	
202	830	
830	202	
278	2252	
2252	278	
1588	1964	
1964	1588	
368	492	
492	368	
592	2033	
2033	592	
795	2163	
2163	795	
85	1541	
1541	85	
1791	1958	
1958	1791	
207	1593	
1593	207	
1888	2577	
2577	1888	
653	1293	
1293	653	
381	1401	
1401	381	
136	2048	
2048	136	
2079	2615	
2615	2079	
215	2258	
2258	215	
588	2258	
2258	588	
844	1592	
1592	844	
1737	2115	
2115	1737	
1200	2244	
2244	1200	
135	520	
520	135	
583	2196	
2196	583	
299	2161	
2161	299	
1629	2181	
2181	1629	
1926	2260	
2260	1926	
886	960	
960	886	
1406	2233	
2233	1406	
1416	1898	
1898	1416	
465	2216	
2216	465	
1506	2027	
2027	1506	
2411	2585	
2585	2411	
2463	2485	
2485	2463	
28	1737	
1737	28	
1701	2411	
2411	1701	
1512	1990	
1990	1512	
1191	1757	
1757	1191	
549	1025	
1025	549	
1702	2300	
2300	1702	
1874	2277	
2277	1874	
749	1369	
1369	749	
1418	1500	
1500	1418	
659	1788	
1788	659	
674	2127	
2127	674	
577	2340	
2340	577	
621	1720	
1720	621	
466	2031	
2031	466	
1126	1284	
1284	1126	
1260	1416	
1416	1260	
393	775	
775	393	
391	1307	
1307	391	
223	839	
839	223	
1053	2200	
2200	1053	
1845	2455	
2455	1845	
1685	2108	
2108	1685	
522	1528	
1528	522	
346	2512	
2512	346	
1764	1772	
1772	1764	
1927	2096	
2096	1927	
241	347	
347	241	
149	1992	
1992	149	
496	497	
497	496	
247	1079	
1079	247	
414	2294	
2294	414	
315	2311	
2311	315	
1353	2085	
2085	1353	
87	1093	
1093	87	
1487	1583	
1583	1487	
70	208	
208	70	
1130	1668	
1668	1130	
1387	2340	
2340	1387	
17	1496	
1496	17	
1194	1517	
1517	1194	
1770	2435	
2435	1770	
35	1583	
1583	35	
608	1703	
1703	608	
1449	1705	
1705	1449	
74	2135	
2135	74	
2442	2501	
2501	2442	
65	1316	
1316	65	
1227	1482	
1482	1227	
1325	1709	
1709	1325	
1271	2040	
2040	1271	
7	610	
610	7	
1555	1950	
1950	1555	
1047	2088	
2088	1047	
206	1450	
1450	206	
195	2255	
2255	195	
394	1128	
1128	394	
204	975	
975	204	
95	886	
886	95	
1130	1948	
1948	1130	
66	1049	
1049	66	
1349	1826	
1826	1349	
389	1790	
1790	389	
1651	1705	
1705	1651	
705	2124	
2124	705	
1323	2451	
2451	1323	
1082	1152	
1152	1082	
995	2006	
2006	995	
121	2598	
2598	121	
877	1225	
1225	877	
606	879	
879	606	
685	2099	
2099	685	
1561	2100	
2100	1561	
417	667	
667	417	
524	1376	
1376	524	
616	1773	
1773	616	
878	1328	
1328	878	
1382	1780	
1780	1382	
147	2157	
2157	147	
257	1173	
1173	257	
30	812	
812	30	
160	1385	
1385	160	
549	2167	
2167	549	
378	2421	
2421	378	
2041	2378	
2378	2041	
189	1435	
1435	189	
483	1650	
1650	483	
175	402	
402	175	
176	2122	
2122	176	
861	1233	
1233	861	
1254	2447	
2447	1254	
1943	2125	
2125	1943	
425	1280	
1280	425	
791	2483	
2483	791	
1120	1347	
1347	1120	
259	1678	
1678	259	
1778	2304	
2304	1778	
848	1883	
1883	848	
166	2391	
2391	166	
451	1008	
1008	451	
1610	1699	
1699	1610	
1873	1932	
1932	1873	
287	1746	
1746	287	
737	939	
939	737	
1167	1298	
1298	1167	
586	2342	
2342	586	
285	1472	
1472	285	
614	643	
643	614	
1253	2633	
2633	1253	
1606	2407	
2407	1606	
2245	2438	
2438	2245	
1306	2291	
2291	1306	
1210	2246	
2246	1210	
1087	1573	
1573	1087	
1629	2520	
2520	1629	
226	1533	
1533	226	
210	2107	
2107	210	
1500	2393	
2393	1500	
78	2429	
2429	78	
510	871	
871	510	
504	1959	
1959	504	
347	1442	
1442	347	
2125	2309	
2309	2125	
24	1869	
1869	24	
499	792	
792	499	
865	1824	
1824	865	
431	2187	
2187	431	
557	1110	
1110	557	
38	2013	
2013	38	
1442	1469	
1469	1442	
1088	2460	
2460	1088	
1059	1730	
1730	1059	
94	1405	
1405	94	
1311	1634	
1634	1311	
292	527	
527	292	
2007	2557	
2557	2007	
2166	2605	
2605	2166	
1122	2442	
2442	1122	
492	646	
646	492	
2416	2449	
2449	2416	
1628	2544	
2544	1628	
1315	2621	
2621	1315	
695	1037	
1037	695	
312	1757	
1757	312	
939	2424	
2424	939	
1243	1283	
1283	1243	
1243	2047	
2047	1243	
1418	1712	
1712	1418	
459	1242	
1242	459	
1609	2169	
2169	1609	
665	2523	
2523	665	
394	939	
939	394	
780	2576	
2576	780	
664	1429	
1429	664	
837	1874	
1874	837	
475	624	
624	475	
1100	2027	
2027	1100	
247	855	
855	247	
1493	2414	
2414	1493	
1371	2151	
2151	1371	
546	2395	
2395	546	
501	1368	
1368	501	
1203	1358	
1358	1203	
2150	2249	
2249	2150	
1649	2120	
2120	1649	
2018	2221	
2221	2018	
1164	1661	
1661	1164	
93	2589	
2589	93	
955	2585	
2585	955	
211	1617	
1617	211	
1134	2622	
2622	1134	
486	1953	
1953	486	
1698	2317	
2317	1698	
433	1343	
1343	433	
2030	2417	
2417	2030	
363	2397	
2397	363	
1048	2399	
2399	1048	
729	2625	
2625	729	
2449	2632	
2632	2449	
264	282	
282	264	
708	1571	
1571	708	
89	1308	
1308	89	
497	1272	
1272	497	
362	472	
472	362	
872	1612	
1612	872	
13	1024	
1024	13	
50	1555	
1555	50	
651	1935	
1935	651	
1204	1284	
1284	1204	
153	846	
846	153	
287	1506	
1506	287	
1541	2194	
2194	1541	
80	2403	
2403	80	
869	1927	
1927	869	
613	678	
678	613	
155	237	
237	155	
2533	2603	
2603	2533	
2286	2438	
2438	2286	
921	2456	
2456	921	
1231	1361	
1361	1231	
1804	2001	
2001	1804	
1169	1843	
1843	1169	
1337	1833	
1833	1337	
618	1855	
1855	618	
1715	2081	
2081	1715	
914	2434	
2434	914	
1278	1467	
1467	1278	
525	2258	
2258	525	
108	2395	
2395	108	
937	1679	
1679	937	
773	1885	
1885	773	
1196	2072	
2072	1196	
718	1258	
1258	718	
249	358	
358	249	
1174	1563	
1563	1174	
440	1031	
1031	440	
2214	2510	
2510	2214	
1508	2164	
2164	1508	
1709	2379	
2379	1709	
1169	1919	
1919	1169	
1833	2488	
2488	1833	
1460	2141	
2141	1460	
337	2053	
2053	337	
238	2425	
2425	238	
1250	1755	
1755	1250	
1689	1960	
1960	1689	
1437	1633	
1633	1437	
1004	1423	
1423	1004	
684	705	
705	684	
1641	2459	
2459	1641	
221	983	
983	221	
676	2629	
2629	676	
91	2444	
2444	91	
1751	2120	
2120	1751	
844	1272	
1272	844	
611	2303	
2303	611	
1143	2290	
2290	1143	
478	2079	
2079	478	
1140	2254	
2254	1140	
2382	2401	
2401	2382	
1405	1463	
1463	1405	
1425	2055	
2055	1425	
397	736	
736	397	
1422	1872	
1872	1422	
757	1912	
1912	757	
527	1399	
1399	527	
1301	1651	
1651	1301	
697	1734	
1734	697	
167	868	
868	167	
594	1030	
1030	594	
1020	1057	
1057	1020	
991	1742	
1742	991	
13	2035	
2035	13	
2040	2474	
2474	2040	
1264	1953	
1953	1264	
4	2414	
2414	4	
2185	2243	
2243	2185	
902	2370	
2370	902	
650	1952	
1952	650	
190	1038	
1038	190	
1407	1500	
1500	1407	
1206	2301	
2301	1206	
721	1788	
1788	721	
696	959	
959	696	
390	1082	
1082	390	
667	2339	
2339	667	
1135	2365	
2365	1135	
358	1461	
1461	358	
1106	2356	
2356	1106	
1047	1376	
1376	1047	
191	1997	
1997	191	
1858	2225	
2225	1858	
314	1315	
1315	314	
998	2253	
2253	998	
1634	2315	
2315	1634	
1145	2496	
2496	1145	
47	2502	
2502	47	
1558	1770	
1770	1558	
493	1458	
1458	493	
797	1840	
1840	797	
1242	1545	
1545	1242	
1256	1852	
1852	1256	
73	223	
223	73	
373	1837	
1837	373	
1463	1714	
1714	1463	
1026	1206	
1206	1026	
506	887	
887	506	
62	240	
240	62	
411	1528	
1528	411	
996	2413	
2413	996	
1597	2610	
2610	1597	
1733	2636	
2636	1733	
1834	1854	
1854	1834	
28	1973	
1973	28	
233	1220	
1220	233	
2019	2243	
2243	2019	
341	2515	
2515	341	
32	2387	
2387	32	
682	2626	
2626	682	
840	1348	
1348	840	
233	654	
654	233	
970	2475	
2475	970	
822	2294	
2294	822	
641	1487	
1487	641	
645	2200	
2200	645	
409	958	
958	409	
603	966	
966	603	
1476	1825	
1825	1476	
536	1080	
1080	536	
2008	2338	
2338	2008	
94	1504	
1504	94	
1382	2470	
2470	1382	
1820	2158	
2158	1820	
1659	2536	
2536	1659	
839	1168	
1168	839	
650	2557	
2557	650	
931	2228	
2228	931	
353	1543	
1543	353	
652	1368	
1368	652	
1193	2371	
2371	1193	
987	2173	
2173	987	
322	1394	
1394	322	
473	664	
664	473	
1357	2010	
2010	1357	
437	2044	
2044	437	
1007	1255	
1255	1007	
790	1363	
1363	790	
183	2489	
2489	183	
314	2400	
2400	314	
622	1574	
1574	622	
952	1551	
1551	952	
267	1006	
1006	267	
1220	1756	
1756	1220	
702	1959	
1959	702	
473	1133	
1133	473	
267	1189	
1189	267	
1928	2461	
2461	1928	
2324	2600	
2600	2324	
570	1119	
1119	570	
757	797	
797	757	
625	1557	
1557	625	
379	1936	
1936	379	
461	2549	
2549	461	
442	503	
503	442	
275	2336	
2336	275	
1014	2451	
2451	1014	
1318	2401	
2401	1318	
1944	2033	
2033	1944	
2029	2163	
2163	2029	
1726	1740	
1740	1726	
1893	2331	
2331	1893	
286	742	
742	286	
482	2019	
2019	482	
520	761	
761	520	
1769	2389	
2389	1769	
44	2524	
2524	44	
2627	2633	
2633	2627	
20	2511	
2511	20	
1852	1972	
1972	1852	
1248	2397	
2397	1248	
1079	1158	
1158	1079	
911	2093	
2093	911	
371	2437	
2437	371	
321	1063	
1063	321	
135	1439	
1439	135	
47	646	
646	47	
85	2617	
2617	85	
293	421	
421	293	
203	587	
587	203	
1086	2208	
2208	1086	
690	1534	
1534	690	
1011	2189	
2189	1011	
109	353	
353	109	
377	2201	
2201	377	
759	1982	
1982	759	
1474	1864	
1864	1474	
340	1208	
1208	340	
771	1893	
1893	771	
2480	2571	
2571	2480	
1145	1959	
1959	1145	
704	1642	
1642	704	
1091	1628	
1628	1091	
2348	2549	
2549	2348	
139	697	
697	139	
1042	1813	
1813	1042	
668	1759	
1759	668	
311	1009	
1009	311	
1044	1232	
1232	1044	
150	2416	
2416	150	
2349	2376	
2376	2349	
1438	2079	
2079	1438	
750	934	
934	750	
278	1328	
1328	278	
640	1005	
1005	640	
1025	2472	
2472	1025	
1347	1544	
1544	1347	
1914	2505	
2505	1914	
1376	1724	
1724	1376	
537	877	
877	537	
1004	1834	
1834	1004	
488	752	
752	488	
331	632	
632	331	
480	1810	
1810	480	
1317	1490	
1490	1317	
2202	2351	
2351	2202	
1133	2567	
2567	1133	
1361	1596	
1596	1361	
50	1876	
1876	50	
569	2581	
2581	569	
630	653	
653	630	
1587	2389	
2389	1587	
1320	1623	
1623	1320	
1358	1774	
1774	1358	
1380	1608	
1608	1380	
195	365	
365	195	
1597	1875	
1875	1597	
816	830	
830	816	
209	431	
431	209	
638	2441	
2441	638	
454	898	
898	454	
1792	2209	
2209	1792	
805	1579	
1579	805	
1774	2457	
2457	1774	
848	1025	
1025	848	
1227	1645	
1645	1227	
240	2010	
2010	240	
2022	2266	
2266	2022	
1389	1655	
1655	1389	
968	2637	
2637	968	
1423	2586	
2586	1423	
340	2037	
2037	340	
1042	2456	
2456	1042	
1978	2223	
2223	1978	
165	896	
896	165	
518	2359	
2359	518	
1171	1795	
1795	1171	
908	2326	
2326	908	
370	2412	
2412	370	
973	1178	
1178	973	
1051	1159	
1159	1051	
776	1744	
1744	776	
180	1096	
1096	180	
772	2538	
2538	772	
1061	1861	
1861	1061	
973	1592	
1592	973	
1140	2408	
2408	1140	
1027	1132	
1132	1027	
1041	1109	
1109	1041	
730	2388	
2388	730	
105	1268	
1268	105	
104	2350	
2350	104	
1351	1957	
1957	1351	
458	847	
847	458	
1158	2630	
2630	1158	
1387	2594	
2594	1387	
12	1043	
1043	12	
878	2205	
2205	878	
1447	1834	
1834	1447	
1036	1252	
1252	1036	
132	2589	
2589	132	
48	806	
806	48	
417	556	
556	417	
1057	1095	
1095	1057	
136	1165	
1165	136	
394	870	
870	394	
119	2189	
2189	119	
62	1937	
1937	62	
756	2246	
2246	756	
395	1353	
1353	395	
691	766	
766	691	
1260	2000	
2000	1260	
1401	1575	
1575	1401	
696	2257	
2257	696	
1253	1995	
1995	1253	
787	1285	
1285	787	
1099	1711	
1711	1099	
761	1172	
1172	761	
872	1991	
1991	872	
621	1025	
1025	621	
863	1923	
1923	863	
824	892	
892	824	
823	1146	
1146	823	
79	515	
515	79	
172	273	
273	172	
1605	2344	
2344	1605	
901	2264	
2264	901	
1123	2468	
2468	1123	
782	2555	
2555	782	
1313	2243	
2243	1313	
1892	2291	
2291	1892	
1723	2368	
2368	1723	
1733	2405	
2405	1733	
1107	2140	
2140	1107	
584	1345	
1345	584	
578	590	
590	578	
770	2223	
2223	770	
710	746	
746	710	
133	651	
651	133	
110	1641	
1641	110	
145	1412	
1412	145	
777	1269	
1269	777	
1719	1802	
1802	1719	
1092	1644	
1644	1092	
441	1009	
1009	441	
1458	2125	
2125	1458	
872	2006	
2006	872	
882	1832	
1832	882	
208	541	
541	208	
405	918	
918	405	
297	2408	
2408	297	
1568	1958	
1958	1568	
1272	1760	
1760	1272	
82	630	
630	82	
818	1341	
1341	818	
268	1972	
1972	268	
1672	1698	
1698	1672	
580	931	
931	580	
1835	2341	
2341	1835	
495	2407	
2407	495	
84	158	
158	84	
1673	1691	
1691	1673	
80	702	
702	80	
56	369	
369	56	
253	806	
806	253	
938	2370	
2370	938	
641	1306	
1306	641	
118	415	
415	118	
819	1073	
1073	819	
1383	2346	
2346	1383	
2020	2506	
2506	2020	
1604	2121	
2121	1604	
233	1858	
1858	233	
1197	1949	
1949	1197	
1686	2481	
2481	1686	
129	1228	
1228	129	
621	1283	
1283	621	
1042	1417	
1417	1042	
762	2578	
2578	762	
1260	2529	
2529	1260	
1608	2210	
2210	1608	
1651	2520	
2520	1651	
376	1240	
1240	376	
1003	1558	
1558	1003	
721	1724	
1724	721	
1250	1464	
1464	1250	
1015	2347	
2347	1015	
1189	2490	
2490	1189	
164	293	
293	164	
1174	2167	
2167	1174	
1141	2573	
2573	1141	
315	690	
690	315	
467	1179	
1179	467	
737	2291	
2291	737	
1458	1801	
1801	1458	
13	447	
447	13	
231	1727	
1727	231	
1798	2163	
2163	1798	
315	1102	
1102	315	
659	1859	
1859	659	
678	1910	
1910	678	
225	793	
793	225	
421	490	
490	421	
1719	2416	
2416	1719	
1847	2369	
2369	1847	
360	1598	
1598	360	
1495	1585	
1585	1495	
277	1955	
1955	277	
1154	1698	
1698	1154	
141	207	
207	141	
118	2280	
2280	118	
170	2518	
2518	170	
1736	2560	
2560	1736	
1228	1508	
1508	1228	
393	1047	
1047	393	
1697	2021	
2021	1697	
13	1150	
1150	13	
1050	1546	
1546	1050	
1416	1786	
1786	1416	
246	1195	
1195	246	
605	2109	
2109	605	
59	1874	
1874	59	
406	1717	
1717	406	
790	2065	
2065	790	
119	637	
637	119	
2198	2437	
2437	2198	
255	2622	
2622	255	
1257	1979	
1979	1257	
633	2301	
2301	633	
814	1148	
1148	814	
969	2613	
2613	969	
443	1646	
1646	443	
488	528	
528	488	
1182	2486	
2486	1182	
988	1574	
1574	988	
1143	2284	
2284	1143	
79	98	
98	79	
697	2147	
2147	697	
1533	1895	
1895	1533	
1199	2565	
2565	1199	
2259	2511	
2511	2259	
938	2272	
2272	938	
1717	2008	
2008	1717	
1358	2138	
2138	1358	
1322	1906	
1906	1322	
688	1546	
1546	688	
159	2594	
2594	159	
133	296	
296	133	
8	1147	
1147	8	
121	358	
358	121	
1725	1785	
1785	1725	
542	1640	
1640	542	
818	2257	
2257	818	
73	2181	
2181	73	
409	1583	
1583	409	
964	2193	
2193	964	
309	1367	
1367	309	
842	1182	
1182	842	
823	1019	
1019	823	
779	2158	
2158	779	
358	464	
464	358	
609	790	
790	609	
1275	2150	
2150	1275	
499	2306	
2306	499	
2499	2526	
2526	2499	
402	837	
837	402	
132	1209	
1209	132	
496	2042	
2042	496	
2061	2187	
2187	2061	
54	1003	
1003	54	
680	748	
748	680	
33	913	
913	33	
198	337	
337	198	
1374	1520	
1520	1374	
1065	1848	
1848	1065	
1132	2153	
2153	1132	
395	2216	
2216	395	
429	2398	
2398	429	
1263	2602	
2602	1263	
1410	1986	
1986	1410	
703	1746	
1746	703	
1048	1369	
1369	1048	
411	1647	
1647	411	
731	2473	
2473	731	
1306	1799	
1799	1306	
662	1139	
1139	662	
1016	2598	
2598	1016	
459	1982	
1982	459	
1141	2505	
2505	1141	
2371	2479	
2479	2371	
321	1222	
1222	321	
995	1813	
1813	995	
313	431	
431	313	
97	446	
446	97	
1037	2430	
2430	1037	
673	1254	
1254	673	
2182	2283	
2283	2182	
2069	2133	
2133	2069	
1181	1836	
1836	1181	
671	2554	
2554	671	
2003	2233	
2233	2003	
1772	2155	
2155	1772	
1348	1801	
1801	1348	
1152	2579	
2579	1152	
148	1222	
1222	148	
474	2233	
2233	474	
1649	1812	
1812	1649	
1533	2553	
2553	1533	
177	1868	
1868	177	
1783	2634	
2634	1783	
1788	1791	
1791	1788	
1095	1388	
1388	1095	
227	1867	
1867	227	
1583	1968	
1968	1583	
2257	2568	
2568	2257	
1017	1028	
1028	1017	
1324	1423	
1423	1324	
518	2093	
2093	518	
2159	2237	
2237	2159	
1388	2010	
2010	1388	
612	1125	
1125	612	
716	869	
869	716	
425	841	
841	425	
470	1792	
1792	470	
1239	1282	
1282	1239	
752	852	
852	752	
125	934	
934	125	
1727	2230	
2230	1727	
1136	1869	
1869	1136	
1790	2465	
2465	1790	
114	2047	
2047	114	
1511	2588	
2588	1511	
464	1644	
1644	464	
1718	2067	
2067	1718	
2181	2470	
2470	2181	
200	311	
311	200	
168	2065	
2065	168	
428	2435	
2435	428	
1542	1866	
1866	1542	
1773	1964	
1964	1773	
2208	2303	
2303	2208	
239	2073	
2073	239	
101	2365	
2365	101	
749	784	
784	749	
457	2063	
2063	457	
1811	2363	
2363	1811	
931	1468	
1468	931	
477	2162	
2162	477	
1407	2062	
2062	1407	
772	1613	
1613	772	
1412	1935	
1935	1412	
1390	1888	
1888	1390	
2421	2514	
2514	2421	
2439	2609	
2609	2439	
822	2630	
2630	822	
2371	2568	
2568	2371	
520	1720	
1720	520	
784	906	
906	784	
1695	2075	
2075	1695	
561	1844	
1844	561	
490	1679	
1679	490	
775	2530	
2530	775	
237	713	
713	237	
1308	2127	
2127	1308	
114	1739	
1739	114	
934	2066	
2066	934	
784	1459	
1459	784	
1858	2294	
2294	1858	
1071	1929	
1929	1071	
439	2634	
2634	439	
737	1676	
1676	737	
851	1466	
1466	851	
609	1717	
1717	609	
345	2294	
2294	345	
27	1123	
1123	27	
1603	1811	
1811	1603	
674	957	
957	674	
187	2137	
2137	187	
1341	2244	
2244	1341	
346	1829	
1829	346	
5	693	
693	5	
501	649	
649	501	
1255	2412	
2412	1255	
1749	1880	
1880	1749	
204	1372	
1372	204	
995	1520	
1520	995	
1615	1819	
1819	1615	
825	2553	
2553	825	
776	1874	
1874	776	
1944	2403	
2403	1944	
632	1624	
1624	632	
824	1458	
1458	824	
1946	2564	
2564	1946	
1282	2489	
2489	1282	
812	1231	
1231	812	
232	2205	
2205	232	
1180	2427	
2427	1180	
1795	2361	
2361	1795	
1024	1796	
1796	1024	
749	2403	
2403	749	
691	1767	
1767	691	
494	2131	
2131	494	
1728	1813	
1813	1728	
304	1782	
1782	304	
2346	2599	
2599	2346	
1104	1599	
1599	1104	
562	1566	
1566	562	
153	1585	
1585	153	
251	672	
672	251	
104	1367	
1367	104	
316	1956	
1956	316	
512	1494	
1494	512	
545	1894	
1894	545	
427	1702	
1702	427	
1499	2301	
2301	1499	
1023	1431	
1431	1023	
629	2531	
2531	629	
993	2179	
2179	993	
1088	1865	
1865	1088	
1667	2259	
2259	1667	
738	1234	
1234	738	
718	2268	
2268	718	
460	1792	
1792	460	
759	810	
810	759	
389	1944	
1944	389	
1123	1831	
1831	1123	
620	1899	
1899	620	
320	1671	
1671	320	
363	2071	
2071	363	
1110	2496	
2496	1110	
165	1878	
1878	165	
438	1256	
1256	438	
1807	2440	
2440	1807	
1505	2549	
2549	1505	
460	1639	
1639	460	
91	806	
806	91	
1144	1463	
1463	1144	
802	1767	
1767	802	
1494	1671	
1671	1494	
1529	2614	
2614	1529	
521	1362	
1362	521	
1176	1342	
1342	1176	
2367	2580	
2580	2367	
2278	2629	
2629	2278	
351	1462	
1462	351	
1153	1213	
1213	1153	
1416	1918	
1918	1416	
357	698	
698	357	
573	1358	
1358	573	
707	1326	
1326	707	
2043	2228	
2228	2043	
676	1269	
1269	676	
535	932	
932	535	
1347	1847	
1847	1347	
1827	1842	
1842	1827	
269	1416	
1416	269	
520	855	
855	520	
1260	1496	
1496	1260	
98	1686	
1686	98	
781	2086	
2086	781	
381	1347	
1347	381	
1653	1808	
1808	1653	
1301	2574	
2574	1301	
809	2154	
2154	809	
817	2547	
2547	817	
371	1369	
1369	371	
1743	2465	
2465	1743	
337	1861	
1861	337	
367	711	
711	367	
243	2539	
2539	243	
1114	1215	
1215	1114	
108	1477	
1477	108	
1054	2449	
2449	1054	
62	1976	
1976	62	
942	1545	
1545	942	
2126	2578	
2578	2126	
34	475	
475	34	
812	1938	
1938	812	
294	363	
363	294	
849	2576	
2576	849	
258	2010	
2010	258	
174	719	
719	174	
1317	1948	
1948	1317	
200	1860	
1860	200	
1248	1421	
1421	1248	
1121	2095	
2095	1121	
69	2471	
2471	69	
279	1113	
1113	279	
983	1610	
1610	983	
1805	2444	
2444	1805	
187	1975	
1975	187	
911	1864	
1864	911	
252	1430	
1430	252	
789	2442	
2442	789	
277	1126	
1126	277	
239	618	
618	239	
2338	2364	
2364	2338	
1285	2435	
2435	1285	
195	2442	
2442	195	
110	1501	
1501	110	
869	2548	
2548	869	
560	788	
788	560	
948	1443	
1443	948	
369	381	
381	369	
1652	1741	
1741	1652	
1887	2274	
2274	1887	
1470	2092	
2092	1470	
1058	2417	
2417	1058	
190	1723	
1723	190	
1110	1756	
1756	1110	
418	1779	
1779	418	
390	2362	
2362	390	
890	1385	
1385	890	
85	317	
317	85	
757	2317	
2317	757	
1358	1394	
1394	1358	
633	2636	
2636	633	
485	841	
841	485	
157	1248	
1248	157	
2236	2612	
2612	2236	
530	2553	
2553	530	
335	1253	
1253	335	
1143	2415	
2415	1143	
615	2637	
2637	615	
1952	2247	
2247	1952	
690	1199	
1199	690	
512	2497	
2497	512	
760	2349	
2349	760	
1508	2611	
2611	1508	
313	1333	
1333	313	
1214	1220	
1220	1214	
859	903	
903	859	
543	593	
593	543	
1650	2370	
2370	1650	
111	1439	
1439	111	
284	2203	
2203	284	
1212	2222	
2222	1212	
105	1985	
1985	105	
258	1576	
1576	258	
816	1839	
1839	816	
1333	1696	
1696	1333	
2013	2490	
2490	2013	
984	1523	
1523	984	
992	1173	
1173	992	
137	1566	
1566	137	
1362	1405	
1405	1362	
1239	1661	
1661	1239	
1539	2641	
2641	1539	
1781	1867	
1867	1781	
1276	1359	
1359	1276	
920	2283	
2283	920	
838	2266	
2266	838	
544	1792	
1792	544	
2298	2543	
2543	2298	
1537	2513	
2513	1537	
1161	2493	
2493	1161	
648	2052	
2052	648	
515	2271	
2271	515	
68	1342	
1342	68	
136	204	
204	136	
511	922	
922	511	
783	2561	
2561	783	
1767	1909	
1909	1767	
761	2299	
2299	761	
285	1160	
1160	285	
621	2487	
2487	621	
1793	2431	
2431	1793	
374	1232	
1232	374	
2005	2553	
2553	2005	
69	1489	
1489	69	
299	2046	
2046	299	
204	616	
616	204	
250	680	
680	250	
428	2129	
2129	428	
782	1901	
1901	782	
119	1190	
1190	119	
837	1330	
1330	837	
1476	2446	
2446	1476	
51	203	
203	51	
640	1751	
1751	640	
1939	2409	
2409	1939	
853	1682	
1682	853	
84	2430	
2430	84	
505	1117	
1117	505	
420	1343	
1343	420	
1421	2075	
2075	1421	
372	896	
896	372	
189	1664	
1664	189	
878	1888	
1888	878	
183	801	
801	183	
1778	2589	
2589	1778	
1636	2068	
2068	1636	
897	1576	
1576	897	
606	1792	
1792	606	
1182	2434	
2434	1182	
53	1088	
1088	53	
1088	2237	
2237	1088	
186	2209	
2209	186	
217	1710	
1710	217	
1299	2034	
2034	1299	
124	1625	
1625	124	
411	732	
732	411	
1245	1535	
1535	1245	
79	292	
292	79	
596	920	
920	596	
305	321	
321	305	
829	2477	
2477	829	
870	2112	
2112	870	
123	404	
404	123	
1265	2637	
2637	1265	
196	1391	
1391	196	
267	410	
410	267	
1106	2639	
2639	1106	
215	498	
498	215	
961	987	
987	961	
1046	2161	
2161	1046	
1443	2465	
2465	1443	
739	2521	
2521	739	
1166	1367	
1367	1166	
224	2340	
2340	224	
290	1315	
1315	290	
438	1796	
1796	438	
1129	2162	
2162	1129	
1771	1960	
1960	1771	
779	1003	
1003	779	
814	2561	
2561	814	
782	1983	
1983	782	
1061	2133	
2133	1061	
380	1987	
1987	380	
501	1358	
1358	501	
10	340	
340	10	
1535	2526	
2526	1535	
1027	1939	
1939	1027	
1698	2490	
2490	1698	
294	1056	
1056	294	
1394	2229	
2229	1394	
285	2374	
2374	285	
957	1406	
1406	957	
161	1892	
1892	161	
1407	2622	
2622	1407	
393	619	
619	393	
963	2471	
2471	963	
617	1739	
1739	617	
123	882	
882	123	
1617	1712	
1712	1617	
557	1943	
1943	557	
1656	1710	
1710	1656	
1431	1943	
1943	1431	
1031	2311	
2311	1031	
271	2306	
2306	271	
101	1106	
1106	101	
7	72	
72	7	
1275	2617	
2617	1275	
827	2005	
2005	827	
727	1050	
1050	727	
176	2352	
2352	176	
174	2101	
2101	174	
1876	2505	
2505	1876	
1592	1749	
1749	1592	
1061	2190	
2190	1061	
149	892	
892	149	
914	994	
994	914	
370	1299	
1299	370	
327	2506	
2506	327	
12	46	
46	12	
1262	1834	
1834	1262	
635	1406	
1406	635	
79	2126	
2126	79	
751	2331	
2331	751	
343	1408	
1408	343	
859	2580	
2580	859	
97	2118	
2118	97	
103	677	
677	103	
1819	2602	
2602	1819	
1566	2150	
2150	1566	
1514	2567	
2567	1514	
614	1847	
1847	614	
386	1868	
1868	386	
212	1017	
1017	212	
1709	2177	
2177	1709	
486	2046	
2046	486	
1017	1410	
1410	1017	
614	1004	
1004	614	
472	1788	
1788	472	
2142	2228	
2228	2142	
1391	1719	
1719	1391	
