359	491	
491	359	
1919	2031	
2031	1919	
715	717	
717	715	
384	386	
386	384	
1262	1273	
1273	1262	
2446	2454	
2454	2446	
156	251	
251	156	
2250	2251	
2251	2250	
2098	2103	
2103	2098	
819	841	
841	819	
789	792	
792	789	
410	418	
418	410	
2456	2459	
2459	2456	
739	800	
800	739	
1427	1428	
1428	1427	
2162	2163	
2163	2162	
1387	1389	
1389	1387	
1606	1695	
1695	1606	
2570	2571	
2571	2570	
1654	1661	
1661	1654	
2172	2181	
2181	2172	
1716	1742	
1742	1716	
1367	1393	
1393	1367	
19	51	
51	19	
2395	2408	
2408	2395	
1439	1455	
1455	1439	
402	404	
404	402	
1936	1937	
1937	1936	
997	999	
999	997	
1037	1044	
1044	1037	
1583	1585	
1585	1583	
180	201	
201	180	
1542	1546	
1546	1542	
490	497	
497	490	
1096	1144	
1144	1096	
2102	2104	
2104	2102	
2550	2575	
2575	2550	
2372	2394	
2394	2372	
2006	2009	
2009	2006	
887	893	
893	887	
1893	1904	
1904	1893	
2479	2483	
2483	2479	
709	710	
710	709	
2109	2110	
2110	2109	
925	960	
960	925	
352	390	
390	352	
2206	2208	
2208	2206	
1620	1633	
1633	1620	
1712	1743	
1743	1712	
1023	1024	
1024	1023	
5	8	
8	5	
1807	1828	
1828	1807	
448	458	
458	448	
1781	1782	
1782	1781	
1988	1992	
1992	1988	
324	414	
414	324	
162	165	
165	162	
1572	1576	
1576	1572	
516	517	
517	516	
2340	2342	
2342	2340	
943	951	
951	943	
1040	1058	
1058	1040	
6	14	
14	6	
428	429	
429	428	
1335	1336	
1336	1335	
227	228	
228	227	
1223	1414	
1414	1223	
1065	1067	
1067	1065	
1854	1855	
1855	1854	
1632	1644	
1644	1632	
1770	1772	
1772	1770	
64	124	
124	64	
1188	1191	
1191	1188	
1043	1139	
1139	1043	
1208	1310	
1310	1208	
649	653	
653	649	
2231	2248	
2248	2231	
2176	2190	
2190	2176	
77	80	
80	77	
1839	1851	
1851	1839	
91	93	
93	91	
1192	1216	
1216	1192	
1975	1989	
1989	1975	
201	221	
221	201	
1720	1743	
1743	1720	
2478	2490	
2490	2478	
649	652	
652	649	
1536	1589	
1589	1536	
1562	1566	
1566	1562	
2560	2579	
2579	2560	
2032	2034	
2034	2032	
2355	2363	
2363	2355	
651	655	
655	651	
815	816	
816	815	
246	248	
248	246	
2321	2329	
2329	2321	
240	252	
252	240	
2182	2184	
2184	2182	
2082	2086	
2086	2082	
188	209	
209	188	
848	863	
863	848	
809	822	
822	809	
564	638	
638	564	
2222	2224	
2224	2222	
2020	2024	
2024	2020	
49	50	
50	49	
1752	1760	
1760	1752	
1010	1014	
1014	1010	
718	728	
728	718	
1476	1497	
1497	1476	
1837	1838	
1838	1837	
1946	1953	
1953	1946	
1596	1654	
1654	1596	
2312	2334	
2334	2312	
120	121	
121	120	
130	132	
132	130	
200	203	
203	200	
1991	2001	
2001	1991	
2292	2293	
2293	2292	
768	782	
782	768	
1700	1710	
1710	1700	
1607	1615	
1615	1607	
808	860	
860	808	
1968	1976	
1976	1968	
1717	1723	
1723	1717	
1173	1176	
1176	1173	
391	392	
392	391	
21	39	
39	21	
1234	1236	
1236	1234	
1846	1847	
1847	1846	
760	761	
761	760	
1726	1731	
1731	1726	
2145	2246	
2246	2145	
1485	1486	
1486	1485	
2168	2179	
2179	2168	
2144	2153	
2153	2144	
902	914	
914	902	
1287	1304	
1304	1287	
1410	1413	
1413	1410	
935	937	
937	935	
1332	1333	
1333	1332	
1085	1087	
1087	1085	
529	537	
537	529	
2013	2014	
2014	2013	
2158	2172	
2172	2158	
447	452	
452	447	
1401	1411	
1411	1401	
2417	2507	
2507	2417	
1031	1035	
1035	1031	
1203	1215	
1215	1203	
167	170	
170	167	
1695	1705	
1705	1695	
1163	1250	
1250	1163	
1389	1391	
1391	1389	
1556	1565	
1565	1556	
1815	1818	
1818	1815	
1351	1431	
1431	1351	
433	461	
461	433	
2108	2120	
2120	2108	
787	791	
791	787	
509	510	
510	509	
101	146	
146	101	
461	477	
477	461	
615	616	
616	615	
904	905	
905	904	
1579	1597	
1597	1579	
2205	2206	
2206	2205	
387	390	
390	387	
2543	2544	
2544	2543	
1438	1567	
1567	1438	
17	18	
18	17	
1657	1674	
1674	1657	
2067	2075	
2075	2067	
117	190	
190	117	
451	453	
453	451	
340	343	
343	340	
599	600	
600	599	
228	232	
232	228	
78	82	
82	78	
2183	2185	
2185	2183	
2197	2217	
2217	2197	
769	771	
771	769	
716	720	
720	716	
2451	2452	
2452	2451	
910	926	
926	910	
1152	1153	
1153	1152	
1398	1399	
1399	1398	
2432	2433	
2433	2432	
1009	1034	
1034	1009	
2555	2609	
2609	2555	
1901	1902	
1902	1901	
2163	2164	
2164	2163	
2499	2503	
2503	2499	
481	482	
482	481	
728	733	
733	728	
2552	2574	
2574	2552	
420	424	
424	420	
2445	2449	
2449	2445	
1758	1772	
1772	1758	
699	701	
701	699	
273	276	
276	273	
2423	2425	
2425	2423	
2519	2522	
2522	2519	
1296	1300	
1300	1296	
257	284	
284	257	
2575	2635	
2635	2575	
1111	1112	
1112	1111	
835	837	
837	835	
248	249	
249	248	
952	956	
956	952	
517	519	
519	517	
281	304	
304	281	
413	415	
415	413	
628	630	
630	628	
266	267	
267	266	
1504	1511	
1511	1504	
1592	1598	
1598	1592	
1417	1538	
1538	1417	
380	463	
463	380	
1895	1896	
1896	1895	
237	240	
240	237	
948	950	
950	948	
151	164	
164	151	
1237	1243	
1243	1237	
2250	2254	
2254	2250	
1492	1573	
1573	1492	
414	457	
457	414	
2000	2063	
2063	2000	
1649	1692	
1692	1649	
2620	2632	
2632	2620	
1215	1536	
1536	1215	
1825	1826	
1826	1825	
327	328	
328	327	
2365	2367	
2367	2365	
535	536	
536	535	
1920	1953	
1953	1920	
335	338	
338	335	
2272	2283	
2283	2272	
547	553	
553	547	
8	12	
12	8	
272	278	
278	272	
875	885	
885	875	
191	192	
192	191	
1233	1235	
1235	1233	
1602	1730	
1730	1602	
411	520	
520	411	
2559	2571	
2571	2559	
968	975	
975	968	
108	136	
136	108	
2486	2501	
2501	2486	
2596	2598	
2598	2596	
1848	1856	
1856	1848	
2346	2391	
2391	2346	
2472	2536	
2536	2472	
375	376	
376	375	
1982	1986	
1986	1982	
959	973	
973	959	
1907	2032	
2032	1907	
2300	2326	
2326	2300	
1302	1317	
1317	1302	
583	584	
584	583	
422	424	
424	422	
1200	1297	
1297	1200	
983	1021	
1021	983	
2548	2558	
2558	2548	
667	759	
759	667	
37	38	
38	37	
1180	1181	
1181	1180	
654	661	
661	654	
1844	1846	
1846	1844	
125	143	
143	125	
1308	1311	
1311	1308	
418	422	
422	418	
1749	1789	
1789	1749	
219	232	
232	219	
747	752	
752	747	
939	941	
941	939	
534	566	
566	534	
1819	1841	
1841	1819	
1097	1100	
1100	1097	
1804	1815	
1815	1804	
270	277	
277	270	
1274	1283	
1283	1274	
568	570	
570	568	
1314	1359	
1359	1314	
2165	2170	
2170	2165	
2276	2282	
2282	2276	
1985	2008	
2008	1985	
2079	2083	
2083	2079	
185	222	
222	185	
1650	1652	
1652	1650	
1056	1057	
1057	1056	
2507	2526	
2526	2507	
1246	1247	
1247	1246	
161	166	
166	161	
635	640	
640	635	
183	199	
199	183	
1129	1142	
1142	1129	
166	174	
174	166	
660	669	
669	660	
1078	1131	
1131	1078	
2517	2523	
2523	2517	
2532	2550	
2550	2532	
1128	1149	
1149	1128	
82	83	
83	82	
2092	2093	
2093	2092	
1641	1771	
1771	1641	
1540	1541	
1541	1540	
1301	1357	
1357	1301	
2041	2073	
2073	2041	
58	66	
66	58	
537	564	
564	537	
572	574	
574	572	
2044	2045	
2045	2044	
906	912	
912	906	
1061	1101	
1101	1061	
1283	1316	
1316	1283	
236	238	
238	236	
13	14	
14	13	
830	831	
831	830	
93	95	
95	93	
852	853	
853	852	
1100	1153	
1153	1100	
271	323	
323	271	
199	241	
241	199	
1739	1740	
1740	1739	
751	787	
787	751	
855	902	
902	855	
1054	1096	
1096	1054	
788	806	
806	788	
2204	2205	
2205	2204	
1814	1815	
1815	1814	
822	833	
833	822	
401	404	
404	401	
737	740	
740	737	
1633	1678	
1678	1633	
332	346	
346	332	
1074	1081	
1081	1074	
251	268	
268	251	
2008	2010	
2010	2008	
2086	2089	
2089	2086	
2389	2404	
2404	2389	
1783	1798	
1798	1783	
2590	2616	
2616	2590	
2416	2500	
2500	2416	
1864	1904	
1904	1864	
1904	1944	
1944	1904	
1194	1204	
1204	1194	
1913	1929	
1929	1913	
829	834	
834	829	
269	277	
277	269	
712	716	
716	712	
2093	2113	
2113	2093	
317	318	
318	317	
1832	1859	
1859	1832	
364	366	
366	364	
2104	2106	
2106	2104	
502	509	
509	502	
1564	1566	
1566	1564	
1377	1379	
1379	1377	
774	811	
811	774	
1637	1638	
1638	1637	
2447	2450	
2450	2447	
2227	2237	
2237	2227	
2356	2368	
2368	2356	
1159	1179	
1179	1159	
1175	1182	
1182	1175	
2195	2320	
2320	2195	
1204	1252	
1252	1204	
45	46	
46	45	
2471	2498	
2498	2471	
1732	1741	
1741	1732	
876	900	
900	876	
1601	1645	
1645	1601	
1314	1320	
1320	1314	
330	337	
337	330	
1122	1137	
1137	1122	
1260	1261	
1261	1260	
60	62	
62	60	
294	295	
295	294	
1088	1141	
1141	1088	
726	737	
737	726	
1753	1796	
1796	1753	
2387	2481	
2481	2387	
491	496	
496	491	
1570	1571	
1571	1570	
280	301	
301	280	
638	643	
643	638	
212	279	
279	212	
2101	2105	
2105	2101	
794	814	
814	794	
1947	1949	
1949	1947	
2073	2078	
2078	2073	
2444	2448	
2448	2444	
1187	1232	
1232	1187	
1688	1690	
1690	1688	
618	619	
619	618	
1411	1412	
1412	1411	
719	733	
733	719	
2012	2027	
2027	2012	
2212	2219	
2219	2212	
2443	2495	
2495	2443	
2282	2283	
2283	2282	
2288	2289	
2289	2288	
1513	1516	
1516	1513	
1098	1152	
1152	1098	
1470	1482	
1482	1470	
2002	2003	
2003	2002	
1162	1163	
1163	1162	
865	913	
913	865	
303	308	
308	303	
2412	2415	
2415	2412	
321	326	
326	321	
838	840	
840	838	
1918	1947	
1947	1918	
2454	2461	
2461	2454	
268	332	
332	268	
2588	2591	
2591	2588	
442	443	
443	442	
908	910	
910	908	
2476	2480	
2480	2476	
1549	1578	
1578	1549	
510	511	
511	510	
1138	1142	
1142	1138	
917	924	
924	917	
159	160	
160	159	
2174	2180	
2180	2174	
1390	1402	
1402	1390	
2215	2236	
2236	2215	
1309	1438	
1438	1309	
573	625	
625	573	
1809	1813	
1813	1809	
1678	1689	
1689	1678	
462	465	
465	462	
1853	1885	
1885	1853	
1052	1064	
1064	1052	
2510	2515	
2515	2510	
982	986	
986	982	
499	503	
503	499	
2005	2109	
2109	2005	
832	842	
842	832	
2362	2363	
2363	2362	
249	254	
254	249	
76	77	
77	76	
833	875	
875	833	
1090	1092	
1092	1090	
729	732	
732	729	
970	984	
984	970	
2088	2094	
2094	2088	
2311	2347	
2347	2311	
1510	1523	
1523	1510	
1269	1276	
1276	1269	
2502	2509	
2509	2502	
1759	1776	
1776	1759	
666	667	
667	666	
1442	1535	
1535	1442	
754	757	
757	754	
1264	1265	
1265	1264	
35	38	
38	35	
1299	1326	
1326	1299	
2262	2267	
2267	2262	
1101	1103	
1103	1101	
2233	2261	
2261	2233	
1873	1883	
1883	1873	
1336	1338	
1338	1336	
2189	2190	
2190	2189	
293	299	
299	293	
1666	1667	
1667	1666	
362	364	
364	362	
1130	1146	
1146	1130	
1317	1322	
1322	1317	
882	884	
884	882	
675	676	
676	675	
1935	1937	
1937	1935	
2413	2415	
2415	2413	
334	336	
336	334	
678	705	
705	678	
839	868	
868	839	
1385	1390	
1390	1385	
1398	1479	
1479	1398	
2578	2583	
2583	2578	
2220	2224	
2224	2220	
1760	1762	
1762	1760	
500	507	
507	500	
12	18	
18	12	
928	987	
987	928	
1816	1822	
1822	1816	
1239	1248	
1248	1239	
1165	1217	
1217	1165	
94	130	
130	94	
2393	2447	
2447	2393	
2017	2019	
2019	2017	
1820	2003	
2003	1820	
172	175	
175	172	
132	215	
215	132	
2255	2256	
2256	2255	
1153	1156	
1156	1153	
494	529	
529	494	
165	173	
173	165	
1251	1261	
1261	1251	
309	310	
310	309	
845	846	
846	845	
1483	1485	
1485	1483	
2213	2214	
2214	2213	
2310	2312	
2312	2310	
1007	1008	
1008	1007	
1420	1476	
1476	1420	
2242	2337	
2337	2242	
557	561	
561	557	
1928	1989	
1989	1928	
1698	1699	
1699	1698	
1341	1353	
1353	1341	
1911	1918	
1918	1911	
508	524	
524	508	
1870	1918	
1918	1870	
2404	2554	
2554	2404	
1638	1641	
1641	1638	
799	802	
802	799	
1486	1487	
1487	1486	
860	866	
866	860	
1361	1362	
1362	1361	
1440	1457	
1457	1440	
278	285	
285	278	
2050	2108	
2108	2050	
339	340	
340	339	
59	62	
62	59	
1127	1138	
1138	1127	
923	928	
928	923	
1576	1629	
1629	1576	
297	315	
315	297	
2531	2543	
2543	2531	
1560	1639	
1639	1560	
1248	1250	
1250	1248	
2452	2454	
2454	2452	
512	526	
526	512	
323	331	
331	323	
2107	2119	
2119	2107	
1927	1928	
1928	1927	
1406	1407	
1407	1406	
595	600	
600	595	
913	929	
929	913	
990	1015	
1015	990	
1450	1451	
1451	1450	
152	171	
171	152	
1083	1084	
1084	1083	
1764	1964	
1964	1764	
2333	2390	
2390	2333	
101	115	
115	101	
1757	1759	
1759	1757	
1374	1383	
1383	1374	
1328	1336	
1336	1328	
1119	1131	
1131	1119	
392	393	
393	392	
826	827	
827	826	
2609	2617	
2617	2609	
2561	2580	
2580	2561	
1640	1677	
1677	1640	
2249	2251	
2251	2249	
566	569	
569	566	
2371	2386	
2386	2371	
962	963	
963	962	
1456	1475	
1475	1456	
1729	1730	
1730	1729	
1185	1211	
1211	1185	
1207	1230	
1230	1207	
2271	2273	
2273	2271	
247	249	
249	247	
486	492	
492	486	
1247	1274	
1274	1247	
1679	1707	
1707	1679	
168	172	
172	168	
863	865	
865	863	
1202	1223	
1223	1202	
2039	2062	
2062	2039	
2136	2150	
2150	2136	
66	97	
97	66	
679	706	
706	679	
536	548	
548	536	
2281	2382	
2382	2281	
2022	2023	
2023	2022	
1623	1628	
1628	1623	
1263	1264	
1264	1263	
1526	1547	
1547	1526	
1388	1393	
1393	1388	
2441	2535	
2535	2441	
1898	1910	
1910	1898	
1170	1177	
1177	1170	
766	769	
769	766	
581	590	
590	581	
479	482	
482	479	
612	614	
614	612	
757	758	
758	757	
1209	1219	
1219	1209	
1312	1343	
1343	1312	
983	989	
989	983	
2009	2010	
2010	2009	
2277	2299	
2299	2277	
1053	1063	
1063	1053	
1051	1059	
1059	1051	
533	616	
616	533	
869	891	
891	869	
1195	1237	
1237	1195	
1384	1397	
1397	1384	
2468	2475	
2475	2468	
975	977	
977	975	
61	67	
67	61	
2103	2109	
2109	2103	
914	958	
958	914	
127	128	
128	127	
2612	2637	
2637	2612	
320	322	
322	320	
1349	1354	
1354	1349	
2533	2534	
2534	2533	
1468	1474	
1474	1468	
645	671	
671	645	
1659	1685	
1685	1659	
306	307	
307	306	
2080	2087	
2087	2080	
1948	2034	
2034	1948	
2078	2090	
2090	2078	
2358	2359	
2359	2358	
2337	2340	
2340	2337	
1942	1943	
1943	1942	
2003	2043	
2043	2003	
1711	1712	
1712	1711	
2128	2130	
2130	2128	
1630	1631	
1631	1630	
2178	2186	
2186	2178	
1222	1238	
1238	1222	
47	50	
50	47	
2581	2585	
2585	2581	
742	746	
746	742	
623	624	
624	623	
1903	1915	
1915	1903	
1375	1380	
1380	1375	
933	962	
962	933	
1799	1808	
1808	1799	
1591	1755	
1755	1591	
944	946	
946	944	
1589	1820	
1820	1589	
937	939	
939	937	
697	704	
704	697	
2435	2444	
2444	2435	
1909	2016	
2016	1909	
639	651	
651	639	
2607	2611	
2611	2607	
2160	2229	
2229	2160	
1305	1307	
1307	1305	
2210	2211	
2211	2210	
853	910	
910	853	
2230	2239	
2239	2230	
136	137	
137	136	
1120	1123	
1123	1120	
2097	2141	
2141	2097	
370	371	
371	370	
1155	1161	
1161	1155	
215	217	
217	215	
964	965	
965	964	
1062	1094	
1094	1062	
149	177	
177	149	
1452	1463	
1463	1452	
2219	2220	
2220	2219	
2477	2486	
2486	2477	
740	743	
743	740	
1769	1792	
1792	1769	
1478	1488	
1488	1478	
301	312	
312	301	
52	53	
53	52	
2148	2279	
2279	2148	
2344	2393	
2393	2344	
1252	1286	
1286	1252	
849	851	
851	849	
97	118	
118	97	
1866	1867	
1867	1866	
1284	1293	
1293	1284	
1396	1407	
1407	1396	
1003	1030	
1030	1003	
262	269	
269	262	
1668	1676	
1676	1668	
868	879	
879	868	
1622	1665	
1665	1622	
1600	1622	
1622	1600	
907	911	
911	907	
2024	2111	
2111	2024	
1845	1880	
1880	1845	
1433	1443	
1443	1433	
655	662	
662	655	
2166	2171	
2171	2166	
1822	1844	
1844	1822	
404	407	
407	404	
1851	1933	
1933	1851	
2190	2278	
2278	2190	
2078	2081	
2081	2078	
2449	2462	
2462	2449	
295	296	
296	295	
1211	1349	
1349	1211	
96	101	
101	96	
2482	2541	
2541	2482	
2169	2176	
2176	2169	
2509	2516	
2516	2509	
1674	1676	
1676	1674	
208	210	
210	208	
977	1037	
1037	977	
1871	1876	
1876	1871	
331	334	
334	331	
1112	1114	
1114	1112	
1235	1301	
1301	1235	
605	609	
609	605	
2023	2026	
2026	2023	
1705	1724	
1724	1705	
160	162	
162	160	
1973	2021	
2021	1973	
567	576	
576	567	
2361	2384	
2384	2361	
813	825	
825	813	
523	539	
539	523	
548	549	
549	548	
1105	1107	
1107	1105	
1259	1260	
1260	1259	
1001	1052	
1052	1001	
2266	2297	
2297	2266	
800	803	
803	800	
798	826	
826	798	
1940	1968	
1968	1940	
1685	1732	
1732	1685	
1059	1068	
1068	1059	
2453	2454	
2454	2453	
198	200	
200	198	
1286	1288	
1288	1286	
2216	2223	
2223	2216	
27	28	
28	27	
2118	2167	
2167	2118	
748	750	
750	748	
1087	1095	
1095	1087	
1874	1875	
1875	1874	
653	654	
654	653	
446	448	
448	446	
122	125	
125	122	
2386	2547	
2547	2386	
1004	1028	
1028	1004	
1011	1012	
1012	1011	
2616	2626	
2626	2616	
1417	1421	
1421	1417	
1566	1568	
1568	1566	
2374	2597	
2597	2374	
2480	2621	
2621	2480	
1327	1331	
1331	1327	
1144	1165	
1165	1144	
1790	1795	
1795	1790	
1253	1323	
1323	1253	
1068	1076	
1076	1068	
2589	2596	
2596	2589	
1409	1414	
1414	1409	
966	975	
975	966	
73	75	
75	73	
1747	1750	
1750	1747	
587	590	
590	587	
1306	1309	
1309	1306	
1775	1821	
1821	1775	
436	439	
439	436	
1257	1306	
1306	1257	
2385	2431	
2431	2385	
1418	1478	
1478	1418	
2191	2192	
2192	2191	
1464	1465	
1465	1464	
546	552	
552	546	
1616	1722	
1722	1616	
2131	2133	
2133	2131	
1381	1420	
1420	1381	
1081	1083	
1083	1081	
922	933	
933	922	
2011	2024	
2024	2011	
90	95	
95	90	
326	327	
327	326	
244	247	
247	244	
1761	1762	
1762	1761	
69	80	
80	69	
1020	1046	
1046	1020	
2138	2144	
2144	2138	
1933	1934	
1934	1933	
2035	2044	
2044	2035	
1282	1346	
1346	1282	
676	685	
685	676	
1318	1319	
1319	1318	
1378	1381	
1381	1378	
2297	2314	
2314	2297	
992	1010	
1010	992	
1048	1049	
1049	1048	
1011	1026	
1026	1011	
1241	1263	
1263	1241	
611	621	
621	611	
1617	1618	
1618	1617	
205	264	
264	205	
738	741	
741	738	
2379	2542	
2542	2379	
385	388	
388	385	
1956	1957	
1957	1956	
884	908	
908	884	
890	891	
891	890	
1532	1534	
1534	1532	
31	34	
34	31	
217	225	
225	217	
1762	1769	
1769	1762	
2580	2633	
2633	2580	
1226	1228	
1228	1226	
764	770	
770	764	
2462	2491	
2491	2462	
519	528	
528	519	
684	689	
689	684	
234	243	
243	234	
1651	1655	
1655	1651	
1392	1394	
1394	1392	
1727	1737	
1737	1727	
1337	1433	
1433	1337	
630	634	
634	630	
80	88	
88	80	
2295	2296	
2296	2295	
1929	1986	
1986	1929	
2071	2098	
2098	2071	
2410	2618	
2618	2410	
773	778	
778	773	
2200	2231	
2231	2200	
540	595	
595	540	
1169	1173	
1173	1169	
1425	1477	
1477	1425	
1558	1597	
1597	1558	
427	428	
428	427	
1380	1385	
1385	1380	
1978	1980	
1980	1978	
470	471	
471	470	
696	700	
700	696	
847	859	
859	847	
2413	2414	
2414	2413	
589	591	
591	589	
1487	1515	
1515	1487	
765	767	
767	765	
2170	2174	
2174	2170	
1745	1747	
1747	1745	
1214	1348	
1348	1214	
1441	1482	
1482	1441	
634	642	
642	634	
1024	1187	
1187	1024	
477	479	
479	477	
1754	1773	
1773	1754	
2299	2305	
2305	2299	
1834	1866	
1866	1834	
315	316	
316	315	
1992	2038	
2038	1992	
1115	1120	
1120	1115	
2577	2578	
2578	2577	
134	140	
140	134	
755	781	
781	755	
1581	1584	
1584	1581	
704	710	
710	704	
196	197	
197	196	
1348	1382	
1382	1348	
1703	1775	
1775	1703	
1706	1708	
1708	1706	
2407	2412	
2412	2407	
706	711	
711	706	
480	481	
481	480	
1867	1872	
1872	1867	
1994	1995	
1995	1994	
482	485	
485	482	
973	1006	
1006	973	
55	62	
62	55	
708	716	
716	708	
2428	2445	
2445	2428	
915	918	
918	915	
2412	2623	
2623	2412	
632	647	
647	632	
668	707	
707	668	
1631	1633	
1633	1631	
2459	2463	
2463	2459	
2285	2286	
2286	2285	
1550	1556	
1556	1550	
1519	1569	
1569	1519	
2530	2546	
2546	2530	
2234	2258	
2258	2234	
107	109	
109	107	
175	176	
176	175	
1746	1751	
1751	1746	
2029	2076	
2076	2029	
807	854	
854	807	
1958	1959	
1959	1958	
2633	2634	
2634	2633	
2427	2478	
2478	2427	
1713	1715	
1715	1713	
2473	2493	
2493	2473	
998	1000	
1000	998	
896	898	
898	896	
816	817	
817	816	
1359	1378	
1378	1359	
2566	2567	
2567	2566	
2488	2489	
2489	2488	
1608	1609	
1609	1608	
56	57	
57	56	
1694	1702	
1702	1694	
1966	1982	
1982	1966	
1285	1288	
1288	1285	
1626	1629	
1629	1626	
2490	2495	
2495	2490	
821	833	
833	821	
1069	1093	
1093	1069	
1458	1459	
1459	1458	
700	701	
701	700	
355	394	
394	355	
1714	1728	
1728	1714	
282	283	
283	282	
986	1019	
1019	986	
2522	2529	
2529	2522	
2046	2050	
2050	2046	
1372	1379	
1379	1372	
1788	1797	
1797	1788	
756	796	
796	756	
1036	1041	
1041	1036	
1326	1339	
1339	1326	
1280	1281	
1281	1280	
2037	2048	
2048	2037	
2051	2056	
2056	2051	
504	556	
556	504	
2218	2228	
2228	2218	
395	400	
400	395	
1179	1184	
1184	1179	
1661	1669	
1669	1661	
772	773	
773	772	
1514	1527	
1527	1514	
1558	1559	
1559	1558	
858	861	
861	858	
672	674	
674	672	
733	742	
742	733	
2535	2538	
2538	2535	
137	198	
198	137	
1511	1519	
1519	1511	
1295	1315	
1315	1295	
1477	1486	
1486	1477	
903	917	
917	903	
1499	1501	
1501	1499	
880	900	
900	880	
2036	2037	
2037	2036	
723	724	
724	723	
489	490	
490	489	
2296	2387	
2387	2296	
434	436	
436	434	
2198	2199	
2199	2198	
1449	1465	
1465	1449	
1655	1662	
1662	1655	
1190	1196	
1196	1190	
1862	1888	
1888	1862	
195	226	
226	195	
1891	1895	
1895	1891	
2132	2139	
2139	2132	
622	632	
632	622	
1932	1993	
1993	1932	
1238	1257	
1257	1238	
1886	1903	
1903	1886	
593	603	
603	593	
1855	1916	
1916	1855	
1089	1108	
1108	1089	
43	56	
56	43	
763	789	
789	763	
514	521	
521	514	
1964	2003	
2003	1964	
1861	1862	
1862	1861	
2031	2049	
2049	2031	
138	163	
163	138	
2505	2524	
2524	2505	
692	723	
723	692	
2054	2060	
2060	2054	
250	256	
256	250	
2606	2640	
2640	2606	
2015	2019	
2019	2015	
2523	2535	
2535	2523	
437	445	
445	437	
2485	2486	
2486	2485	
421	426	
426	421	
1368	1403	
1403	1368	
1240	1266	
1266	1240	
883	902	
902	883	
259	344	
344	259	
2119	2152	
2152	2119	
1771	1777	
1777	1771	
2390	2417	
2417	2390	
594	597	
597	594	
304	313	
313	304	
463	513	
513	463	
650	651	
651	650	
163	193	
193	163	
1034	1072	
1072	1034	
2246	2247	
2247	2246	
1892	1897	
1897	1892	
582	586	
586	582	
1777	1778	
1778	1777	
155	161	
161	155	
1013	1026	
1026	1013	
213	214	
214	213	
629	633	
633	629	
65	78	
78	65	
193	198	
198	193	
698	699	
699	698	
2327	2330	
2330	2327	
441	534	
534	441	
2591	2592	
2592	2591	
1463	1464	
1464	1463	
741	785	
785	741	
2181	2182	
2182	2181	
556	577	
577	556	
1270	1444	
1444	1270	
560	561	
561	560	
1675	1682	
1682	1675	
1167	1170	
1170	1167	
1963	2039	
2039	1963	
1953	1971	
1971	1953	
357	358	
358	357	
1645	1691	
1691	1645	
1029	1031	
1031	1029	
641	644	
644	641	
239	250	
250	239	
677	679	
679	677	
1642	1643	
1643	1642	
820	873	
873	820	
224	267	
267	224	
1989	2013	
2013	1989	
1224	1254	
1254	1224	
1525	1605	
1605	1525	
1517	1526	
1526	1517	
1108	1164	
1164	1108	
423	455	
455	423	
1227	1234	
1234	1227	
1628	1632	
1632	1628	
1474	1480	
1480	1474	
1344	1352	
1352	1344	
1611	1612	
1612	1611	
1077	1110	
1110	1077	
119	122	
122	119	
1371	1385	
1385	1371	
1868	1869	
1869	1868	
1734	1736	
1736	1734	
1142	1154	
1154	1142	
2524	2540	
2540	2524	
2298	2301	
2301	2298	
1987	2007	
2007	1987	
1027	1078	
1078	1027	
805	824	
824	805	
711	712	
712	711	
1291	1292	
1292	1291	
873	967	
967	873	
1859	1861	
1861	1859	
2089	2100	
2100	2089	
2094	2101	
2101	2094	
1905	1924	
1924	1905	
909	912	
912	909	
2518	2526	
2526	2518	
1917	1988	
1988	1917	
2325	2329	
2329	2325	
1872	1873	
1873	1872	
897	898	
898	897	
467	470	
470	467	
942	980	
980	942	
2384	2435	
2435	2384	
590	658	
658	590	
2142	2275	
2275	2142	
1044	1050	
1050	1044	
1767	1804	
1804	1767	
978	994	
994	978	
1358	1365	
1365	1358	
1499	1500	
1500	1499	
856	857	
857	856	
1311	1355	
1355	1311	
2053	2054	
2054	2053	
1148	1151	
1151	1148	
2076	2082	
2082	2076	
1458	1461	
1461	1458	
425	462	
462	425	
1125	1127	
1127	1125	
924	925	
925	924	
226	228	
228	226	
1836	1858	
1858	1836	
2529	2586	
2586	2529	
2556	2561	
2561	2556	
389	493	
493	389	
1750	1783	
1783	1750	
171	188	
188	171	
2610	2627	
2627	2610	
16	31	
31	16	
1689	1703	
1703	1689	
1454	1544	
1544	1454	
245	248	
248	245	
646	670	
670	646	
18	19	
19	18	
1923	1982	
1982	1923	
1882	1886	
1886	1882	
1022	1025	
1025	1022	
1166	1213	
1213	1166	
2149	2267	
2267	2149	
1273	1277	
1277	1273	
823	940	
940	823	
1876	1877	
1877	1876	
190	193	
193	190	
919	924	
924	919	
2223	2235	
2235	2223	
2423	2424	
2424	2423	
2159	2181	
2181	2159	
1780	1782	
1782	1780	
1888	1889	
1889	1888	
1183	1188	
1188	1183	
1553	1557	
1557	1553	
1860	1861	
1861	1860	
991	1053	
1053	991	
543	544	
544	543	
782	820	
820	782	
1168	1180	
1180	1168	
1181	1186	
1186	1181	
2565	2569	
2569	2565	
2466	2467	
2467	2466	
148	197	
197	148	
1218	1254	
1254	1218	
2503	2530	
2530	2503	
1740	1748	
1748	1740	
2122	2158	
2158	2122	
2320	2346	
2346	2320	
1426	1459	
1459	1426	
2570	2573	
2573	2570	
1462	1469	
1469	1462	
2514	2515	
2515	2514	
1704	1710	
1710	1704	
846	906	
906	846	
354	363	
363	354	
1555	1594	
1594	1555	
2004	2014	
2014	2004	
2543	2625	
2625	2543	
1434	1445	
1445	1434	
1663	1670	
1670	1663	
1157	1192	
1192	1157	
23	31	
31	23	
563	566	
566	563	
2258	2271	
2271	2258	
1243	1256	
1256	1243	
177	180	
180	177	
2049	2051	
2051	2049	
2105	2116	
2116	2105	
1751	1754	
1754	1751	
2125	2142	
2142	2125	
487	489	
489	487	
958	971	
971	958	
1080	1117	
1117	1080	
1681	1682	
1682	1681	
1066	1068	
1068	1066	
2405	2407	
2407	2405	
95	99	
99	95	
124	129	
129	124	
406	410	
410	406	
1806	1812	
1812	1806	
987	1033	
1033	987	
1881	1885	
1885	1881	
980	991	
991	980	
153	189	
189	153	
831	961	
961	831	
283	300	
300	283	
1149	1155	
1155	1149	
1356	1359	
1359	1356	
2199	2249	
2249	2199	
2110	2122	
2122	2110	
2356	2357	
2357	2356	
683	684	
684	683	
2409	2506	
2506	2409	
89	157	
157	89	
985	992	
992	985	
524	538	
538	524	
253	293	
293	253	
1072	1073	
1073	1072	
591	613	
613	591	
2	3	
3	2	
513	588	
588	513	
1139	1141	
1141	1139	
1842	1865	
1865	1842	
1430	1510	
1510	1430	
2347	2348	
2348	2347	
1191	1192	
1192	1191	
2489	2497	
2497	2489	
1604	1617	
1617	1604	
424	427	
427	424	
2058	2084	
2084	2058	
2313	2353	
2353	2313	
1773	1791	
1791	1773	
931	953	
953	931	
2538	2541	
2541	2538	
2239	2351	
2351	2239	
1293	1295	
1295	1293	
713	722	
722	713	
2084	2094	
2094	2084	
2283	2374	
2374	2283	
862	863	
863	862	
996	1060	
1060	996	
512	522	
522	512	
1333	1335	
1335	1333	
2615	2629	
2629	2615	
497	505	
505	497	
100	123	
123	100	
2331	2364	
2364	2331	
10	43	
43	10	
275	279	
279	275	
1586	1595	
1595	1586	
969	984	
984	969	
2304	2305	
2305	2304	
2554	2566	
2566	2554	
1113	1133	
1133	1113	
360	361	
361	360	
225	227	
227	225	
220	229	
229	220	
1117	1130	
1130	1117	
86	146	
146	86	
1397	1398	
1398	1397	
147	196	
196	147	
431	494	
494	431	
2368	2383	
2383	2368	
174	184	
184	174	
503	526	
526	503	
1821	1822	
1822	1821	
390	433	
433	390	
1114	1115	
1115	1114	
2062	2072	
2072	2062	
1370	1376	
1376	1370	
501	516	
516	501	
1702	1715	
1715	1702	
1971	1972	
1972	1971	
2129	2137	
2137	2129	
2545	2547	
2547	2545	
2376	2377	
2377	2376	
455	456	
456	455	
1164	1170	
1170	1164	
1548	1553	
1553	1548	
507	519	
519	507	
1092	1093	
1093	1092	
2113	2114	
2114	2113	
2542	2549	
2549	2542	
54	55	
55	54	
871	873	
873	871	
1538	1719	
1719	1538	
241	268	
268	241	
1709	1774	
1774	1709	
1796	1812	
1812	1796	
1495	1502	
1502	1495	
2557	2560	
2560	2557	
2040	2079	
2079	2040	
1232	1267	
1267	1232	
2391	2416	
2416	2391	
2338	2345	
2345	2338	
40	46	
46	40	
539	540	
540	539	
230	242	
242	230	
647	689	
689	647	
1534	1545	
1545	1534	
1357	1372	
1372	1357	
695	701	
701	695	
2336	2338	
2338	2336	
818	819	
819	818	
2585	2588	
2588	2585	
358	401	
401	358	
2133	2134	
2134	2133	
2326	2327	
2327	2326	
1050	1065	
1065	1050	
351	353	
353	351	
758	761	
761	758	
2253	2274	
2274	2253	
373	374	
374	373	
1807	1811	
1811	1807	
2569	2577	
2577	2569	
4	9	
9	4	
1292	1404	
1404	1292	
949	952	
952	949	
26	30	
30	26	
1457	1475	
1475	1457	
1696	1697	
1697	1696	
2484	2504	
2504	2484	
396	406	
406	396	
83	95	
95	83	
2546	2557	
2557	2546	
1691	1696	
1696	1691	
1448	1458	
1458	1448	
300	314	
314	300	
967	982	
982	967	
84	93	
93	84	
792	880	
880	792	
1595	1600	
1600	1595	
2315	2317	
2317	2315	
1980	1981	
1981	1980	
1880	1892	
1892	1880	
307	310	
310	307	
559	571	
571	559	
2056	2059	
2059	2056	
493	496	
496	493	
926	929	
929	926	
85	87	
87	85	
1267	1279	
1279	1267	
1012	1014	
1014	1012	
286	292	
292	286	
2399	2408	
2408	2399	
640	660	
660	640	
2090	2095	
2095	2090	
1505	1507	
1507	1505	
2339	2343	
2343	2339	
598	601	
601	598	
1765	1787	
1787	1765	
690	715	
715	690	
2364	2366	
2366	2364	
2211	2213	
2213	2211	
1659	1660	
1660	1659	
1473	1474	
1474	1473	
859	872	
872	859	
2370	2397	
2397	2370	
1135	1136	
1136	1135	
2604	2607	
2607	2604	
1582	1606	
1606	1582	
32	40	
40	32	
1507	1521	
1521	1507	
1178	1186	
1186	1178	
2115	2123	
2123	2115	
444	462	
462	444	
746	748	
748	746	
586	608	
608	586	
1699	1801	
1801	1699	
378	384	
384	378	
1970	2015	
2015	1970	
1256	1302	
1302	1256	
1193	1207	
1207	1193	
621	628	
628	621	
1079	1084	
1084	1079	
2278	2319	
2319	2278	
957	968	
968	957	
614	619	
619	614	
1512	1569	
1569	1512	
1573	1677	
1677	1573	
2007	2011	
2011	2007	
371	372	
372	371	
752	759	
759	752	
336	349	
349	336	
1018	1021	
1021	1018	
995	1024	
1024	995	
383	385	
385	383	
1118	1136	
1136	1118	
2586	2587	
2587	2586	
2202	2204	
2204	2202	
518	519	
519	518	
570	572	
572	570	
2193	2197	
2197	2193	
2059	2060	
2060	2059	
1697	1698	
1698	1697	
791	792	
792	791	
285	289	
289	285	
1587	1609	
1609	1587	
2063	2065	
2065	2063	
449	504	
504	449	
1304	1324	
1324	1304	
1544	1607	
1607	1544	
2539	2548	
2548	2539	
1792	1793	
1793	1792	
2195	2196	
2196	2195	
381	382	
382	381	
891	904	
904	891	
1216	1244	
1244	1216	
2147	2276	
2276	2147	
744	748	
748	744	
1365	1366	
1366	1365	
1484	1581	
1581	1484	
439	440	
440	439	
1032	1061	
1061	1032	
1785	1826	
1826	1785	
158	187	
187	158	
1025	1026	
1026	1025	
430	438	
438	430	
2106	2135	
2135	2106	
2221	2234	
2234	2221	
960	992	
992	960	
106	107	
107	106	
291	295	
295	291	
2429	2446	
2446	2429	
2175	2176	
2176	2175	
1431	1453	
1453	1431	
1210	1269	
1269	1210	
1878	1883	
1883	1878	
918	929	
929	918	
1567	1583	
1583	1567	
1949	1950	
1950	1949	
2034	2055	
2055	2034	
1133	1174	
1174	1133	
2619	2630	
2630	2619	
840	850	
850	840	
844	853	
853	844	
1102	1104	
1104	1102	
2540	2541	
2541	2540	
731	734	
734	731	
298	329	
329	298	
1557	1586	
1586	1557	
1046	1088	
1088	1046	
116	167	
167	116	
938	945	
945	938	
2303	2305	
2305	2303	
2501	2510	
2510	2501	
2188	2191	
2191	2188	
1481	1570	
1570	1481	
827	829	
829	827	
1131	1150	
1150	1131	
71	73	
73	71	
1925	1927	
1927	1925	
934	948	
948	934	
2359	2360	
2360	2359	
111	113	
113	111	
779	780	
780	779	
109	113	
113	109	
854	866	
866	854	
575	652	
652	575	
963	966	
966	963	
1563	1580	
1580	1563	
1945	1947	
1947	1945	
561	562	
562	561	
1580	1582	
1582	1580	
1951	1953	
1953	1951	
2520	2531	
2531	2520	
221	274	
274	221	
1177	1185	
1185	1177	
1875	1876	
1876	1875	
87	108	
108	87	
2394	2400	
2400	2394	
588	597	
597	588	
2177	2178	
2178	2177	
2536	2638	
2638	2536	
1073	1132	
1132	1073	
2467	2469	
2469	2467	
1067	1077	
1077	1067	
1849	1854	
1854	1849	
631	632	
632	631	
474	476	
476	474	
2228	2232	
2232	2228	
936	939	
939	936	
473	484	
484	473	
1719	1736	
1736	1719	
2458	2464	
2464	2458	
2263	2264	
2264	2263	
178	180	
180	178	
1469	1472	
1472	1469	
1136	1160	
1160	1136	
1310	1409	
1409	1310	
685	688	
688	685	
419	423	
423	419	
656	667	
667	656	
483	488	
488	483	
1537	1538	
1538	1537	
2130	2151	
2151	2130	
2057	2074	
2074	2057	
1086	1311	
1311	1086	
912	916	
916	912	
1145	1166	
1166	1145	
15	34	
34	15	
2422	2432	
2432	2422	
979	980	
980	979	
1303	1305	
1305	1303	
341	353	
353	341	
1405	1416	
1416	1405	
145	270	
270	145	
2274	2280	
2280	2274	
407	464	
464	407	
1446	1447	
1447	1446	
2268	2269	
2269	2268	
993	997	
997	993	
1914	1923	
1923	1914	
231	245	
245	231	
803	804	
804	803	
714	764	
764	714	
2420	2424	
2424	2420	
2289	2295	
2295	2289	
1962	1992	
1992	1962	
1491	1495	
1495	1491	
2511	2512	
2512	2511	
1539	1542	
1542	1539	
214	237	
237	214	
836	870	
870	836	
879	886	
886	879	
2521	2524	
2524	2521	
139	144	
144	139	
1786	1816	
1816	1786	
2576	2578	
2578	2576	
1551	1553	
1553	1551	
299	317	
317	299	
2019	2029	
2029	2019	
2243	2290	
2290	2243	
1002	1051	
1051	1002	
1710	1713	
1713	1710	
2038	2040	
2040	2038	
956	957	
957	956	
532	541	
541	532	
2095	2132	
2132	2095	
1189	1190	
1190	1189	
2436	2441	
2441	2436	
1776	1788	
1788	1776	
2584	2641	
2641	2584	
1922	1935	
1935	1922	
466	470	
470	466	
1647	1837	
1837	1647	
186	199	
199	186	
2594	2631	
2631	2594	
216	220	
220	216	
1466	1529	
1529	1466	
1137	1183	
1183	1137	
1924	1925	
1925	1924	
1931	1932	
1932	1931	
1141	1147	
1147	1141	
2618	2619	
2619	2618	
1033	1038	
1038	1033	
209	211	
211	209	
2334	2373	
2373	2334	
1635	1759	
1759	1635	
694	763	
763	694	
1	16	
16	1	
399	402	
402	399	
2402	2421	
2421	2402	
551	576	
576	551	
783	798	
798	783	
1205	1228	
1228	1205	
1110	1111	
1111	1110	
6	7	
7	6	
2455	2477	
2477	2455	
1609	1613	
1613	1609	
703	711	
711	703	
2430	2434	
2434	2430	
1147	1218	
1218	1147	
999	1000	
1000	999	
1840	1852	
1852	1840	
376	391	
391	376	
2141	2143	
2143	2141	
1578	1716	
1716	1578	
1603	1616	
1616	1603	
1981	1984	
1984	1981	
2498	2536	
2536	2498	
1552	1559	
1559	1552	
801	803	
803	801	
308	309	
309	308	
850	974	
974	850	
1737	1744	
1744	1737	
1646	1706	
1706	1646	
2597	2602	
2602	2597	
2264	2273	
2273	2264	
1639	1643	
1643	1639	
2401	2405	
2405	2401	
576	605	
605	576	
2157	2250	
2250	2157	
974	1023	
1023	974	
450	454	
454	450	
475	477	
477	475	
2425	2474	
2474	2425	
2434	2436	
2436	2434	
899	911	
911	899	
2582	2590	
2590	2582	
1482	1492	
1492	1482	
2595	2596	
2596	2595	
1408	1415	
1415	1408	
2173	2174	
2174	2173	
2448	2502	
2502	2448	
2354	2359	
2359	2354	
143	147	
147	143	
235	236	
236	235	
686	688	
688	686	
2396	2400	
2400	2396	
780	781	
781	780	
1841	1962	
1962	1841	
363	364	
364	363	
2237	2260	
2260	2237	
1091	1100	
1100	1091	
2601	2603	
2603	2601	
2164	2165	
2165	2164	
971	1023	
1023	971	
1879	1884	
1884	1879	
761	775	
775	761	
895	938	
938	895	
1008	1019	
1019	1008	
1339	1340	
1340	1339	
1957	1958	
1958	1957	
2508	2531	
2531	2508	
1467	1548	
1548	1467	
1800	1807	
1807	1800	
796	813	
813	796	
1610	1615	
1615	1610	
2351	2356	
2356	2351	
2457	2470	
2470	2457	
1723	1869	
1869	1723	
1196	1247	
1247	1196	
2124	2125	
2125	2124	
864	894	
894	864	
1955	1957	
1957	1955	
1279	1292	
1292	1279	
112	114	
114	112	
1908	1911	
1911	1908	
1990	2008	
2008	1990	
2226	2254	
2254	2226	
104	114	
114	104	
976	1082	
1082	976	
2069	2074	
2074	2069	
2613	2615	
2615	2613	
732	753	
753	732	
2481	2499	
2499	2481	
2033	2047	
2047	2033	
1961	2004	
2004	1961	
1748	1754	
1754	1748	
2332	2338	
2338	2332	
1998	2036	
2036	1998	
2261	2266	
2266	2261	
972	1078	
1078	972	
1887	1900	
1900	1887	
32	33	
33	32	
233	235	
235	233	
1151	1157	
1157	1151	
775	777	
777	775	
1823	1824	
1824	1823	
464	523	
523	464	
2152	2202	
2202	2152	
409	441	
441	409	
722	784	
784	722	
1369	1373	
1373	1369	
367	378	
378	367	
1278	1321	
1321	1278	
2014	2041	
2041	2014	
2353	2362	
2362	2353	
644	645	
645	644	
1569	1603	
1603	1569	
1297	1300	
1300	1297	
1743	1763	
1763	1743	
1810	1824	
1824	1810	
222	280	
280	222	
1322	1369	
1369	1322	
1019	1020	
1020	1019	
98	141	
141	98	
369	375	
375	369	
804	823	
823	804	
1373	1375	
1375	1373	
2411	2414	
2414	2411	
2369	2402	
2402	2369	
506	511	
511	506	
1174	1175	
1175	1174	
843	845	
845	843	
2604	2605	
2605	2604	
1575	1580	
1580	1575	
372	417	
417	372	
1016	1054	
1054	1016	
1391	1396	
1396	1391	
984	985	
985	984	
197	286	
286	197	
2286	2378	
2378	2286	
2229	2244	
2244	2229	
2273	2292	
2292	2273	
302	304	
304	302	
28	29	
29	28	
2373	2375	
2375	2373	
2257	2262	
2262	2257	
2208	2212	
2212	2208	
2380	2381	
2381	2380	
1541	1591	
1591	1541	
2612	2636	
2636	2612	
2239	2241	
2241	2239	
2450	2459	
2459	2450	
1735	1736	
1736	1735	
1828	1834	
1834	1828	
1412	1418	
1418	1412	
1916	1918	
1918	1916	
689	693	
693	689	
965	983	
983	965	
1665	1701	
1701	1665	
1213	1219	
1219	1213	
1021	1148	
1148	1021	
1885	1890	
1890	1885	
2408	2409	
2409	2408	
74	78	
78	74	
953	955	
955	953	
62	68	
68	62	
1619	1649	
1649	1619	
1393	1408	
1408	1393	
786	812	
812	786	
2235	2239	
2239	2235	
218	233	
233	218	
1000	1001	
1001	1000	
1856	1860	
1860	1856	
79	80	
80	79	
1134	1181	
1181	1134	
48	85	
85	48	
2287	2355	
2355	2287	
2516	2525	
2525	2516	
1960	2046	
2046	1960	
2123	2126	
2126	2123	
2504	2522	
2522	2504	
661	663	
663	661	
2136	2156	
2156	2136	
311	320	
320	311	
60	63	
63	60	
892	901	
901	892	
1197	1217	
1217	1197	
2327	2328	
2328	2327	
2116	2117	
2117	2116	
2290	2291	
2291	2290	
851	854	
854	851	
1673	1688	
1688	1673	
797	813	
813	797	
878	892	
892	878	
1899	1921	
1921	1899	
2209	2221	
2221	2209	
2603	2604	
2604	2603	
2400	2439	
2439	2400	
1662	1683	
1683	1662	
2572	2576	
2576	2572	
663	665	
665	663	
824	864	
864	824	
2150	2155	
2155	2150	
1680	1704	
1704	1680	
38	47	
47	38	
866	878	
878	866	
1376	1381	
1381	1376	
2308	2316	
2316	2308	
1015	1020	
1020	1015	
1268	1271	
1271	1268	
1415	1426	
1426	1415	
776	783	
783	776	
2528	2550	
2550	2528	
2217	2222	
2222	2217	
1503	1517	
1517	1503	
211	212	
212	211	
1672	1674	
1674	1672	
349	352	
352	349	
584	607	
607	584	
1103	1139	
1139	1103	
1693	1714	
1714	1693	
1636	1653	
1653	1636	
770	772	
772	770	
2335	2336	
2336	2335	
1154	1206	
1206	1154	
1176	1242	
1242	1176	
2184	2201	
2201	2184	
2042	2045	
2045	2042	
1524	1564	
1564	1524	
2127	2129	
2129	2127	
344	345	
345	344	
828	839	
839	828	
681	725	
725	681	
1447	1460	
1460	1447	
1395	1399	
1399	1395	
1184	1193	
1193	1184	
1722	1729	
1729	1722	
1894	1895	
1895	1894	
1682	1683	
1683	1682	
1869	1919	
1919	1869	
2512	2513	
2513	2512	
1212	1271	
1271	1212	
1943	1954	
1954	1943	
1554	1561	
1561	1554	
743	744	
744	743	
1094	1106	
1106	1094	
1340	1371	
1371	1340	
607	734	
734	607	
1805	1808	
1808	1805	
146	182	
182	146	
620	627	
627	620	
1977	1978	
1978	1977	
881	888	
888	881	
267	282	
282	267	
81	94	
94	81	
1321	1360	
1360	1321	
292	294	
294	292	
2549	2551	
2551	2549	
256	257	
257	256	
1313	1434	
1434	1313	
2392	2537	
2537	2392	
606	607	
607	606	
468	536	
536	468	
41	52	
52	41	
417	418	
418	417	
1852	1907	
1907	1852	
2383	2426	
2426	2383	
1530	1531	
1531	1530	
29	36	
36	29	
1132	1151	
1151	1132	
636	641	
641	636	
2366	2370	
2370	2366	
806	838	
838	806	
44	49	
49	44	
2140	2161	
2161	2140	
1659	1671	
1671	1659	
432	434	
434	432	
1583	1588	
1588	1583	
1831	1845	
1845	1831	
1997	1998	
1998	1997	
1221	1223	
1223	1221	
2203	2222	
2222	2203	
1561	1563	
1563	1561	
1095	1099	
1099	1095	
530	534	
534	530	
2161	2187	
2187	2161	
801	810	
810	801	
1042	1088	
1088	1042	
1501	1522	
1522	1501	
2492	2497	
2497	2492	
674	675	
675	674	
920	978	
978	920	
1950	1980	
1980	1950	
2324	2327	
2327	2324	
1612	1613	
1613	1612	
762	763	
763	762	
2350	2369	
2369	2350	
1939	1940	
1940	1939	
1277	1278	
1278	1277	
1728	1731	
1731	1728	
2511	2527	
2527	2511	
296	323	
323	296	
1653	1659	
1659	1653	
872	874	
874	872	
14	15	
15	14	
784	793	
793	784	
735	747	
747	735	
206	213	
213	206	
243	259	
259	243	
2025	2045	
2045	2025	
1414	1417	
1417	1414	
564	565	
565	564	
1605	1623	
1623	1605	
2474	2476	
2476	2474	
1793	1794	
1794	1793	
2475	2476	
2476	2475	
258	260	
260	258	
1574	1575	
1575	1574	
1993	2006	
2006	1993	
329	340	
340	329	
374	412	
412	374	
608	657	
657	608	
2068	2136	
2136	2068	
981	983	
983	981	
592	599	
599	592	
1756	1770	
1770	1756	
2599	2600	
2600	2599	
1896	1920	
1920	1896	
290	299	
299	290	
488	489	
489	488	
1229	1280	
1280	1229	
670	690	
690	670	
648	649	
649	648	
1460	1468	
1468	1460	
1250	1253	
1253	1250	
1614	1647	
1647	1614	
940	944	
944	940	
1571	1576	
1576	1571	
1186	1201	
1201	1186	
1394	1503	
1503	1394	
988	989	
989	988	
2111	2112	
2112	2111	
2403	2418	
2418	2403	
702	727	
727	702	
2139	2165	
2165	2139	
1742	1868	
1868	1742	
210	215	
215	210	
659	664	
664	659	
1670	1671	
1671	1670	
626	628	
628	626	
545	573	
573	545	
1808	1812	
1812	1808	
402	403	
403	402	
1231	1253	
1253	1231	
30	37	
37	30	
1830	1889	
1889	1830	
92	102	
102	92	
287	288	
288	287	
2187	2188	
2188	2187	
542	543	
543	542	
1383	1386	
1386	1383	
496	500	
500	496	
1541	1543	
1543	1541	
1724	1771	
1771	1724	
777	778	
778	777	
2277	2294	
2294	2277	
1198	1208	
1208	1198	
2541	2584	
2584	2541	
841	848	
848	841	
2342	2388	
2388	2342	
1565	1604	
1604	1565	
2562	2605	
2605	2562	
20	23	
23	20	
580	583	
583	580	
705	718	
718	705	
1533	1535	
1535	1533	
1577	1625	
1625	1577	
671	686	
686	671	
2072	2078	
2078	2072	
1182	1200	
1200	1182	
2293	2306	
2306	2293	
2001	2004	
2004	2001	
2465	2476	
2476	2465	
2470	2473	
2473	2470	
189	332	
332	189	
2244	2261	
2261	2244	
1930	2033	
2033	1930	
1453	1464	
1464	1453	
1794	1800	
1800	1794	
1281	1296	
1296	1281	
610	613	
613	610	
1926	1929	
1929	1926	
1143	1194	
1194	1143	
1455	1481	
1481	1455	
408	421	
421	408	
459	460	
460	459	
397	406	
406	397	
2388	2417	
2417	2388	
1437	1441	
1441	1437	
682	703	
703	682	
2440	2482	
2482	2440	
888	897	
897	888	
2426	2428	
2428	2426	
553	555	
555	553	
1677	1695	
1695	1677	
1779	1802	
1802	1779	
53	54	
54	53	
1627	1781	
1781	1627	
2026	2042	
2042	2026	
2077	2099	
2099	2077	
569	579	
579	569	
707	713	
713	707	
865	877	
877	865	
1969	1973	
1973	1969	
1959	2005	
2005	1959	
2126	2161	
2161	2126	
811	838	
838	811	
795	797	
797	795	
2117	2145	
2145	2117	
457	547	
547	457	
2085	2086	
2086	2085	
1884	1887	
1887	1884	
950	954	
954	950	
1599	1601	
1601	1599	
1290	1291	
1291	1290	
1795	1796	
1796	1795	
947	959	
959	947	
730	739	
739	730	
1288	1541	
1541	1288	
203	206	
206	203	
2349	2403	
2403	2349	
577	581	
581	577	
2614	2620	
2620	2614	
1201	1227	
1227	1201	
662	663	
663	662	
946	998	
998	946	
1319	1362	
1362	1319	
544	546	
546	544	
498	506	
506	498	
1363	1364	
1364	1363	
2352	2358	
2358	2352	
2415	2555	
2555	2415	
325	343	
343	325	
2537	2559	
2559	2537	
2305	2309	
2309	2305	
842	947	
947	842	
2284	2285	
2285	2284	
790	809	
809	790	
861	876	
876	861	
2043	2057	
2057	2043	
2397	2401	
2401	2397	
538	551	
551	538	
187	195	
195	187	
1172	1173	
1173	1172	
874	877	
877	874	
1298	1305	
1305	1298	
252	258	
258	252	
405	463	
463	405	
2431	2437	
2437	2431	
1721	1727	
1727	1721	
382	384	
384	382	
2487	2490	
2490	2487	
2091	2129	
2129	2091	
1150	1198	
1198	1150	
1325	1331	
1331	1325	
107	110	
110	107	
1965	1999	
1999	1965	
2319	2340	
2340	2319	
1528	1531	
1531	1528	
2154	2197	
2197	2154	
687	689	
689	687	
1976	1979	
1979	1976	
476	478	
478	476	
520	533	
533	520	
1755	1764	
1764	1755	
1725	1756	
1756	1725	
2096	2184	
2184	2096	
1625	1630	
1630	1625	
2232	2240	
2240	2232	
693	745	
745	693	
1070	1080	
1080	1070	
2171	2173	
2173	2171	
2571	2572	
2572	2571	
2493	2513	
2513	2493	
2192	2225	
2225	2192	
1093	1098	
1098	1093	
179	185	
185	179	
1254	1328	
1328	1254	
1416	1434	
1434	1416	
1228	1282	
1282	1228	
579	607	
607	579	
817	887	
887	817	
1352	1363	
1363	1352	
603	635	
635	603	
333	335	
335	333	
1006	1143	
1143	1006	
2460	2496	
2496	2460	
2306	2310	
2310	2306	
1225	1233	
1233	1225	
135	136	
136	135	
642	644	
644	642	
356	362	
362	356	
118	153	
153	118	
604	612	
612	604	
1362	1370	
1370	1362	
192	212	
212	192	
2245	2354	
2354	2245	
435	466	
466	435	
1715	1720	
1720	1715	
2564	2567	
2567	2564	
617	621	
621	617	
2439	2506	
2506	2439	
454	456	
456	454	
1171	1172	
1172	1171	
1664	1687	
1687	1664	
1952	1956	
1956	1952	
274	276	
276	274	
1075	1306	
1306	1075	
1219	1248	
1248	1219	
1307	1325	
1325	1307	
932	964	
964	932	
88	90	
90	88	
1584	1608	
1608	1584	
379	388	
388	379	
2259	2263	
2263	2259	
750	786	
786	750	
1897	1901	
1901	1897	
1366	1367	
1367	1366	
1634	1637	
1637	1634	
885	898	
898	885	
1084	1085	
1085	1084	
1787	1845	
1845	1787	
2087	2115	
2115	2087	
574	648	
648	574	
1035	1044	
1044	1035	
1883	1908	
1908	1883	
472	475	
475	472	
279	290	
290	279	
1493	1508	
1508	1493	
429	434	
434	429	
1791	1830	
1830	1791	
346	355	
355	346	
469	535	
535	469	
1014	1203	
1203	1014	
1498	1506	
1506	1498	
412	413	
413	412	
2070	2108	
2108	2070	
460	467	
467	460	
1738	1766	
1766	1738	
1843	1961	
1961	1843	
312	359	
359	312	
921	928	
928	921	
1863	1871	
1871	1863	
669	681	
681	669	
2438	2442	
2442	2438	
886	889	
889	886	
1784	1819	
1819	1784	
113	116	
116	113	
144	158	
158	144	
1443	1447	
1447	1443	
398	405	
405	398	
2433	2439	
2439	2433	
22	44	
44	22	
202	207	
207	202	
2028	2030	
2030	2028	
1323	1330	
1330	1323	
1330	1332	
1332	1330	
478	480	
480	478	
350	373	
373	350	
1045	1062	
1062	1045	
1827	1828	
1828	1827	
898	932	
932	898	
1744	1753	
1753	1744	
627	629	
629	627	
1244	1245	
1245	1244	
2437	2443	
2443	2437	
1236	1249	
1249	1236	
1403	1405	
1405	1403	
11	20	
20	11	
2314	2317	
2317	2314	
1402	1406	
1406	1402	
825	827	
827	825	
734	756	
756	734	
2579	2594	
2594	2579	
1624	1657	
1657	1624	
46	60	
60	46	
1445	1450	
1450	1445	
1835	1847	
1847	1835	
1986	1987	
1987	1986	
1496	1500	
1500	1496	
1818	1832	
1832	1818	
400	411	
411	400	
930	932	
932	930	
70	74	
74	70	
1158	1171	
1171	1158	
905	923	
923	905	
465	524	
524	465	
911	972	
972	911	
515	557	
557	515	
264	319	
319	264	
1488	1490	
1490	1488	
1063	1069	
1069	1063	
927	936	
936	927	
2074	2099	
2099	2074	
1424	1427	
1427	1424	
1123	1125	
1125	1123	
619	620	
620	619	
1431	1432	
1432	1431	
328	380	
380	328	
2341	2342	
2342	2341	
1718	1729	
1729	1718	
0	6	
6	0	
1733	1737	
1737	1733	
1480	1587	
1587	1480	
164	169	
169	164	
2609	2628	
2628	2609	
1294	1334	
1334	1294	
688	691	
691	688	
857	858	
858	857	
812	818	
818	812	
1658	1664	
1664	1658	
2179	2183	
2183	2179	
1529	1615	
1615	1529	
1082	1108	
1108	1082	
1890	1922	
1922	1890	
361	363	
363	361	
2378	2379	
2379	2378	
2240	2245	
2245	2240	
1039	1041	
1041	1039	
1471	1490	
1490	1471	
771	772	
772	771	
541	544	
544	541	
657	682	
682	657	
2608	2612	
2612	2608	
1692	1696	
1696	1692	
2547	2553	
2553	2547	
1206	1229	
1229	1206	
25	28	
28	25	
600	602	
602	600	
1954	1970	
1970	1954	
2185	2187	
2187	2185	
305	325	
325	305	
57	81	
81	57	
131	139	
139	131	
2225	2243	
2243	2225	
2345	2348	
2348	2345	
1789	1790	
1790	1789	
1343	1345	
1345	1343	
916	922	
922	916	
2143	2146	
2146	2143	
365	366	
366	365	
1850	1852	
1852	1850	
1272	1436	
1436	1272	
1071	1080	
1080	1071	
2301	2302	
2302	2301	
1643	1644	
1644	1643	
994	1028	
1028	994	
1289	1303	
1303	1289	
2167	2168	
2168	2167	
894	905	
905	894	
123	149	
149	123	
837	970	
970	837	
616	622	
622	616	
121	140	
140	121	
1230	1236	
1236	1230	
2302	2315	
2315	2302	
2553	2560	
2560	2553	
229	230	
230	229	
527	575	
575	527	
1521	1562	
1562	1521	
2137	2147	
2147	2137	
2047	2051	
2051	2047	
484	499	
499	484	
1116	1121	
1121	1116	
338	350	
350	338	
1422	1448	
1448	1422	
555	591	
591	555	
1107	1116	
1116	1107	
1912	1946	
1946	1912	
1049	1078	
1078	1049	
759	768	
768	759	
181	183	
183	181	
2252	2294	
2294	2252	
602	611	
611	602	
1656	1666	
1666	1656	
1217	1318	
1318	1217	
1590	1735	
1735	1590	
2593	2595	
2595	2593	
1568	1577	
1577	1568	
1516	1518	
1518	1516	
2270	2277	
2277	2270	
1858	1864	
1864	1858	
870	882	
882	870	
2506	2613	
2613	2506	
2617	2618	
2618	2617	
394	408	
408	394	
204	264	
264	204	
254	263	
263	254	
721	726	
726	721	
1921	1941	
1941	1921	
736	737	
737	736	
284	349	
349	284	
2075	2085	
2085	2075	
411	416	
416	411	
2238	2240	
2240	2238	
1902	1905	
1905	1902	
140	150	
150	140	
1160	1166	
1166	1160	
1506	1524	
1524	1506	
2291	2344	
2344	2291	
1386	1389	
1389	1386	
2061	2130	
2130	2061	
1146	1155	
1155	1146	
2194	2195	
2195	2194	
1597	1599	
1599	1597	
1826	1878	
1878	1826	
1346	1368	
1368	1346	
141	151	
151	141	
133	134	
134	133	
1618	1619	
1619	1618	
1099	1105	
1105	1099	
154	190	
190	154	
680	692	
692	680	
2483	2523	
2523	2483	
554	578	
578	554	
2494	2518	
2518	2494	
2265	2321	
2321	2265	
549	593	
593	549	
814	828	
828	814	
2587	2589	
2589	2587	
1865	1882	
1882	1865	
753	795	
795	753	
2155	2203	
2203	2155	
1833	1843	
1843	1833	
2583	2585	
2585	2583	
1028	1029	
1029	1028	
1730	1755	
1755	1730	
1242	1258	
1258	1242	
1220	1240	
1240	1220	
2558	2568	
2568	2558	
1057	1067	
1067	1057	
2421	2422	
2422	2421	
941	960	
960	941	
1334	1341	
1341	1334	
2307	2310	
2310	2307	
1429	1430	
1430	1429	
2382	2556	
2556	2382	
531	623	
623	531	
1900	1914	
1914	1900	
39	71	
71	39	
585	588	
588	585	
2563	2574	
2574	2563	
1444	1504	
1504	1444	
724	725	
725	724	
1104	1105	
1105	1104	
2018	2022	
2022	2018	
2052	2053	
2053	2052	
1686	1688	
1688	1686	
2463	2533	
2533	2463	
1064	1069	
1069	1064	
1969	1974	
1974	1969	
2260	2264	
2264	2260	
1629	1641	
1641	1629	
1109	1111	
1111	1109	
223	273	
273	223	
2622	2624	
2624	2622	
207	216	
216	207	
673	754	
754	673	
485	486	
486	485	
492	506	
506	492	
2236	2238	
2238	2236	
1648	1650	
1650	1648	
1475	1576	
1576	1475	
525	526	
526	525	
194	224	
224	194	
528	532	
532	528	
1910	1967	
1967	1910	
288	305	
305	288	
961	969	
969	961	
1266	1285	
1285	1266	
1801	1803	
1803	1801	
1766	1770	
1770	1766	
440	442	
442	440	
1802	1814	
1814	1802	
1889	1898	
1898	1889	
337	339	
339	337	
1520	1522	
1522	1520	
1527	1558	
1558	1527	
1404	1512	
1512	1404	
1161	1168	
1168	1161	
445	446	
446	445	
955	956	
956	955	
2248	2249	
2249	2248	
1944	1945	
1945	1944	
1621	1651	
1651	1621	
2322	2323	
2323	2322	
1329	1330	
1330	1329	
265	271	
271	265	
2214	2215	
2215	2214	
42	54	
54	42	
366	367	
367	366	
1400	1405	
1405	1400	
889	909	
909	889	
637	669	
669	637	
1774	1786	
1786	1774	
2330	2398	
2398	2330	
1593	1594	
1594	1593	
2318	2399	
2399	2318	
2464	2479	
2479	2464	
1707	1740	
1740	1707	
68	92	
92	68	
2121	2124	
2124	2121	
1797	1810	
1810	1797	
456	459	
459	456	
255	256	
256	255	
2526	2527	
2527	2526	
1354	1439	
1439	1354	
1535	1554	
1554	1535	
745	749	
749	745	
625	672	
672	625	
2461	2488	
2488	2461	
2207	2215	
2215	2207	
1489	1579	
1579	1489	
169	192	
192	169	
2275	2276	
2276	2275	
1915	1939	
1939	1915	
2442	2444	
2444	2442	
142	159	
159	142	
150	265	
265	150	
1060	1143	
1143	1060	
126	128	
128	126	
558	565	
565	558	
1472	1473	
1473	1472	
1316	1317	
1317	1316	
1615	1673	
1673	1615	
114	155	
155	114	
1736	1850	
1850	1736	
1652	1784	
1784	1652	
929	931	
931	929	
1983	1984	
1984	1983	
1364	1368	
1368	1364	
1140	1167	
1167	1140	
102	103	
103	102	
1996	1999	
1999	1996	
1547	1550	
1550	1547	
495	498	
498	495	
1124	1128	
1128	1124	
1999	2000	
2000	1999	
2027	2035	
2035	2027	
1255	1267	
1267	1255	
319	371	
371	319	
2151	2226	
2226	2151	
1121	1122	
1122	1121	
232	244	
244	232	
453	503	
503	453	
596	598	
598	596	
1324	1341	
1341	1324	
785	815	
815	785	
2256	2335	
2335	2256	
1829	1830	
1830	1829	
2500	2512	
2512	2500	
1995	1996	
1996	1995	
1817	1830	
1830	1817	
2279	2285	
2285	2279	
1126	1158	
1158	1126	
1275	1287	
1287	1275	
2316	2317	
2317	2316	
1701	1711	
1711	1701	
1667	1669	
1669	1667	
438	440	
440	438	
727	730	
730	727	
1435	1446	
1446	1435	
2544	2545	
2545	2544	
67	89	
89	67	
1300	1312	
1312	1300	
2598	2639	
2639	2598	
633	634	
634	633	
9	10	
10	9	
900	901	
901	900	
99	152	
152	99	
1249	1275	
1275	1249	
2309	2334	
2334	2309	
1030	1032	
1032	1030	
261	265	
265	261	
2153	2156	
2156	2153	
1199	1206	
1206	1199	
2010	2071	
2071	2010	
1941	1943	
1943	1941	
1857	1864	
1864	1857	
1399	1420	
1420	1399	
1276	1310	
1310	1276	
103	104	
104	103	
1076	1079	
1079	1076	
2343	2344	
2344	2343	
72	181	
181	72	
1005	1009	
1009	1005	
2269	2270	
2270	2269	
1016	1017	
1017	1016	
613	637	
637	613	
1106	1202	
1202	1106	
2060	2091	
2091	2060	
157	162	
162	157	
2048	2049	
2049	2048	
1934	1935	
1935	1934	
34	42	
42	34	
1342	1347	
1347	1342	
867	913	
913	867	
176	178	
178	176	
1436	1528	
1528	1436	
2112	2117	
2117	2112	
2146	2162	
2162	2146	
2064	2069	
2069	2064	
2100	2104	
2104	2100	
51	128	
128	51	
129	145	
145	129	
1768	1783	
1783	1768	
2065	2133	
2133	2065	
1741	1746	
1746	1741	
609	625	
625	609	
749	751	
751	749	
1350	1401	
1401	1350	
2016	2047	
2047	2016	
562	568	
568	562	
289	292	
292	289	
1338	1347	
1347	1338	
1798	1805	
1805	1798	
2201	2277	
2277	2201	
1047	1086	
1086	1047	
173	179	
179	173	
50	120	
120	50	
377	392	
392	377	
658	692	
692	658	
1812	1849	
1849	1812	
1731	1733	
1733	1731	
834	835	
835	834	
802	803	
803	802	
793	805	
805	793	
388	389	
389	388	
1494	1532	
1532	1494	
2120	2122	
2122	2120	
2114	2118	
2118	2114	
242	243	
243	242	
24	25	
25	24	
1763	1765	
1765	1763	
1419	1491	
1491	1419	
691	697	
697	691	
781	807	
807	781	
1877	1891	
1891	1877	
2135	2136	
2136	2135	
313	357	
357	313	
2405	2406	
2406	2405	
1258	1264	
1264	1258	
1055	1140	
1140	1055	
1423	1462	
1462	1423	
1038	1039	
1039	1038	
725	794	
794	725	
2348	2349	
2349	2348	
2491	2492	
2492	2491	
2030	2035	
2035	2030	
75	76	
76	75	
2099	2134	
2134	2099	
1778	1780	
1780	1778	
2419	2539	
2539	2419	
1497	1514	
1514	1497	
505	510	
510	505	
353	403	
403	353	
2496	2499	
2499	2496	
2418	2423	
2423	2418	
2568	2578	
2578	2568	
550	555	
555	550	
341	342	
342	341	
1938	1955	
1955	1938	
1684	1725	
1725	1684	
578	581	
581	578	
1906	1930	
1930	1906	
710	714	
714	710	
367	368	
368	367	
347	348	
348	347	
1345	1358	
1358	1345	
552	592	
592	552	
2083	2114	
2114	2083	
2186	2193	
2193	2186	
2551	2573	
2573	2551	
1509	1525	
1525	1509	
182	183	
183	182	
2066	2070	
2070	2066	
1353	1400	
1400	1353	
2375	2396	
2396	2375	
1708	1709	
1709	1708	
665	695	
695	665	
2398	2414	
2414	2398	
1545	1546	
1546	1545	
1331	1351	
1351	1331	
1531	1588	
1588	1531	
2329	2331	
2331	2329	
1967	1972	
1972	1967	
345	390	
390	345	
2600	2602	
2602	2600	
103	105	
105	103	
1502	1505	
1505	1502	
36	38	
38	36	
1824	1835	
1835	1824	
1451	1461	
1461	1451	
954	1022	
1022	954	
1687	1694	
1694	1687	
316	321	
321	316	
184	194	
194	184	
701	702	
702	701	
1265	1284	
1284	1265	
2323	2332	
2332	2323	
2317	2318	
2318	2317	
426	427	
427	426	
314	354	
354	314	
720	721	
721	720	
1382	1388	
1388	1382	
471	474	
474	471	
1955	1990	
1990	1955	
1066	1069	
1069	1066	
2538	2593	
2593	2538	
1760	1794	
1794	1760	
622	623	
623	622	
2467	2472	
2472	2467	
1301	1314	
1314	1301	
2453	2466	
2466	2453	
1499	1509	
1509	1499	
1943	1951	
1951	1943	
1704	1705	
1705	1704	
1022	1047	
1047	1022	
1945	1969	
1969	1945	
324	325	
325	324	
1573	1574	
1574	1573	
897	930	
930	897	
1913	1914	
1914	1913	
2090	2092	
2092	2090	
1094	1119	
1119	1094	
220	234	
234	220	
2113	2118	
2118	2113	
326	398	
398	326	
324	328	
328	324	
2162	2166	
2166	2162	
1936	1938	
1938	1936	
975	976	
976	975	
1927	1939	
1939	1927	
660	666	
666	660	
1781	1784	
1784	1781	
423	435	
435	423	
728	729	
729	728	
2221	2253	
2253	2221	
273	275	
275	273	
2416	2417	
2417	2416	
1022	1075	
1075	1022	
780	788	
788	780	
446	447	
447	446	
1430	1437	
1437	1430	
1155	1159	
1159	1155	
2128	2129	
2129	2128	
809	810	
810	809	
1580	1598	
1598	1580	
890	904	
904	890	
1233	1314	
1314	1233	
306	318	
318	306	
1476	1479	
1479	1476	
2261	2265	
2265	2261	
323	330	
330	323	
1470	1572	
1572	1470	
2237	2268	
2268	2237	
280	282	
282	280	
109	112	
112	109	
1464	1466	
1466	1464	
1846	1879	
1879	1846	
733	736	
736	733	
410	432	
432	410	
273	303	
303	273	
1898	1900	
1900	1898	
1178	1205	
1205	1178	
233	236	
236	233	
2290	2295	
2295	2290	
628	636	
636	628	
2369	2373	
2373	2369	
2077	2087	
2087	2077	
1617	1623	
1623	1617	
2170	2175	
2175	2170	
1376	1395	
1395	1376	
1296	1312	
1312	1296	
553	554	
554	553	
1956	1958	
1958	1956	
2417	2427	
2427	2417	
1449	1450	
1450	1449	
878	883	
883	878	
1694	1700	
1700	1694	
2304	2308	
2308	2304	
2281	2282	
2282	2281	
2310	2311	
2311	2310	
765	779	
779	765	
8	9	
9	8	
1348	1349	
1349	1348	
1530	1536	
1536	1530	
1569	1602	
1602	1569	
1572	1626	
1626	1572	
584	601	
601	584	
2509	2514	
2514	2509	
1988	2002	
2002	1988	
1836	1848	
1848	1836	
1293	1299	
1299	1293	
875	881	
881	875	
2259	2260	
2260	2259	
1916	1945	
1945	1916	
849	850	
850	849	
461	487	
487	461	
2044	2058	
2058	2044	
228	231	
231	228	
1228	1229	
1229	1228	
1975	1979	
1979	1975	
960	1013	
1013	960	
1780	1833	
1833	1780	
2426	2429	
2429	2426	
890	894	
894	890	
82	84	
84	82	
991	1016	
1016	991	
939	943	
943	939	
2104	2107	
2107	2104	
387	419	
419	387	
2286	2287	
2287	2286	
2070	2096	
2096	2070	
1893	1894	
1894	1893	
2613	2619	
2619	2613	
2380	2465	
2465	2380	
789	861	
861	789	
1666	1679	
1679	1666	
1607	1622	
1622	1607	
1260	1262	
1262	1260	
151	152	
152	151	
982	1007	
1007	982	
2174	2185	
2185	2174	
535	537	
537	535	
340	468	
468	340	
747	790	
790	747	
1610	1611	
1611	1610	
1236	1239	
1239	1236	
1246	1251	
1251	1246	
405	415	
415	405	
451	452	
452	451	
1739	1741	
1741	1739	
1488	1493	
1493	1488	
1712	1721	
1721	1712	
1966	1967	
1967	1966	
617	619	
619	617	
375	377	
377	375	
2333	2341	
2341	2333	
1735	1742	
1742	1735	
2590	2594	
2594	2590	
2292	2323	
2323	2292	
1805	1811	
1811	1805	
303	311	
311	303	
1040	1045	
1045	1040	
1524	1525	
1525	1524	
2320	2333	
2333	2320	
2249	2288	
2288	2249	
108	135	
135	108	
208	212	
212	208	
1614	1648	
1648	1614	
2296	2313	
2313	2296	
962	978	
978	962	
1205	1206	
1206	1205	
2571	2581	
2581	2571	
581	582	
582	581	
839	879	
879	839	
756	760	
760	756	
1738	1740	
1740	1738	
2533	2610	
2610	2533	
1267	1268	
1268	1267	
1177	1182	
1182	1177	
1989	1991	
1991	1989	
59	61	
61	59	
1270	1271	
1271	1270	
2355	2392	
2392	2355	
942	944	
944	942	
1583	1614	
1614	1583	
2138	2186	
2186	2138	
1986	2012	
2012	1986	
1224	1241	
1241	1224	
61	65	
65	61	
89	91	
91	89	
1373	1374	
1374	1373	
1045	1048	
1048	1045	
1831	1833	
1833	1831	
1410	1411	
1411	1410	
902	907	
907	902	
1312	1367	
1367	1312	
1015	1018	
1018	1015	
1816	1823	
1823	1816	
757	766	
766	757	
496	501	
501	496	
567	569	
569	567	
2250	2353	
2353	2250	
1181	1209	
1209	1181	
2144	2154	
2154	2144	
1864	1874	
1874	1864	
679	682	
682	679	
1764	1820	
1820	1764	
709	717	
717	709	
1524	1560	
1560	1524	
270	272	
272	270	
1903	1925	
1925	1903	
250	255	
255	250	
1770	1779	
1779	1770	
1153	1225	
1225	1153	
191	208	
208	191	
1626	1640	
1640	1626	
168	179	
179	168	
1908	1950	
1950	1908	
548	550	
550	548	
871	894	
894	871	
2616	2622	
2622	2616	
2222	2242	
2242	2222	
618	624	
624	618	
2020	2028	
2028	2020	
2351	2360	
2360	2351	
1542	1590	
1590	1542	
1165	1197	
1197	1165	
1504	1532	
1532	1504	
1507	1508	
1508	1507	
2404	2419	
2419	2404	
2216	2230	
2230	2216	
123	142	
142	123	
772	774	
774	772	
64	119	
119	64	
2101	2102	
2102	2101	
2499	2508	
2508	2499	
37	44	
44	37	
1082	1089	
1089	1082	
2297	2298	
2298	2297	
1643	1646	
1646	1643	
274	281	
281	274	
2098	2149	
2149	2098	
1486	1489	
1489	1486	
1765	1842	
1842	1765	
27	35	
35	27	
125	129	
129	125	
1203	1222	
1222	1203	
1788	1801	
1801	1788	
908	919	
919	908	
715	755	
755	715	
1455	1456	
1456	1455	
89	92	
92	89	
868	920	
920	868	
678	679	
679	678	
156	186	
186	156	
1879	1926	
1926	1879	
705	706	
706	705	
2162	2168	
2168	2162	
2300	2301	
2301	2300	
1204	1240	
1240	1204	
1008	1043	
1043	1008	
321	333	
333	321	
2297	2324	
2324	2297	
2560	2564	
2564	2560	
1513	1514	
1514	1513	
494	558	
558	494	
599	604	
604	599	
1627	1634	
1634	1627	
1926	1932	
1932	1926	
840	842	
842	840	
2172	2209	
2209	2172	
31	41	
41	31	
814	824	
824	814	
180	188	
188	180	
1932	1933	
1933	1932	
1007	1036	
1036	1007	
1450	1454	
1454	1450	
2325	2328	
2328	2325	
126	187	
187	126	
1881	1937	
1937	1881	
982	1008	
1008	982	
2437	2440	
2440	2437	
1716	1717	
1717	1716	
1931	1987	
1987	1931	
126	132	
132	126	
49	64	
64	49	
2017	2018	
2018	2017	
2596	2606	
2606	2596	
2362	2371	
2371	2362	
776	777	
777	776	
516	531	
531	516	
20	21	
21	20	
482	483	
483	482	
133	135	
135	133	
167	174	
174	167	
148	150	
150	148	
1447	1452	
1452	1447	
2430	2437	
2437	2430	
2517	2519	
2519	2517	
1584	1656	
1656	1584	
659	673	
673	659	
1327	1329	
1329	1327	
2008	2009	
2009	2008	
2561	2563	
2563	2561	
1596	1620	
1620	1596	
1170	1175	
1175	1170	
1888	1912	
1912	1888	
1384	1425	
1425	1384	
301	304	
304	301	
206	207	
207	206	
2128	2148	
2148	2128	
1861	1863	
1863	1861	
1538	1539	
1539	1538	
2189	2194	
2194	2189	
2359	2361	
2361	2359	
339	469	
469	339	
1835	1839	
1839	1835	
2246	2255	
2255	2246	
1735	1909	
1909	1735	
1536	1540	
1540	1536	
1783	1789	
1789	1783	
1330	1337	
1337	1330	
2521	2575	
2575	2521	
2108	2159	
2159	2108	
755	780	
780	755	
1510	1533	
1533	1510	
2099	2198	
2198	2099	
2371	2389	
2389	2371	
1388	1429	
1429	1388	
1777	1831	
1831	1777	
468	469	
469	468	
1151	1169	
1169	1151	
2234	2237	
2237	2234	
1529	1544	
1544	1529	
2032	2124	
2124	2032	
768	821	
821	768	
2215	2216	
2216	2215	
2190	2194	
2194	2190	
1512	1519	
1519	1512	
644	646	
646	644	
831	832	
832	831	
320	399	
399	320	
2197	2319	
2319	2197	
1971	1974	
1974	1971	
1111	1114	
1114	1111	
514	523	
523	514	
204	230	
230	204	
225	231	
231	225	
25	26	
26	25	
737	738	
738	737	
1753	1758	
1758	1753	
1597	1698	
1698	1597	
900	1048	
1048	900	
2488	2497	
2497	2488	
2348	2350	
2350	2348	
1849	1857	
1857	1849	
649	650	
650	649	
787	808	
808	787	
237	238	
238	237	
1250	1298	
1298	1250	
255	260	
260	255	
1942	1944	
1944	1942	
2244	2252	
2252	2244	
1006	1060	
1060	1006	
1640	1724	
1724	1640	
1866	1870	
1870	1866	
2409	2410	
2410	2409	
723	741	
741	723	
666	668	
668	666	
2213	2218	
2218	2213	
269	327	
327	269	
1837	1917	
1917	1837	
167	194	
194	167	
188	223	
223	188	
359	360	
360	359	
1581	1596	
1596	1581	
1966	2025	
2025	1966	
155	157	
157	155	
2205	2210	
2210	2205	
1882	1883	
1883	1882	
294	298	
298	294	
2588	2608	
2608	2588	
93	100	
100	93	
124	139	
139	124	
1642	1660	
1660	1642	
1844	1884	
1884	1844	
1517	1520	
1520	1517	
1061	1071	
1071	1061	
1623	1635	
1635	1623	
387	393	
393	387	
2255	2267	
2267	2255	
1389	1392	
1392	1389	
2271	2292	
2292	2271	
1933	1985	
1985	1933	
2444	2458	
2458	2444	
1595	1621	
1621	1595	
1427	1442	
1442	1427	
566	580	
580	566	
640	643	
643	640	
995	1006	
1006	995	
2062	2113	
2113	2062	
883	899	
899	883	
1431	1434	
1434	1431	
317	350	
350	317	
844	908	
908	844	
2176	2177	
2177	2176	
605	606	
606	605	
76	82	
82	76	
1357	1359	
1359	1357	
2337	2385	
2385	2337	
1235	1259	
1259	1235	
711	719	
719	711	
297	335	
335	297	
285	287	
287	285	
19	22	
22	19	
1790	1799	
1799	1790	
1469	1484	
1484	1469	
586	587	
587	586	
1112	1113	
1113	1112	
859	862	
862	859	
570	571	
571	570	
2056	2061	
2061	2056	
1825	1827	
1827	1825	
1674	1684	
1684	1674	
1611	1624	
1624	1611	
2432	2614	
2614	2432	
2067	2068	
2068	2067	
594	596	
596	594	
1786	1822	
1822	1786	
931	934	
934	931	
1681	1686	
1686	1681	
2181	2227	
2227	2181	
2337	2352	
2352	2337	
2339	2346	
2346	2339	
2133	2157	
2157	2133	
2092	2097	
2097	2092	
52	70	
70	52	
1956	1960	
1960	1956	
2459	2460	
2460	2459	
159	168	
168	159	
2289	2296	
2296	2289	
2019	2021	
2021	2019	
2449	2455	
2455	2449	
10	11	
11	10	
2374	2377	
2377	2374	
1806	1813	
1813	1806	
1097	1156	
1156	1097	
1534	1549	
1549	1534	
1655	1658	
1658	1655	
2050	2070	
2070	2050	
1878	1882	
1882	1878	
1139	1162	
1162	1139	
912	915	
915	912	
1197	1225	
1225	1197	
2123	2200	
2200	2123	
244	246	
246	244	
161	162	
162	161	
494	502	
502	494	
195	219	
219	195	
2	11	
11	2	
1339	1342	
1342	1339	
1961	1963	
1963	1961	
383	386	
386	383	
1188	1189	
1189	1188	
1148	1224	
1224	1148	
1672	1690	
1690	1672	
1904	1916	
1916	1904	
1457	1470	
1470	1457	
1003	1004	
1004	1003	
420	421	
421	420	
949	950	
950	949	
647	684	
684	647	
703	708	
708	703	
