444	488	
488	444	
994	1219	
1219	994	
620	2534	
2534	620	
692	2629	
2629	692	
825	1765	
1765	825	
1042	1926	
1926	1042	
2415	2597	
2597	2415	
1406	2387	
2387	1406	
1154	2514	
2514	1154	
1049	2610	
2610	1049	
1595	2246	
2246	1595	
410	1179	
1179	410	
492	688	
688	492	
440	1913	
1913	440	
1656	1798	
1798	1656	
767	2314	
2314	767	
180	1020	
1020	180	
911	1051	
1051	911	
397	879	
879	397	
562	1735	
1735	562	
1682	2321	
2321	1682	
2186	2199	
2199	2186	
657	2440	
2440	657	
488	2547	
2547	488	
109	289	
289	109	
155	1358	
1358	155	
1377	1840	
1840	1377	
879	1558	
1558	879	
740	2033	
2033	740	
195	2424	
2424	195	
676	2235	
2235	676	
1131	2185	
2185	1131	
119	1901	
1901	119	
1151	2700	
2700	1151	
738	1080	
1080	738	
754	1358	
1358	754	
359	1620	
1620	359	
496	711	
711	496	
306	350	
350	306	
1199	1716	
1716	1199	
1013	1851	
1851	1013	
316	766	
766	316	
1185	1460	
1460	1185	
118	2112	
2112	118	
236	1072	
1072	236	
5	1659	
1659	5	
245	1162	
1162	245	
350	1623	
1623	350	
1270	1622	
1622	1270	
27	1810	
1810	27	
1362	1372	
1372	1362	
2259	2337	
2337	2259	
860	1427	
1427	860	
2554	2689	
2689	2554	
712	850	
850	712	
1443	2645	
2645	1443	
546	1608	
1608	546	
687	1725	
1725	687	
2249	2518	
2518	2249	
2001	2381	
2381	2001	
1358	1599	
1599	1358	
1810	1820	
1820	1810	
1484	2520	
2520	1484	
334	693	
693	334	
371	1354	
1354	371	
1059	1600	
1600	1059	
1296	1910	
1910	1296	
926	1862	
1862	926	
210	1907	
1907	210	
100	1602	
1602	100	
671	973	
973	671	
276	2133	
2133	276	
1505	2086	
2086	1505	
139	660	
660	139	
1848	2419	
2419	1848	
108	2157	
2157	108	
1224	1919	
1919	1224	
1508	2117	
2117	1508	
784	960	
960	784	
980	1623	
1623	980	
684	1282	
1282	684	
432	1597	
1597	432	
890	1314	
1314	890	
356	2116	
2116	356	
394	1064	
1064	394	
2555	2599	
2599	2555	
9	2614	
2614	9	
1119	2129	
2129	1119	
1991	2325	
2325	1991	
1583	2025	
2025	1583	
504	2396	
2396	504	
244	1610	
1610	244	
1435	1927	
1927	1435	
1183	1824	
1824	1183	
902	1358	
1358	902	
773	1505	
1505	773	
199	420	
420	199	
388	1899	
1899	388	
258	1094	
1094	258	
595	1016	
1016	595	
39	1349	
1349	39	
792	1558	
1558	792	
1701	1877	
1877	1701	
766	1297	
1297	766	
1463	2131	
2131	1463	
2367	2368	
2368	2367	
306	1799	
1799	306	
1709	1986	
1986	1709	
1797	2088	
2088	1797	
2694	2695	
2695	2694	
983	2130	
2130	983	
223	744	
744	223	
1222	1224	
1224	1222	
1609	1791	
1791	1609	
2124	2125	
2125	2124	
110	1262	
1262	110	
554	685	
685	554	
604	2109	
2109	604	
872	1413	
1413	872	
243	2474	
2474	243	
1022	1168	
1168	1022	
1432	1950	
1950	1432	
260	365	
365	260	
95	2074	
2074	95	
1309	2015	
2015	1309	
1299	1810	
1810	1299	
426	1789	
1789	426	
109	1805	
1805	109	
320	1597	
1597	320	
694	1478	
1478	694	
1368	1911	
1911	1368	
1928	2317	
2317	1928	
294	2047	
2047	294	
727	2570	
2570	727	
18	2145	
2145	18	
1265	2291	
2291	1265	
1671	1929	
1929	1671	
1070	1167	
1167	1070	
964	965	
965	964	
611	2690	
2690	611	
1954	1957	
1957	1954	
894	2367	
2367	894	
681	1446	
1446	681	
1636	2139	
2139	1636	
89	1530	
1530	89	
168	2438	
2438	168	
306	2078	
2078	306	
574	1692	
1692	574	
354	1803	
1803	354	
1200	2414	
2414	1200	
37	60	
60	37	
33	2119	
2119	33	
1408	1829	
1829	1408	
113	747	
747	113	
1306	1317	
1317	1306	
843	2339	
2339	843	
938	2027	
2027	938	
299	1484	
1484	299	
1327	2161	
2161	1327	
957	2083	
2083	957	
621	1332	
1332	621	
261	873	
873	261	
1608	2489	
2489	1608	
2155	2293	
2293	2155	
1131	2280	
2280	1131	
328	1250	
1250	328	
239	2021	
2021	239	
65	2021	
2021	65	
1566	1732	
1732	1566	
1925	2620	
2620	1925	
487	859	
859	487	
871	2530	
2530	871	
416	1701	
1701	416	
848	985	
985	848	
1611	2124	
2124	1611	
838	868	
868	838	
746	2006	
2006	746	
436	1332	
1332	436	
610	2288	
2288	610	
1661	1851	
1851	1661	
1924	1927	
1927	1924	
480	2359	
2359	480	
189	1262	
1262	189	
823	1169	
1169	823	
1370	1525	
1525	1370	
1103	1480	
1480	1103	
193	441	
441	193	
2034	2042	
2042	2034	
398	730	
730	398	
903	2030	
2030	903	
709	1903	
1903	709	
1894	2034	
2034	1894	
257	964	
964	257	
553	2009	
2009	553	
1158	2251	
2251	1158	
669	729	
729	669	
549	1810	
1810	549	
984	2265	
2265	984	
153	459	
459	153	
2343	2344	
2344	2343	
875	1950	
1950	875	
745	1995	
1995	745	
1196	1624	
1624	1196	
1519	2335	
2335	1519	
1192	1621	
1621	1192	
84	2226	
2226	84	
993	2155	
2155	993	
2050	2485	
2485	2050	
1026	1303	
1303	1026	
115	973	
973	115	
800	889	
889	800	
1347	1997	
1997	1347	
52	2053	
2053	52	
753	1880	
1880	753	
1094	1653	
1653	1094	
875	914	
914	875	
2248	2249	
2249	2248	
1669	2332	
2332	1669	
883	933	
933	883	
218	733	
733	218	
1801	2203	
2203	1801	
1772	2045	
2045	1772	
768	1724	
1724	768	
61	1416	
1416	61	
364	1306	
1306	364	
296	732	
732	296	
1282	1483	
1483	1282	
515	2464	
2464	515	
251	253	
253	251	
20	2374	
2374	20	
443	1264	
1264	443	
1333	1973	
1973	1333	
1554	2687	
2687	1554	
1435	2071	
2071	1435	
91	1046	
1046	91	
1665	2034	
2034	1665	
523	2406	
2406	523	
598	1297	
1297	598	
1326	2063	
2063	1326	
1870	1986	
1986	1870	
266	578	
578	266	
332	665	
665	332	
918	1098	
1098	918	
507	1940	
1940	507	
341	1389	
1389	341	
239	619	
619	239	
523	949	
949	523	
370	2269	
2269	370	
517	952	
952	517	
239	1274	
1274	239	
1634	2393	
2393	1634	
248	1264	
1264	248	
1986	2009	
2009	1986	
343	1701	
1701	343	
2075	2077	
2077	2075	
627	2335	
2335	627	
1273	2125	
2125	1273	
976	998	
998	976	
1717	1731	
1731	1717	
191	1677	
1677	191	
552	2201	
2201	552	
1289	1705	
1705	1289	
308	2045	
2045	308	
1339	1358	
1358	1339	
1169	2220	
2220	1169	
1520	1765	
1765	1520	
1628	2057	
2057	1628	
466	2546	
2546	466	
749	2155	
2155	749	
1153	1401	
1401	1153	
1166	2582	
2582	1166	
897	1983	
1983	897	
697	1080	
1080	697	
1257	2677	
2677	1257	
1358	1766	
1766	1358	
0	2582	
2582	0	
1623	1768	
1768	1623	
451	2285	
2285	451	
12	1318	
1318	12	
1484	2498	
2498	1484	
608	1623	
1623	608	
373	1025	
1025	373	
277	553	
553	277	
982	1458	
1458	982	
177	2682	
2682	177	
761	1443	
1443	761	
502	1976	
1976	502	
848	1373	
1373	848	
963	2400	
2400	963	
353	1173	
1173	353	
306	2048	
2048	306	
111	1169	
1169	111	
873	1358	
1358	873	
632	1430	
1430	632	
1705	2322	
2322	1705	
597	1104	
1104	597	
770	2117	
2117	770	
937	1180	
1180	937	
1148	2221	
2221	1148	
830	2100	
2100	830	
2440	2530	
2530	2440	
1683	2132	
2132	1683	
661	830	
830	661	
280	1535	
1535	280	
831	1011	
1011	831	
1627	1740	
1740	1627	
36	1781	
1781	36	
2058	2150	
2150	2058	
850	1464	
1464	850	
74	2052	
2052	74	
1067	2448	
2448	1067	
2076	2077	
2077	2076	
270	838	
838	270	
14	158	
158	14	
1441	2273	
2273	1441	
1396	1421	
1421	1396	
757	1358	
1358	757	
1728	2555	
2555	1728	
638	808	
808	638	
458	1953	
1953	458	
1402	1972	
1972	1402	
1117	1628	
1628	1117	
2122	2123	
2123	2122	
1114	1717	
1717	1114	
985	1149	
1149	985	
737	1630	
1630	737	
614	2470	
2470	614	
2346	2349	
2349	2346	
1554	2686	
2686	1554	
507	1211	
1211	507	
2016	2071	
2071	2016	
1701	1868	
1868	1701	
1237	1958	
1958	1237	
1742	2445	
2445	1742	
1511	1519	
1519	1511	
415	1644	
1644	415	
158	180	
180	158	
846	2146	
2146	846	
132	904	
904	132	
650	1685	
1685	650	
1952	2206	
2206	1952	
308	1253	
1253	308	
1015	2263	
2263	1015	
1742	2443	
2443	1742	
116	1501	
1501	116	
88	2012	
2012	88	
2394	2397	
2397	2394	
1473	2707	
2707	1473	
1695	2133	
2133	1695	
434	1693	
1693	434	
344	2323	
2323	344	
1417	1529	
1529	1417	
1739	1886	
1886	1739	
1464	1482	
1482	1464	
733	794	
794	733	
1979	2405	
2405	1979	
1106	1874	
1874	1106	
166	271	
271	166	
2099	2425	
2425	2099	
1538	2185	
2185	1538	
1681	2320	
2320	1681	
230	577	
577	230	
673	1907	
1907	673	
1912	2103	
2103	1912	
708	1358	
1358	708	
1041	1466	
1466	1041	
606	2360	
2360	606	
2199	2201	
2201	2199	
1054	1432	
1432	1054	
441	2184	
2184	441	
481	1287	
1287	481	
353	1345	
1345	353	
448	472	
472	448	
586	1218	
1218	586	
183	997	
997	183	
808	924	
924	808	
887	910	
910	887	
1738	2365	
2365	1738	
1157	2240	
2240	1157	
798	1793	
1793	798	
764	1358	
1358	764	
358	2642	
2642	358	
1756	2642	
2642	1756	
495	2192	
2192	495	
1038	1358	
1358	1038	
866	1049	
1049	866	
1469	2358	
2358	1469	
1204	1839	
1839	1204	
1945	1947	
1947	1945	
640	1598	
1598	640	
148	2518	
2518	148	
403	806	
806	403	
702	777	
777	702	
1629	1659	
1659	1629	
1558	2338	
2338	1558	
1501	1676	
1676	1501	
1796	2297	
2297	1796	
989	1645	
1645	989	
436	1982	
1982	436	
1385	2335	
2335	1385	
857	1246	
1246	857	
851	2018	
2018	851	
1147	2367	
2367	1147	
1735	1776	
1776	1735	
329	1798	
1798	329	
603	1821	
1821	603	
1549	2286	
2286	1549	
594	2195	
2195	594	
81	527	
527	81	
407	1682	
1682	407	
211	1909	
1909	211	
1300	1933	
1933	1300	
501	1765	
1765	501	
876	1358	
1358	876	
386	2114	
2114	386	
877	1413	
1413	877	
1193	1705	
1705	1193	
2230	2296	
2296	2230	
456	2199	
2199	456	
2045	2046	
2046	2045	
1899	2510	
2510	1899	
119	646	
646	119	
612	2235	
2235	612	
1135	2518	
2518	1135	
59	1287	
1287	59	
310	892	
892	310	
1336	2034	
2034	1336	
790	1810	
1810	790	
1248	2045	
2045	1248	
129	701	
701	129	
490	2099	
2099	490	
2010	2016	
2016	2010	
106	2461	
2461	106	
2121	2122	
2122	2121	
121	2251	
2251	121	
1824	1825	
1825	1824	
267	2000	
2000	267	
1438	2664	
2664	1438	
1714	1727	
1727	1714	
962	1808	
1808	962	
670	2606	
2606	670	
374	1101	
1101	374	
917	2639	
2639	917	
2509	2519	
2519	2509	
1176	1935	
1935	1176	
1110	2295	
2295	1110	
497	2419	
2419	497	
439	1169	
1169	439	
1911	2553	
2553	1911	
998	1284	
1284	998	
667	2364	
2364	667	
596	992	
992	596	
641	2704	
2704	641	
558	2585	
2585	558	
1249	2558	
2558	1249	
975	2097	
2097	975	
1311	2080	
2080	1311	
1986	1994	
1994	1986	
593	1474	
1474	593	
587	1032	
1032	587	
729	1701	
1701	729	
165	2706	
2706	165	
24	1701	
1701	24	
733	1817	
1817	733	
281	2247	
2247	281	
580	2445	
2445	580	
429	705	
705	429	
368	428	
428	368	
945	2388	
2388	945	
215	2045	
2045	215	
1061	1196	
1196	1061	
229	1405	
1405	229	
1013	1843	
1843	1013	
476	1800	
1800	476	
997	1837	
1837	997	
206	2691	
2691	206	
882	1358	
1358	882	
311	343	
343	311	
766	845	
845	766	
1214	1745	
1745	1214	
2075	2091	
2091	2075	
1527	1668	
1668	1527	
291	1692	
1692	291	
645	1495	
1495	645	
1734	2597	
2597	1734	
567	631	
631	567	
1567	1874	
1874	1567	
2086	2094	
2094	2086	
354	2453	
2453	354	
1615	1665	
1665	1615	
512	1692	
1692	512	
1655	2136	
2136	1655	
26	99	
99	26	
1459	2218	
2218	1459	
1878	2256	
2256	1878	
424	436	
436	424	
1241	1950	
1950	1241	
228	1721	
1721	228	
704	2450	
2450	704	
239	1220	
1220	239	
514	1314	
1314	514	
828	2464	
2464	828	
436	1977	
1977	436	
267	2373	
2373	267	
1358	1722	
1722	1358	
1083	1450	
1450	1083	
284	2225	
2225	284	
867	1229	
1229	867	
1631	2196	
2196	1631	
651	1667	
1667	651	
285	1999	
1999	285	
519	598	
598	519	
973	1142	
1142	973	
811	855	
855	811	
1079	1914	
1914	1079	
915	1740	
1740	915	
1259	2342	
2342	1259	
1012	1336	
1336	1012	
464	1758	
1758	464	
1367	2080	
2080	1367	
1171	1355	
1355	1171	
1091	1256	
1256	1091	
1229	1308	
1308	1229	
1229	1506	
1506	1229	
1008	2059	
2059	1008	
2681	2683	
2683	2681	
275	805	
805	275	
203	1869	
1869	203	
589	980	
980	589	
1356	1613	
1613	1356	
56	1849	
1849	56	
2464	2465	
2465	2464	
2001	2379	
2379	2001	
1103	1888	
1888	1103	
1804	2451	
2451	1804	
1360	1960	
1960	1360	
2069	2070	
2070	2069	
734	2277	
2277	734	
44	2624	
2624	44	
2175	2176	
2176	2175	
325	1848	
1848	325	
175	1914	
1914	175	
948	1395	
1395	948	
274	749	
749	274	
338	1934	
1934	338	
239	2418	
2418	239	
2	1666	
1666	2	
149	1416	
1416	149	
808	2383	
2383	808	
213	2192	
2192	213	
1503	2241	
2241	1503	
2182	2198	
2198	2182	
1743	2113	
2113	1743	
1221	1949	
1949	1221	
2025	2027	
2027	2025	
415	2014	
2014	415	
456	2472	
2472	456	
21	1043	
1043	21	
217	243	
243	217	
1264	1531	
1531	1264	
2	1454	
1454	2	
383	2268	
2268	383	
537	1165	
1165	537	
956	2677	
2677	956	
138	236	
236	138	
402	1940	
1940	402	
616	1739	
1739	616	
1354	2270	
2270	1354	
933	1038	
1038	933	
1276	1962	
1962	1276	
2146	2147	
2147	2146	
1349	1634	
1634	1349	
54	767	
767	54	
40	1364	
1364	40	
505	573	
573	505	
534	933	
933	534	
460	1986	
1986	460	
1738	2366	
2366	1738	
306	2089	
2089	306	
1358	1604	
1604	1358	
695	1682	
1682	695	
1382	2176	
2176	1382	
377	733	
733	377	
324	2194	
2194	324	
268	1740	
1740	268	
1127	1986	
1986	1127	
1309	1882	
1882	1309	
736	964	
964	736	
598	2138	
2138	598	
255	1266	
1266	255	
442	698	
698	442	
779	1224	
1224	779	
1378	2058	
2058	1378	
417	2034	
2034	417	
507	1931	
1931	507	
1247	1679	
1679	1247	
645	1895	
1895	645	
90	155	
155	90	
2222	2225	
2225	2222	
16	2642	
2642	16	
1702	2238	
2238	1702	
67	2628	
2628	67	
1388	2197	
2197	1388	
372	1834	
1834	372	
861	1397	
1397	861	
2483	2484	
2484	2483	
43	1530	
1530	43	
665	2122	
2122	665	
1413	1933	
1933	1413	
1477	1542	
1542	1477	
819	1358	
1358	819	
820	889	
889	820	
907	1916	
1916	907	
78	1329	
1329	78	
628	1725	
1725	628	
803	2100	
2100	803	
880	973	
973	880	
1838	2182	
2182	1838	
384	1624	
1624	384	
1889	1892	
1892	1889	
2215	2216	
2216	2215	
1884	1885	
1885	1884	
1968	2034	
2034	1968	
1862	2582	
2582	1862	
239	1069	
1069	239	
1190	1387	
1387	1190	
1426	1751	
1751	1426	
53	1358	
1358	53	
357	1358	
1358	357	
348	2248	
2248	348	
194	473	
473	194	
249	1978	
1978	249	
411	1096	
1096	411	
1163	2132	
2132	1163	
626	2558	
2558	626	
1018	2378	
2378	1018	
1412	1735	
1735	1412	
313	2296	
2296	313	
1986	1992	
1992	1986	
1441	1707	
1707	1441	
500	2241	
2241	500	
2095	2329	
2329	2095	
2051	2364	
2364	2051	
1869	2309	
2309	1869	
281	2244	
2244	281	
460	1989	
1989	460	
946	1966	
1966	946	
111	1762	
1762	111	
739	1881	
1881	739	
2534	2535	
2535	2534	
1020	2667	
2667	1020	
1905	1914	
1914	1905	
824	1831	
1831	824	
1102	2464	
2464	1102	
2247	2509	
2509	2247	
1681	2319	
2319	1681	
661	1353	
1353	661	
927	2140	
2140	927	
1072	1483	
1483	1072	
547	1701	
1701	547	
2228	2395	
2395	2228	
73	1214	
1214	73	
1017	2472	
2472	1017	
1007	2466	
2466	1007	
2297	2299	
2299	2297	
182	183	
183	182	
102	109	
109	102	
1143	2262	
2262	1143	
231	1701	
1701	231	
1811	1822	
1822	1811	
1092	1106	
1106	1092	
748	1358	
1358	748	
2243	2246	
2246	2243	
86	2295	
2295	86	
1411	2218	
2218	1411	
246	936	
936	246	
837	1422	
1422	837	
760	2459	
2459	760	
735	1543	
1543	735	
2024	2156	
2156	2024	
1323	1701	
1701	1323	
679	1395	
1395	679	
1487	1849	
1849	1487	
752	2083	
2083	752	
859	1199	
1199	859	
88	2011	
2011	88	
521	598	
598	521	
1561	1623	
1623	1561	
349	419	
419	349	
198	1255	
1255	198	
1420	2394	
2394	1420	
1184	2100	
2100	1184	
1920	2422	
2422	1920	
732	1756	
1756	732	
1740	2389	
2389	1740	
881	1155	
1155	881	
699	2045	
2045	699	
453	1806	
1806	453	
839	2277	
2277	839	
1375	2586	
2586	1375	
446	1507	
1507	446	
1782	2326	
2326	1782	
1490	2085	
2085	1490	
295	1176	
1176	295	
406	2505	
2505	406	
703	1961	
1961	703	
1719	1765	
1765	1719	
103	306	
306	103	
905	1282	
1282	905	
1623	1783	
1783	1623	
1835	2157	
2157	1835	
1095	1325	
1325	1095	
1334	1941	
1941	1334	
1812	2550	
2550	1812	
2570	2572	
2572	2570	
136	831	
831	136	
1215	1894	
1894	1215	
840	1903	
1903	840	
1009	2096	
2096	1009	
2665	2666	
2666	2665	
525	2172	
2172	525	
1757	2451	
2451	1757	
131	834	
834	131	
468	1311	
1311	468	
1439	2676	
2676	1439	
2269	2270	
2270	2269	
2290	2496	
2496	2290	
785	1664	
1664	785	
506	1352	
1352	506	
167	2437	
2437	167	
1205	1761	
1761	1205	
2162	2163	
2163	2162	
1317	1719	
1719	1317	
232	1986	
1986	232	
137	2144	
2144	137	
230	1217	
1217	230	
194	2646	
2646	194	
2144	2331	
2331	2144	
1050	1380	
1380	1050	
1542	1942	
1942	1542	
560	2526	
2526	560	
1320	1349	
1349	1320	
154	1339	
1339	154	
1228	1536	
1536	1228	
350	2090	
2090	350	
939	2173	
2173	939	
1820	1873	
1873	1820	
540	2527	
2527	540	
7	208	
208	7	
833	2036	
2036	833	
506	1918	
1918	506	
428	996	
996	428	
1014	1558	
1558	1014	
1191	1558	
1558	1191	
2565	2566	
2566	2565	
526	565	
565	526	
318	2045	
2045	318	
1096	1633	
1633	1096	
976	1431	
1431	976	
1721	2476	
2476	1721	
2180	2182	
2182	2180	
2439	2530	
2530	2439	
1201	2533	
2533	1201	
1996	2064	
2064	1996	
331	1527	
1527	331	
2687	2688	
2688	2687	
1146	1505	
1505	1146	
48	714	
714	48	
2120	2637	
2637	2120	
1343	2165	
2165	1343	
172	512	
512	172	
196	2122	
2122	196	
174	1358	
1358	174	
1243	1358	
1358	1243	
2671	2675	
2675	2671	
435	733	
733	435	
1230	1342	
1342	1230	
64	1737	
1737	64	
1558	2340	
2340	1558	
133	1777	
1777	133	
2522	2656	
2656	2522	
831	1733	
1733	831	
742	1743	
1743	742	
417	1871	
1871	417	
355	1668	
1668	355	
726	1533	
1533	726	
470	857	
857	470	
2026	2045	
2045	2026	
1523	2449	
2449	1523	
856	2248	
2248	856	
97	1353	
1353	97	
1535	2293	
2293	1535	
200	2676	
2676	200	
1778	2327	
2327	1778	
2147	2486	
2486	2147	
1228	2580	
2580	1228	
531	606	
606	531	
1442	2462	
2462	1442	
1046	2587	
2587	1046	
1842	1979	
1979	1842	
573	643	
643	573	
1003	2607	
2607	1003	
1776	2324	
2324	1776	
1532	2648	
2648	1532	
1483	1726	
1726	1483	
142	525	
525	142	
465	1403	
1403	465	
644	711	
711	644	
107	1650	
1650	107	
2180	2183	
2183	2180	
273	374	
374	273	
99	2454	
2454	99	
1077	2450	
2450	1077	
1641	2495	
2495	1641	
517	2105	
2105	517	
509	2148	
2148	509	
454	1661	
1661	454	
503	1692	
1692	503	
1624	1779	
1779	1624	
1964	1965	
1965	1964	
120	816	
816	120	
271	1970	
1970	271	
801	1470	
1470	801	
1500	1538	
1538	1500	
409	1681	
1681	409	
1040	1169	
1169	1040	
725	1104	
1104	725	
1202	2524	
2524	1202	
367	2451	
2451	367	
1830	2045	
2045	1830	
124	1367	
1367	124	
965	1693	
1693	965	
1065	1096	
1096	1065	
960	1776	
1776	960	
505	1304	
1304	505	
13	1810	
1810	13	
722	1874	
1874	722	
133	2082	
2082	133	
75	583	
583	75	
438	1984	
1984	438	
1560	1623	
1623	1560	
1498	2349	
2349	1498	
1404	2375	
2375	1404	
2204	2521	
2521	2204	
399	2107	
2107	399	
2268	2291	
2291	2268	
401	1096	
1096	401	
972	2247	
2247	972	
1207	2290	
2290	1207	
430	2130	
2130	430	
1701	1863	
1863	1701	
1240	1443	
1443	1240	
849	1993	
1993	849	
776	1413	
1413	776	
1121	2136	
2136	1121	
2094	2106	
2106	2094	
459	1681	
1681	459	
1428	2336	
2336	1428	
898	2160	
2160	898	
192	2472	
2472	192	
1038	2503	
2503	1038	
252	2485	
2485	252	
118	2166	
2166	118	
908	1013	
1013	908	
2207	2241	
2241	2207	
42	87	
87	42	
724	2395	
2395	724	
1923	1927	
1927	1923	
1104	2264	
2264	1104	
2360	2578	
2578	2360	
954	1112	
1112	954	
1175	2359	
2359	1175	
290	687	
687	290	
1266	1984	
1984	1266	
1013	1845	
1845	1013	
41	1914	
1914	41	
55	323	
323	55	
1542	1607	
1607	1542	
590	1441	
1441	590	
1275	1468	
1468	1275	
91	2380	
2380	91	
1332	2024	
2024	1332	
731	2199	
2199	731	
1998	2326	
2326	1998	
714	1385	
1385	714	
1510	2387	
2387	1510	
581	1616	
1616	581	
1588	2333	
2333	1588	
598	1823	
1823	598	
279	666	
666	279	
17	1315	
1315	17	
1158	2252	
2252	1158	
1013	1729	
1729	1013	
577	1518	
1518	577	
415	1908	
1908	415	
224	1810	
1810	224	
1954	2275	
2275	1954	
791	2034	
2034	791	
1129	1518	
1518	1129	
335	1986	
1986	335	
48	2205	
2205	48	
1149	1894	
1894	1149	
109	1785	
1785	109	
1398	1528	
1528	1398	
735	2060	
2060	735	
1147	1865	
1865	1147	
1456	1457	
1457	1456	
957	2167	
2167	957	
1781	1998	
1998	1781	
814	1158	
1158	814	
1035	1433	
1433	1035	
1056	2482	
2482	1056	
92	1836	
1836	92	
1409	1828	
1828	1409	
507	2508	
2508	507	
1469	2590	
2590	1469	
1229	1384	
1384	1229	
494	2614	
2614	494	
1708	2314	
2314	1708	
609	1358	
1358	609	
104	1065	
1065	104	
2130	2249	
2249	2130	
2413	2414	
2414	2413	
412	1849	
1849	412	
1128	1441	
1441	1128	
664	1701	
1701	664	
2155	2294	
2294	2155	
402	1936	
1936	402	
510	1013	
1013	510	
171	790	
790	171	
1589	1745	
1745	1589	
934	2356	
2356	934	
152	2240	
2240	152	
25	1344	
1344	25	
173	1586	
1586	173	
2164	2282	
2282	2164	
728	2553	
2553	728	
447	1849	
1849	447	
1008	1922	
1922	1008	
1394	2137	
2137	1394	
471	2394	
2394	471	
302	1158	
1158	302	
1080	2162	
2162	1080	
1292	1358	
1358	1292	
2214	2216	
2216	2214	
85	2487	
2487	85	
1309	2178	
2178	1309	
1703	1906	
1906	1703	
542	1623	
1623	542	
598	1864	
1864	598	
1226	1955	
1955	1226	
482	2230	
2230	482	
1829	1902	
1902	1829	
1479	1701	
1701	1479	
308	1670	
1670	308	
895	1913	
1913	895	
437	1985	
1985	437	
2102	2385	
2385	2102	
741	1282	
1282	741	
1507	1645	
1645	1507	
2514	2515	
2515	2514	
2570	2573	
2573	2570	
715	2291	
2291	715	
1358	1763	
1763	1358	
649	1171	
1171	649	
1319	2034	
2034	1319	
478	1978	
1978	478	
605	1107	
1107	605	
599	1271	
1271	599	
924	2383	
2383	924	
1416	1468	
1468	1416	
1546	2169	
2169	1546	
1658	2018	
2018	1658	
835	1810	
1810	835	
51	2214	
2214	51	
361	2681	
2681	361	
2139	2141	
2141	2139	
981	1221	
1221	981	
366	1986	
1986	366	
852	1800	
1800	852	
2398	2493	
2493	2398	
1702	1971	
1971	1702	
788	2205	
2205	788	
1819	1948	
1948	1819	
1557	2168	
2168	1557	
1330	1837	
1837	1330	
2634	2636	
2636	2634	
1058	1195	
1195	1058	
88	1847	
1847	88	
299	2386	
2386	299	
1145	1358	
1358	1145	
535	2641	
2641	535	
1926	2189	
2189	1926	
1257	2538	
2538	1257	
1903	2269	
2269	1903	
429	2041	
2041	429	
952	2546	
2546	952	
725	1137	
1137	725	
1358	1730	
1730	1358	
2270	2375	
2375	2270	
834	2168	
2168	834	
2367	2371	
2371	2367	
660	1623	
1623	660	
2560	2561	
2561	2560	
28	1687	
1687	28	
1975	2110	
2110	1975	
1901	1954	
1954	1901	
2382	2383	
2383	2382	
588	2383	
2383	588	
30	1358	
1358	30	
617	705	
705	617	
1711	1765	
1765	1711	
10	2545	
2545	10	
472	2029	
2029	472	
139	1780	
1780	139	
437	950	
950	437	
337	1214	
1214	337	
643	2407	
2407	643	
1186	2535	
2535	1186	
1587	2154	
2154	1587	
2181	2197	
2197	2181	
473	1575	
1575	473	
1580	1892	
1892	1580	
1216	2503	
2503	1216	
148	602	
602	148	
1647	2160	
2160	1647	
58	1715	
1715	58	
1013	1850	
1850	1013	
1478	1902	
1902	1478	
1810	1814	
1814	1810	
533	1742	
1742	533	
2289	2464	
2464	2289	
34	1358	
1358	34	
1086	1124	
1124	1086	
1031	1952	
1952	1031	
1082	1534	
1534	1082	
190	2135	
2135	190	
871	2652	
2652	871	
19	1939	
1939	19	
483	2405	
2405	483	
409	2084	
2084	409	
146	1468	
1468	146	
1279	2186	
2186	1279	
1944	1950	
1950	1944	
1301	1542	
1542	1301	
1267	1824	
1824	1267	
387	519	
519	387	
2636	2693	
2693	2636	
1291	2154	
2154	1291	
333	1358	
1358	333	
365	2469	
2469	365	
209	2681	
2681	209	
1693	2408	
2408	1693	
1358	1753	
1753	1358	
1196	2300	
2300	1196	
2194	2195	
2195	2194	
797	1358	
1358	797	
1467	2172	
2172	1467	
159	2308	
2308	159	
473	2647	
2647	473	
1320	2684	
2684	1320	
2034	2038	
2038	2034	
1322	2265	
2265	1322	
1428	2376	
2376	1428	
1359	2480	
2480	1359	
1269	2227	
2227	1269	
836	1572	
1572	836	
455	2147	
2147	455	
389	2450	
2450	389	
996	1135	
1135	996	
143	1701	
1701	143	
1652	1848	
1848	1652	
1716	2446	
2446	1716	
1008	2575	
2575	1008	
93	550	
550	93	
1737	1888	
1888	1737	
941	2517	
2517	941	
1307	2536	
2536	1307	
278	1185	
1185	278	
142	2049	
2049	142	
1287	1358	
1358	1287	
98	1521	
1521	98	
162	1667	
1667	162	
505	1258	
1258	505	
1324	2265	
2265	1324	
536	567	
567	536	
1749	2446	
2446	1749	
1692	2346	
2346	1692	
781	2402	
2402	781	
1655	2384	
2384	1655	
1045	1571	
1571	1045	
943	1196	
1196	943	
1016	1256	
1256	1016	
327	1996	
1996	327	
571	696	
696	571	
931	1433	
1433	931	
1316	1679	
1679	1316	
778	779	
779	778	
1460	2358	
2358	1460	
164	210	
210	164	
2263	2490	
2490	2263	
2023	2217	
2217	2023	
202	353	
353	202	
657	2523	
2523	657	
958	1072	
1072	958	
624	1232	
1232	624	
682	1224	
1224	682	
189	1509	
1509	189	
94	1649	
1649	94	
301	2492	
2492	301	
427	1528	
1528	427	
1552	1778	
1778	1552	
112	2080	
2080	112	
88	2013	
2013	88	
755	1898	
1898	755	
1227	1269	
1269	1227	
771	1156	
1156	771	
1101	2146	
2146	1101	
279	2423	
2423	279	
701	2062	
2062	701	
1555	2363	
2363	1555	
457	2216	
2216	457	
360	1409	
1409	360	
1725	2597	
2597	1725	
463	1966	
1966	463	
1400	2698	
2698	1400	
375	2434	
2434	375	
492	2678	
2678	492	
1580	2200	
2200	1580	
2056	2576	
2576	2056	
69	2189	
2189	69	
524	979	
979	524	
2339	2340	
2340	2339	
194	2564	
2564	194	
2211	2356	
2356	2211	
969	1735	
1735	969	
306	2087	
2087	306	
1120	2194	
2194	1120	
683	2169	
2169	683	
490	1981	
1981	490	
827	1039	
1039	827	
2193	2194	
2194	2193	
150	914	
914	150	
1343	2316	
2316	1343	
1159	2534	
2534	1159	
700	1691	
1691	700	
1097	1115	
1115	1097	
2410	2411	
2411	2410	
2055	2198	
2198	2055	
569	1759	
1759	569	
387	2191	
2191	387	
1138	2250	
2250	1138	
1075	1701	
1701	1075	
1348	2605	
2605	1348	
979	2207	
2207	979	
633	1866	
1866	633	
438	787	
787	438	
1482	2132	
2132	1482	
45	1219	
1219	45	
1543	2029	
2029	1543	
757	2421	
2421	757	
1136	2359	
2359	1136	
816	1842	
1842	816	
39	2357	
2357	39	
375	2435	
2435	375	
1363	1413	
1413	1363	
362	1966	
1966	362	
151	2335	
2335	151	
89	884	
884	89	
1846	1867	
1867	1846	
1235	2577	
2577	1235	
763	1635	
1635	763	
711	2112	
2112	711	
166	2617	
2617	166	
1567	2500	
2500	1567	
99	2604	
2604	99	
693	1851	
1851	693	
1283	1776	
1776	1283	
695	1790	
1790	695	
154	1754	
1754	154	
2246	2247	
2247	2246	
480	2372	
2372	480	
1405	1894	
1894	1405	
1150	1243	
1243	1150	
1129	2352	
2352	1129	
461	1203	
1203	461	
717	1907	
1907	717	
15	1090	
1090	15	
940	1829	
1829	940	
1504	1647	
1647	1504	
245	782	
782	245	
2022	2190	
2190	2022	
333	1694	
1694	333	
2030	2112	
2112	2030	
1334	1577	
1577	1334	
953	2566	
2566	953	
1632	1756	
1756	1632	
449	2581	
2581	449	
2451	2452	
2452	2451	
1178	2350	
2350	1178	
591	642	
642	591	
1686	2647	
2647	1686	
125	458	
458	125	
623	2289	
2289	623	
809	2229	
2229	809	
323	498	
498	323	
899	1055	
1055	899	
1015	1068	
1068	1015	
220	913	
913	220	
888	1556	
1556	888	
1367	2143	
2143	1367	
1614	2034	
2034	1614	
1526	1879	
1879	1526	
144	145	
145	144	
889	1832	
1832	889	
429	1493	
1493	429	
565	1361	
1361	565	
1358	1764	
1764	1358	
126	2079	
2079	126	
1021	2309	
2309	1021	
6	1416	
1416	6	
1425	1618	
1618	1425	
564	2476	
2476	564	
99	2455	
2455	99	
1736	1763	
1763	1736	
812	1413	
1413	812	
640	2420	
2420	640	
901	1279	
1279	901	
1818	2306	
2306	1818	
1809	1810	
1810	1809	
548	843	
843	548	
1986	2005	
2005	1986	
76	2018	
2018	76	
147	1519	
1519	147	
1522	1697	
1697	1522	
648	1441	
1441	648	
1111	2125	
2125	1111	
2065	2066	
2066	2065	
2671	2673	
2673	2671	
181	1464	
1464	181	
1687	1721	
1721	1687	
269	418	
418	269	
160	2009	
2009	160	
1920	2310	
2310	1920	
622	886	
886	622	
2327	2328	
2328	2327	
1238	1358	
1358	1238	
1295	1987	
1987	1295	
831	2093	
2093	831	
1429	2520	
2520	1429	
408	1841	
1841	408	
513	657	
657	513	
1624	1788	
1788	1624	
2040	2120	
2120	2040	
484	1367	
1367	484	
1955	1956	
1956	1955	
936	2641	
2641	936	
1767	1783	
1783	1767	
629	883	
883	629	
1170	1476	
1476	1170	
1787	1810	
1810	1787	
1236	2479	
2479	1236	
870	2126	
2126	870	
893	911	
911	893	
2074	2277	
2277	2074	
172	2187	
2187	172	
663	2195	
2195	663	
314	2000	
2000	314	
1064	2352	
2352	1064	
184	520	
520	184	
790	1548	
1548	790	
1340	1542	
1542	1340	
1037	2654	
2654	1037	
2144	2504	
2504	2144	
1477	2067	
2067	1477	
2133	2182	
2182	2133	
572	1416	
1416	572	
2245	2246	
2246	2245	
4	1761	
1761	4	
2355	2356	
2356	2355	
1881	1958	
1958	1881	
543	984	
984	543	
392	1825	
1825	392	
1130	2495	
2495	1130	
968	1986	
1986	968	
698	1015	
1015	698	
79	2097	
2097	79	
1966	1971	
1971	1966	
176	231	
231	176	
1462	1611	
1611	1462	
1325	2247	
2247	1325	
584	2464	
2464	584	
1341	2425	
2425	1341	
1085	2109	
2109	1085	
530	1505	
1505	530	
186	1536	
1536	186	
46	2366	
2366	46	
539	1616	
1616	539	
618	938	
938	618	
1485	1914	
1914	1485	
713	1044	
1044	713	
1637	1973	
1973	1637	
1174	1912	
1912	1174	
2565	2567	
2567	2565	
381	2538	
2538	381	
156	817	
817	156	
1915	2649	
2649	1915	
1107	1810	
1810	1107	
868	1526	
1526	868	
718	1416	
1416	718	
961	2599	
2599	961	
1025	1042	
1042	1025	
1272	1950	
1950	1272	
1795	1796	
1796	1795	
733	862	
862	733	
1623	1769	
1769	1623	
298	1095	
1095	298	
1370	2274	
2274	1370	
1724	2216	
2216	1724	
1256	1761	
1761	1256	
2109	2110	
2110	2109	
1358	1646	
1646	1358	
1810	1816	
1816	1810	
1475	2469	
2469	1475	
1810	1813	
1813	1810	
863	1590	
1590	863	
1619	2269	
2269	1619	
1525	1914	
1914	1525	
592	2669	
2669	592	
1599	2614	
2614	1599	
329	2598	
2598	329	
1839	2424	
2424	1839	
50	1441	
1441	50	
2356	2357	
2357	2356	
764	1612	
1612	764	
207	833	
833	207	
447	2638	
2638	447	
297	899	
899	297	
2416	2417	
2417	2416	
625	1024	
1024	625	
795	1645	
1645	795	
1986	1990	
1990	1986	
929	1358	
1358	929	
1625	1729	
1729	1625	
2369	2370	
2370	2369	
1755	1765	
1765	1755	
309	2305	
2305	309	
718	2261	
2261	718	
2151	2423	
2423	2151	
2425	2426	
2426	2425	
1519	2108	
2108	1519	
2518	2538	
2538	2518	
1696	1713	
1713	1696	
135	2144	
2144	135	
929	2627	
2627	929	
662	932	
932	662	
666	1850	
1850	666	
818	1999	
1999	818	
422	545	
545	422	
186	2702	
2702	186	
2223	2224	
2224	2223	
1417	1452	
1452	1417	
707	763	
763	707	
865	2653	
2653	865	
716	1810	
1810	716	
2153	2155	
2155	2153	
1421	2110	
2110	1421	
114	2288	
2288	114	
300	634	
634	300	
156	1689	
1689	156	
64	2616	
2616	64	
2303	2541	
2541	2303	
1470	2553	
2553	1470	
2025	2028	
2028	2025	
1465	1488	
1488	1465	
1336	2032	
2032	1336	
655	2080	
2080	655	
80	257	
257	80	
1697	1986	
1986	1697	
38	862	
862	38	
1586	2168	
2168	1586	
116	1076	
1076	116	
2001	2044	
2044	2001	
1914	1917	
1917	1914	
1524	1693	
1693	1524	
350	1775	
1775	350	
204	415	
415	204	
919	1358	
1358	919	
247	2583	
2583	247	
2125	2126	
2126	2125	
1380	2564	
2564	1380	
1106	2501	
2501	1106	
529	1419	
1419	529	
108	2209	
2209	108	
1768	1837	
1837	1768	
340	584	
584	340	
544	2199	
2199	544	
2329	2330	
2330	2329	
317	1624	
1624	317	
157	598	
598	157	
1610	2558	
2558	1610	
1186	2574	
2574	1186	
374	2149	
2149	374	
1203	1842	
1842	1203	
1133	1538	
1538	1133	
77	659	
659	77	
1424	1813	
1813	1424	
179	1986	
1986	179	
1395	2189	
2189	1395	
1941	2508	
2508	1941	
2671	2672	
2672	2671	
101	1358	
1358	101	
1728	2257	
2257	1728	
951	1358	
1358	951	
1674	2608	
2608	1674	
563	1701	
1701	563	
2114	2519	
2519	2114	
557	1725	
1725	557	
282	747	
747	282	
205	1869	
1869	205	
1906	1964	
1964	1906	
1536	2702	
2702	1536	
445	1434	
1434	445	
87	2164	
2164	87	
1099	1577	
1577	1099	
1419	2260	
2260	1419	
1234	1703	
1703	1234	
306	1640	
1640	306	
227	534	
534	227	
1179	1955	
1955	1179	
2471	2493	
2493	2471	
1706	2585	
2585	1706	
403	1383	
1383	403	
1507	2436	
2436	1507	
647	904	
904	647	
2224	2225	
2225	2224	
1197	1791	
1791	1197	
1042	1198	
1198	1042	
1318	2661	
2661	1318	
240	512	
512	240	
2618	2619	
2619	2618	
78	1418	
1418	78	
751	1204	
1204	751	
1986	2004	
2004	1986	
185	297	
297	185	
2006	2477	
2477	2006	
140	582	
582	140	
556	1623	
1623	556	
1841	2056	
2056	1841	
1874	2500	
2500	1874	
1189	2359	
2359	1189	
1066	1574	
1574	1066	
2359	2372	
2372	2359	
1552	2591	
2591	1552	
1037	2447	
2447	1037	
1773	1789	
1789	1773	
380	930	
930	380	
1744	1765	
1765	1744	
22	2238	
2238	22	
607	1664	
1664	607	
528	803	
803	528	
1951	2204	
2204	1951	
804	1307	
1307	804	
1365	2519	
2519	1365	
807	1956	
1956	807	
2113	2450	
2450	2113	
66	2631	
2631	66	
477	2569	
2569	477	
469	620	
620	469	
2266	2267	
2267	2266	
696	1570	
1570	696	
1242	2148	
2148	1242	
1129	2351	
2351	1129	
928	2063	
2063	928	
1390	2681	
2681	1390	
582	2549	
2549	582	
1592	2071	
2071	1592	
748	1617	
1617	748	
18	1786	
1786	18	
2115	2117	
2117	2115	
311	690	
690	311	
1050	2563	
2563	1050	
2467	2468	
2468	2467	
29	2645	
2645	29	
541	1022	
1022	541	
1610	2556	
2556	1610	
2159	2160	
2160	2159	
2368	2370	
2370	2368	
686	1358	
1358	686	
1859	1986	
1986	1859	
188	1727	
1727	188	
1351	1972	
1972	1351	
346	1358	
1358	346	
1937	1938	
1938	1937	
744	1358	
1358	744	
88	1494	
1494	88	
306	1551	
1551	306	
105	2651	
2651	105	
723	2614	
2614	723	
1851	2485	
2485	1851	
2390	2451	
2451	2390	
1403	2317	
2317	1403	
1389	2597	
2597	1389	
1182	1579	
1579	1182	
1173	1250	
1250	1173	
1852	2045	
2045	1852	
921	2293	
2293	921	
990	1054	
1054	990	
144	1593	
1593	144	
212	1290	
1290	212	
1263	1407	
1407	1263	
2442	2530	
2530	2442	
2003	2123	
2123	2003	
711	2111	
2111	711	
1585	1653	
1653	1585	
352	1944	
1944	352	
1369	1653	
1653	1369	
511	549	
549	511	
263	364	
364	263	
1794	1795	
1795	1794	
516	2104	
2104	516	
60	1527	
1527	60	
123	2604	
2604	123	
70	441	
441	70	
254	507	
507	254	
1427	1725	
1725	1427	
805	963	
963	805	
815	2018	
2018	815	
1284	1358	
1358	1284	
2251	2252	
2252	2251	
467	1708	
1708	467	
1399	2394	
2394	1399	
489	1358	
1358	489	
1761	2175	
2175	1761	
134	406	
406	134	
583	2224	
2224	583	
2018	2019	
2019	2018	
1148	1747	
1747	1148	
1441	2272	
2272	1441	
1891	2130	
2130	1891	
1206	2671	
2671	1206	
242	2280	
2280	242	
35	1296	
1296	35	
1678	1746	
1746	1678	
1131	2283	
2283	1131	
1089	2086	
2086	1089	
736	2202	
2202	736	
578	1879	
1879	578	
1492	1765	
1765	1492	
1894	2118	
2118	1894	
1657	2686	
2686	1657	
405	2059	
2059	405	
1027	2394	
2394	1027	
1355	1957	
1957	1355	
1010	1966	
1966	1010	
128	392	
392	128	
312	1740	
1740	312	
347	408	
408	347	
1752	1754	
1754	1752	
23	2159	
2159	23	
304	1172	
1172	304	
1320	1491	
1491	1320	
1379	2564	
2564	1379	
2285	2286	
2286	2285	
1281	1358	
1358	1281	
2182	2232	
2232	2182	
1690	2112	
2112	1690	
1210	1648	
1648	1210	
2625	2626	
2626	2625	
128	233	
233	128	
49	1666	
1666	49	
1904	1960	
1960	1904	
2679	2682	
2682	2679	
1488	2601	
2601	1488	
1144	1623	
1623	1144	
1802	2079	
2079	1802	
374	413	
413	374	
1071	2671	
2671	1071	
1448	2034	
2034	1448	
2203	2511	
2511	2203	
819	1606	
1606	819	
2427	2428	
2428	2427	
141	2034	
2034	141	
379	1898	
1898	379	
843	2542	
2542	843	
475	2219	
2219	475	
351	1810	
1810	351	
703	2497	
2497	703	
1358	1760	
1760	1358	
901	2073	
2073	901	
1152	1927	
1927	1152	
201	297	
297	201	
2391	2451	
2451	2391	
2236	2237	
2237	2236	
303	2143	
2143	303	
1162	1510	
1510	1162	
1093	2367	
2367	1093	
1502	2163	
2163	1502	
813	2376	
2376	813	
1313	2407	
2407	1313	
286	698	
698	286	
760	2460	
2460	760	
759	1703	
1703	759	
2238	2239	
2239	2238	
1499	1776	
1776	1499	
445	909	
909	445	
235	1701	
1701	235	
145	1165	
1165	145	
906	2351	
2351	906	
1357	2025	
2025	1357	
1765	2492	
2492	1765	
1194	2670	
2670	1194	
2043	2406	
2406	2043	
1708	2313	
2313	1708	
1098	2067	
2067	1098	
2615	2696	
2696	2615	
1969	2238	
2238	1969	
1771	1778	
1778	1771	
2459	2689	
2689	2459	
486	2668	
2668	486	
577	2353	
2353	577	
750	1441	
1441	750	
72	1358	
1358	72	
868	988	
988	868	
783	893	
893	783	
1074	1501	
1501	1074	
522	2097	
2097	522	
1876	1986	
1986	1876	
806	1383	
1383	806	
2279	2466	
2466	2279	
1065	1699	
1699	1065	
634	2227	
2227	634	
935	973	
973	935	
2015	2071	
2071	2015	
1359	2278	
2278	1359	
1712	2446	
2446	1712	
1090	1271	
1271	1090	
743	745	
745	743	
615	2443	
2443	615	
1095	2613	
2613	1095	
858	2502	
2502	858	
2457	2649	
2649	2457	
1006	1302	
1302	1006	
904	1959	
1959	904	
1225	1450	
1450	1225	
674	1907	
1907	674	
2392	2451	
2451	2392	
1455	1537	
1537	1455	
2311	2576	
2576	2311	
920	1893	
1893	920	
811	900	
900	811	
1896	1897	
1897	1896	
1239	2027	
2027	1239	
2667	2668	
2668	2667	
352	1294	
1294	352	
170	1067	
1067	170	
1377	2068	
2068	1377	
1514	1692	
1692	1514	
145	2622	
2622	145	
2336	2524	
2524	2336	
1285	2182	
2182	1285	
1997	2412	
2412	1997	
1664	2147	
2147	1664	
1750	1765	
1765	1750	
822	1973	
1973	822	
1616	2050	
2050	1616	
710	2213	
2213	710	
1305	1358	
1358	1305	
1692	2348	
2348	1692	
1139	2182	
2182	1139	
1598	2367	
2367	1598	
256	756	
756	256	
348	1643	
1643	348	
1947	1950	
1950	1947	
117	2537	
2537	117	
1576	1810	
1810	1576	
2117	2118	
2118	2117	
1666	2381	
2381	1666	
831	1638	
1638	831	
307	991	
991	307	
1005	1541	
1541	1005	
2141	2142	
2142	2141	
1084	1213	
1213	1084	
376	672	
672	376	
518	2423	
2423	518	
1651	2045	
2045	1651	
1639	2679	
2679	1639	
568	1116	
1116	568	
2054	2133	
2133	2054	
2446	2448	
2448	2446	
326	1754	
1754	326	
1312	1313	
1313	1312	
2227	2228	
2228	2227	
1	654	
654	1	
1692	2345	
2345	1692	
336	1944	
1944	336	
1784	2045	
2045	1784	
63	1322	
1322	63	
600	2394	
2394	600	
289	1358	
1358	289	
2114	2588	
2588	2114	
1251	1448	
1448	1251	
1524	2499	
2499	1524	
844	1902	
1902	844	
2706	2707	
2707	2706	
1701	1853	
1853	1701	
2515	2530	
2530	2515	
1899	2491	
2491	1899	
2349	2358	
2358	2349	
538	1286	
1286	538	
1529	1984	
1984	1529	
532	1701	
1701	532	
287	2705	
2705	287	
1589	2596	
2596	1589	
878	2326	
2326	878	
1073	2163	
2163	1073	
1271	2367	
2367	1271	
2602	2603	
2603	2602	
1725	2334	
2334	1725	
756	2187	
2187	756	
1444	2323	
2323	1444	
2112	2436	
2436	2112	
559	1182	
1182	559	
89	2463	
2463	89	
1051	2122	
2122	1051	
639	900	
900	639	
369	385	
385	369	
1141	2294	
2294	1141	
1877	2573	
2573	1877	
642	2472	
2472	642	
1791	2045	
2045	1791	
8	269	
269	8	
868	2276	
2276	868	
1057	2409	
2409	1057	
450	2538	
2538	450	
1318	2662	
2662	1318	
1705	2081	
2081	1705	
396	1988	
1988	396	
2402	2403	
2403	2402	
1063	1518	
1518	1063	
1260	2250	
2250	1260	
560	774	
774	560	
922	1307	
1307	922	
678	733	
733	678	
1497	2034	
2034	1497	
1453	1986	
1986	1453	
385	2484	
2484	385	
986	2697	
2697	986	
1902	1904	
1904	1902	
1701	1858	
1858	1701	
2399	2434	
2434	2399	
864	1065	
1065	864	
840	2481	
2481	840	
2066	2122	
2122	2066	
1844	2276	
2276	1844	
1662	2381	
2381	1662	
315	1602	
1602	315	
391	2365	
2365	391	
1436	2259	
2259	1436	
342	1512	
1512	342	
1849	1914	
1914	1849	
1218	1927	
1927	1218	
1720	1765	
1765	1720	
1680	2056	
2056	1680	
2237	2238	
2238	2237	
1358	1748	
1748	1358	
74	1517	
1517	74	
1303	2163	
2163	1303	
2291	2292	
2292	2291	
1437	1688	
1688	1437	
1115	1529	
1529	1115	
2630	2699	
2699	2630	
955	1914	
1914	955	
1568	1729	
1729	1568	
169	1994	
1994	169	
1109	2675	
2675	1109	
2002	2379	
2379	2002	
944	2138	
2138	944	
499	2457	
2457	499	
265	1441	
1441	265	
493	1244	
1244	493	
1002	2034	
2034	1002	
454	2188	
2188	454	
1962	1963	
1963	1962	
1610	2557	
2557	1610	
2335	2336	
2336	2335	
1142	2326	
2326	1142	
1620	2450	
2450	1620	
1569	1966	
1966	1569	
796	1358	
1358	796	
1280	2612	
2612	1280	
876	2584	
2584	876	
859	1030	
1030	859	
817	1763	
1763	817	
323	2020	
2020	323	
576	1810	
1810	576	
1288	1309	
1309	1288	
689	1317	
1317	689	
269	2543	
2543	269	
826	2528	
2528	826	
2034	2037	
2037	2034	
82	1138	
1138	82	
452	1258	
1258	452	
1912	2404	
2404	1912	
1673	2660	
2660	1673	
1777	2143	
2143	1777	
2287	2288	
2288	2287	
1516	2612	
2612	1516	
2452	2685	
2685	2452	
237	2539	
2539	237	
508	2325	
2325	508	
847	2422	
2422	847	
2017	2467	
2467	2017	
1973	1975	
1975	1973	
269	2551	
2551	269	
462	1048	
1048	462	
315	1921	
1921	315	
1445	1446	
1446	1445	
2304	2385	
2385	2304	
841	2034	
2034	841	
832	2600	
2600	832	
1710	2444	
2444	1710	
292	2562	
2562	292	
1381	1794	
1794	1381	
1522	2680	
2680	1522	
1701	1857	
1857	1701	
2306	2552	
2552	2306	
1047	1588	
1588	1047	
1596	2476	
2476	1596	
789	1240	
1240	789	
672	2456	
2456	672	
2670	2679	
2679	2670	
1697	2253	
2253	1697	
1308	1627	
1627	1308	
1542	1943	
1943	1542	
1335	2087	
2087	1335	
1004	1810	
1810	1004	
423	525	
525	423	
1261	2130	
2130	1261	
1599	2441	
2441	1599	
330	1505	
1505	330	
470	652	
652	470	
1533	2671	
2671	1533	
465	896	
896	465	
1684	2513	
2513	1684	
1663	2577	
2577	1663	
579	1134	
1134	579	
2083	2168	
2168	2083	
930	2569	
2569	930	
2634	2635	
2635	2634	
1573	2698	
2698	1573	
1000	1325	
1325	1000	
1423	1692	
1692	1423	
1351	2134	
2134	1351	
104	2210	
2210	104	
1278	2268	
2268	1278	
272	2012	
2012	272	
372	2377	
2377	372	
2021	2418	
2418	2021	
1642	2657	
2657	1642	
1321	2501	
2501	1321	
124	2478	
2478	124	
32	1973	
1973	32	
2674	2675	
2675	2674	
1252	2656	
2656	1252	
566	1907	
1907	566	
578	1105	
1105	578	
946	2623	
2623	946	
853	1762	
1762	853	
339	813	
813	339	
482	2307	
2307	482	
910	2085	
2085	910	
225	2255	
2255	225	
111	2643	
2643	111	
1378	1544	
1544	1378	
2220	2221	
2221	2220	
1164	1287	
1287	1164	
1337	2045	
2045	1337	
2240	2399	
2399	2240	
680	2199	
2199	680	
706	2645	
2645	706	
842	2016	
2016	842	
1602	2072	
2072	1602	
854	1884	
1884	854	
1704	2077	
2077	1704	
499	2458	
2458	499	
395	640	
640	395	
71	206	
206	71	
353	2507	
2507	353	
404	1476	
1476	404	
2516	2517	
2517	2516	
772	908	
908	772	
321	1450	
1450	321	
659	1803	
1803	659	
1239	2611	
2611	1239	
794	1160	
1160	794	
916	1026	
1026	916	
999	1358	
1358	999	
1481	1669	
1669	1481	
1909	2305	
2305	1909	
1447	1928	
1928	1447	
1539	1914	
1914	1539	
978	1358	
1358	978	
1401	1585	
1585	1401	
995	2385	
2385	995	
1973	1974	
1974	1973	
2389	2451	
2451	2389	
1703	1967	
1967	1703	
688	1257	
1257	688	
630	973	
973	630	
1698	2160	
2160	1698	
421	2216	
2216	421	
1540	1628	
1628	1540	
1245	2080	
2080	1245	
62	485	
485	62	
234	2591	
2591	234	
1563	2633	
2633	1563	
2539	2540	
2540	2539	
1758	2466	
2466	1758	
691	2034	
2034	691	
109	2092	
2092	109	
2431	2432	
2432	2431	
1957	2241	
2241	1957	
1155	1229	
1229	1155	
1660	2154	
2154	1660	
2437	2438	
2438	2437	
114	2506	
2506	114	
498	1652	
1652	498	
2494	2495	
2495	2494	
1875	1986	
1986	1875	
1472	1692	
1692	1472	
1679	2140	
2140	1679	
2103	2385	
2385	2103	
216	1701	
1701	216	
601	2229	
2229	601	
1441	1700	
1700	1441	
885	2386	
2386	885	
2131	2133	
2133	2131	
1675	1676	
1676	1675	
2284	2285	
2285	2284	
1392	2212	
2212	1392	
892	1950	
1950	892	
2242	2539	
2539	2242	
1324	2035	
2035	1324	
912	2130	
2130	912	
2401	2434	
2434	2401	
1449	2681	
2681	1449	
1900	2608	
2608	1900	
1483	2208	
2208	1483	
1834	2359	
2359	1834	
214	2194	
2194	214	
238	1828	
1828	238	
1060	1441	
1441	1060	
1052	1701	
1701	1052	
1410	1655	
1655	1410	
1718	2685	
2685	1718	
197	2412	
2412	197	
122	2455	
2455	122	
855	2493	
2493	855	
874	1701	
1701	874	
733	2301	
2301	733	
1591	2541	
2541	1591	
1440	1701	
1701	1440	
68	391	
391	68	
631	2358	
2358	631	
1019	1457	
1457	1019	
1171	1855	
1855	1171	
1741	2593	
2593	1741	
561	1016	
1016	561	
460	2532	
2532	460	
1856	2096	
2096	1856	
810	1068	
1068	810	
425	2466	
2466	425	
942	1924	
1924	942	
765	1147	
1147	765	
575	2283	
2283	575	
1676	1975	
1975	1676	
719	1810	
1810	719	
1168	1955	
1955	1168	
1731	1755	
1755	1731	
758	2492	
2492	758	
228	322	
322	228	
636	2233	
2233	636	
1268	1929	
1929	1268	
1451	2564	
2564	1451	
577	2354	
2354	577	
967	2659	
2659	967	
793	1903	
1903	793	
219	507	
507	219	
1581	1819	
1819	1581	
1125	2332	
2332	1125	
2233	2291	
2291	2233	
748	1374	
1374	748	
178	833	
833	178	
1605	1950	
1950	1605	
1126	1823	
1823	1126	
1808	1810	
1810	1808	
775	2075	
2075	775	
345	833	
833	345	
1430	1718	
1718	1430	
1474	2335	
2335	1474	
1029	2166	
2166	1029	
886	1400	
1400	886	
555	1463	
1463	555	
1260	1559	
1559	1260	
1331	1576	
1576	1331	
127	2604	
2604	127	
44	2701	
2701	44	
1983	2034	
2034	1983	
2281	2405	
2405	2281	
702	2101	
2101	702	
1100	1701	
1701	1100	
1023	1701	
1701	1023	
570	2430	
2430	570	
2100	2101	
2101	2100	
613	1358	
1358	613	
769	1927	
1927	769	
2624	2701	
2701	2624	
1376	2232	
2232	1376	
1622	2425	
2425	1622	
433	756	
756	433	
1043	2309	
2309	1043	
2127	2130	
2130	2127	
1053	1405	
1405	1053	
154	2525	
2525	154	
1513	1830	
1830	1513	
1701	1861	
1861	1701	
1654	2034	
2034	1654	
130	2017	
2017	130	
1262	1509	
1509	1262	
11	1655	
1655	11	
833	2595	
2595	833	
259	2537	
2537	259	
1134	2296	
2296	1134	
1001	2662	
2662	1001	
1545	2248	
2248	1545	
786	947	
947	786	
363	1003	
1003	363	
1209	1737	
1737	1209	
568	1223	
1223	568	
474	1181	
1181	474	
485	2219	
2219	485	
2654	2655	
2655	2654	
972	2579	
2579	972	
971	1650	
1650	971	
2160	2161	
2161	2160	
288	618	
618	288	
283	1559	
1559	283	
190	491	
491	190	
1087	2434	
2434	1087	
569	2512	
2512	569	
869	1440	
1440	869	
1980	2405	
2405	1980	
1867	2117	
2117	1867	
431	2695	
2695	431	
264	1826	
1826	264	
2601	2609	
2609	2601	
1123	1358	
1358	1123	
1116	1223	
1223	1116	
1677	1908	
1908	1677	
1779	2318	
2318	1779	
544	2347	
2347	544	
1026	2531	
2531	1026	
1723	1724	
1724	1723	
2539	2632	
2632	2539	
31	1594	
1594	31	
762	2448	
2448	762	
720	1441	
1441	720	
1890	2130	
2130	1890	
656	2090	
2090	656	
2128	2129	
2129	2128	
661	1883	
1883	661	
1960	2491	
2491	1960	
1081	2563	
2563	1081	
925	1222	
1222	925	
1180	1304	
1304	1180	
1579	2029	
2029	1579	
1414	2270	
2270	1414	
1461	2248	
2248	1461	
780	2341	
2341	780	
2173	2174	
2174	2173	
253	1413	
1413	253	
414	711	
711	414	
83	2581	
2581	83	
1177	1542	
1542	1177	
2221	2507	
2507	2221	
476	1140	
1140	476	
2157	2159	
2159	2157	
1055	1577	
1577	1055	
1565	2365	
2365	1565	
591	1078	
1078	591	
1601	1750	
1750	1601	
1131	1930	
1930	1131	
1948	1950	
1950	1948	
1062	1810	
1810	1062	
1946	1950	
1950	1946	
2212	2216	
2216	2212	
1574	1986	
1986	1574	
1361	1528	
1528	1361	
47	163	
163	47	
551	2388	
2388	551	
2046	2048	
2048	2046	
44	1582	
1582	44	
829	1816	
1816	829	
2008	2301	
2301	2008	
1441	2271	
2271	1441	
1713	1898	
1898	1713	
1344	2315	
2315	1344	
2594	2680	
2680	2594	
1530	2240	
2240	1530	
1088	1089	
1089	1088	
802	1307	
1307	802	
793	2592	
2592	793	
382	1203	
1203	382	
2168	2169	
2169	2168	
1185	2589	
2589	1185	
1807	2034	
2034	1807	
2039	2042	
2042	2039	
1146	2254	
2254	1146	
2177	2367	
2367	2177	
1004	1489	
1489	1004	
2297	2298	
2298	2297	
1630	2227	
2227	1630	
2444	2503	
2503	2444	
721	1034	
1034	721	
311	1132	
1132	311	
2157	2158	
2158	2157	
1547	2169	
2169	1547	
1486	1745	
1745	1486	
3	2544	
2544	3	
1692	2302	
2302	1692	
1212	1701	
1701	1212	
675	2356	
2356	675	
1113	1650	
1650	1113	
1391	1693	
1693	1391	
96	2217	
2217	96	
393	739	
739	393	
1562	1765	
1765	1562	
2170	2171	
2171	2170	
968	1603	
1603	968	
1986	2007	
2007	1986	
1887	1888	
1888	1887	
1927	1929	
1929	1927	
1531	1889	
1889	1531	
1929	2034	
2034	1929	
2473	2648	
2648	2473	
1584	1798	
1798	1584	
319	1205	
1205	319	
653	1231	
1231	653	
1928	2475	
2475	1928	
420	1869	
1869	420	
479	1880	
1880	479	
755	1277	
1277	755	
606	2361	
2361	606	
187	1208	
1208	187	
987	1175	
1175	987	
1328	2160	
2160	1328	
1792	2485	
2485	1792	
85	2488	
2488	85	
1917	2457	
2457	1917	
1160	2268	
2268	1160	
2009	2025	
2025	2009	
2305	2306	
2306	2305	
1897	1903	
1903	1897	
1987	2509	
2509	1987	
1873	1986	
1986	1873	
161	2010	
2010	161	
1519	2640	
2640	1519	
1310	2692	
2692	1310	
1701	1854	
1854	1701	
582	2548	
2548	582	
1290	2258	
2258	1290	
221	817	
817	221	
1386	2571	
2571	1386	
1701	1872	
1872	1701	
974	1496	
1496	974	
1187	1188	
1188	1187	
390	1108	
1108	390	
2172	2182	
2182	2172	
1432	2663	
2663	1432	
2241	2242	
2242	2241	
620	923	
923	620	
1213	1290	
1290	1213	
1350	1443	
1443	1350	
1550	2083	
2083	1550	
250	2429	
2429	250	
1726	2168	
2168	1726	
1255	2248	
2248	1255	
1572	1776	
1776	1572	
1642	2658	
2658	1642	
2123	2380	
2380	2123	
1512	2145	
2145	1512	
1685	2083	
2083	1685	
2135	2282	
2282	2135	
1635	2383	
2383	1635	
305	1416	
1416	305	
210	1626	
1626	210	
1033	2168	
2168	1033	
1036	2562	
2562	1036	
2031	2436	
2436	2031	
1366	2248	
2248	1366	
1515	2234	
2234	1515	
226	1701	
1701	226	
661	1028	
1028	661	
442	2362	
2362	442	
2027	2360	
2360	2027	
1623	1774	
1774	1623	
1826	1829	
1829	1826	
1932	1936	
1936	1932	
1564	1772	
1772	1564	
977	1281	
1281	977	
2231	2292	
2292	2231	
1815	1950	
1950	1815	
658	2147	
2147	658	
2476	2651	
2651	2476	
585	2526	
2526	585	
1293	2418	
2418	1293	
1553	1827	
1827	1553	
415	966	
966	415	
635	2058	
2058	635	
1959	2621	
2621	1959	
2152	2385	
2385	2152	
1371	1393	
1393	1371	
1165	1593	
1593	1165	
110	1161	
1161	110	
959	2529	
2529	959	
1298	2703	
2703	1298	
2344	2475	
2475	2344	
1751	2596	
2596	1751	
262	1464	
1464	262	
747	1538	
1538	747	
1885	2644	
2644	1885	
799	961	
961	799	
637	1641	
1641	637	
400	1354	
1354	400	
2445	2503	
2503	2445	
241	1441	
1441	241	
2072	2182	
2182	2072	
970	1358	
1358	970	
1688	2671	
2671	1688	
1827	1828	
1828	1827	
1701	1860	
1860	1701	
735	2061	
2061	735	
57	2418	
2418	57	
1023	2568	
2568	1023	
1433	2359	
2359	1433	
1840	2071	
2071	1840	
1250	2507	
2507	1250	
891	2608	
2608	891	
2085	2089	
2089	2085	
440	2179	
2179	440	
1118	1416	
1416	1118	
1806	1809	
1809	1806	
1770	2080	
2080	1770	
1415	2269	
2269	1415	
1618	1789	
1789	1618	
61	2312	
2312	61	
2308	2559	
2559	2308	
2338	2555	
2555	2338	
436	668	
668	436	
1578	2497	
2497	1578	
1833	1834	
1834	1833	
293	2038	
2038	293	
1254	1308	
1308	1254	
960	2650	
2650	960	
1338	1912	
1912	1338	
186	1672	
1672	186	
677	954	
954	677	
1434	1986	
1986	1434	
458	1122	
1122	458	
1471	1646	
1646	1471	
1233	2433	
2433	1233	
1745	2596	
2596	1745	
378	602	
602	378	
1346	1670	
1670	1346	
222	821	
821	222	
2097	2098	
2098	2097	
410	676	
676	410	
1042	2054	
2054	1042	
1013	1849	
1849	1013	
109	236	
236	109	
444	828	
828	444	
687	2359	
2359	687	
371	1553	
1553	371	
306	887	
887	306	
306	1656	
1656	306	
1131	1538	
1538	1131	
109	1661	
1661	109	
1131	2155	
2155	1131	
118	454	
454	118	
1224	2153	
2153	1224	
316	598	
598	316	
218	1020	
1020	218	
574	576	
576	574	
1103	1284	
1284	1103	
1042	1047	
1047	1042	
239	1376	
1376	239	
1362	1914	
1914	1362	
109	610	
610	109	
1119	2124	
2124	1119	
1520	1750	
1750	1520	
436	1979	
1979	436	
356	498	
498	356	
963	1094	
1094	963	
33	698	
698	33	
487	1705	
1705	487	
89	1157	
1157	89	
244	1358	
1358	244	
88	815	
815	88	
1441	1957	
1957	1441	
1022	1962	
1962	1022	
687	1586	
1586	687	
938	2230	
2230	938	
308	350	
350	308	
210	1614	
1614	210	
830	1914	
1914	830	
434	1117	
1117	434	
507	812	
812	507	
261	1479	
1479	261	
306	1072	
1072	306	
306	308	
308	306	
1810	1815	
1815	1810	
1945	1946	
1946	1945	
2034	2130	
2130	2034	
434	1524	
1524	434	
480	687	
687	480	
733	1192	
1192	733	
957	1757	
1757	957	
1309	2102	
2102	1309	
784	1701	
1701	784	
876	2168	
2168	876	
180	790	
790	180	
33	911	
911	33	
109	459	
459	109	
1067	1216	
1216	1067	
823	2221	
2221	823	
671	2025	
2025	671	
1899	1902	
1902	1899	
1358	1765	
1765	1358	
1169	1734	
1734	1169	
320	348	
348	320	
306	1045	
1045	306	
1358	1756	
1756	1358	
567	1262	
1262	567	
466	1305	
1305	466	
119	1549	
1549	119	
1273	2034	
2034	1273	
316	1821	
1821	316	
681	1986	
1986	681	
1408	1826	
1826	1408	
650	2083	
2083	650	
1257	2248	
2248	1257	
487	1798	
1798	487	
440	895	
895	440	
118	1538	
1538	118	
56	1616	
1616	56	
257	2180	
2180	257	
1015	1519	
1519	1015	
1042	1628	
1628	1042	
487	655	
655	487	
149	2025	
2025	149	
1358	1745	
1745	1358	
650	1250	
1250	650	
210	1079	
1079	210	
1224	1526	
1526	1224	
515	2465	
2465	515	
598	845	
845	598	
316	1868	
1868	316	
1810	1817	
1817	1810	
1127	1583	
1583	1127	
598	637	
637	598	
441	1455	
1455	441	
248	1964	
1964	248	
1701	1862	
1862	1701	
608	2080	
2080	608	
251	812	
812	251	
1273	2124	
2124	1273	
1473	2706	
2706	1473	
1742	1749	
1749	1742	
733	1265	
1265	733	
191	1998	
1998	191	
2075	2076	
2076	2075	
733	1682	
1682	733	
1566	2071	
2071	1566	
1986	2006	
2006	1986	
492	956	
956	492	
316	920	
920	316	
88	1882	
1882	88	
1054	1099	
1099	1054	
1327	1328	
1328	1327	
1358	1492	
1492	1358	
553	745	
745	553	
1469	2346	
2346	1469	
74	544	
544	74	
338	1542	
1542	338	
341	1358	
1358	341	
598	1573	
1573	598	
1501	2228	
2228	1501	
210	1906	
1906	210	
1358	1732	
1732	1358	
574	2001	
2001	574	
310	1949	
1949	310	
1158	1635	
1635	1158	
257	1388	
1388	257	
1358	1752	
1752	1358	
918	2065	
2065	918	
1358	1758	
1758	1358	
1012	1681	
1681	1012	
415	2182	
2182	415	
36	2094	
2094	36	
1628	2055	
2055	1628	
1185	2349	
2349	1185	
1007	1154	
1154	1007	
249	1884	
1884	249	
1655	1894	
1894	1655	
748	1145	
1145	748	
1072	1805	
1805	1072	
638	924	
924	638	
1717	2560	
2560	1717	
306	542	
542	306	
2367	2369	
2369	2367	
1358	1714	
1714	1358	
779	1914	
1914	779	
915	2597	
2597	915	
415	1174	
1174	415	
236	2046	
2046	236	
1609	1912	
1912	1609	
458	1276	
1276	458	
1224	2151	
2151	1224	
490	826	
826	490	
702	1637	
1637	702	
332	2122	
2122	332	
88	2015	
2015	88	
118	1690	
1690	118	
1095	1810	
1810	1095	
415	1309	
1309	415	
505	1448	
1448	505	
59	580	
580	59	
1224	1660	
1660	1224	
733	1062	
1062	733	
299	2383	
2383	299	
702	779	
779	702	
2243	2245	
2245	2243	
73	1035	
1035	73	
2034	2039	
2039	2034	
1682	2319	
2319	1682	
733	2303	
2303	733	
2075	2667	
2667	2075	
708	2212	
2212	708	
729	1221	
1221	729	
761	1401	
1401	761	
1072	1803	
1803	1072	
851	1309	
1309	851	
733	2304	
2304	733	
704	2113	
2113	704	
310	990	
990	310	
36	2107	
2107	36	
1050	1569	
1569	1050	
88	2014	
2014	88	
760	1426	
1426	760	
65	2419	
2419	65	
1257	2518	
2518	1257	
519	1346	
1346	519	
948	1681	
1681	948	
833	1130	
1130	833	
1103	1358	
1358	1103	
75	84	
84	75	
1628	2172	
2172	1628	
1801	2451	
2451	1801	
2228	2394	
2394	2228	
158	1701	
1701	158	
56	412	
412	56	
1367	1656	
1656	1367	
525	2183	
2183	525	
377	1265	
1265	377	
1154	1714	
1714	1154	
95	2197	
2197	95	
446	903	
903	446	
480	598	
598	480	
306	1651	
1651	306	
1464	1683	
1683	1464	
318	563	
563	318	
752	957	
957	752	
1041	2390	
2390	1041	
945	1072	
1072	945	
1050	1342	
1342	1050	
733	1818	
1818	733	
1358	1712	
1712	1358	
172	756	
756	172	
33	1051	
1051	33	
121	2252	
2252	121	
148	378	
378	148	
1110	2025	
2025	1110	
107	971	
971	107	
1435	2059	
2059	1435	
757	1284	
1284	757	
454	973	
973	454	
745	1986	
1986	745	
989	2285	
2285	989	
48	2206	
2206	48	
397	2329	
2329	397	
88	1309	
1309	88	
73	876	
876	73	
215	1986	
1986	215	
1538	1842	
1842	1538	
1428	2524	
2524	1428	
88	415	
415	88	
306	1856	
1856	306	
1119	1663	
1663	1119	
695	1012	
1012	695	
1229	1627	
1627	1229	
687	1033	
1033	687	
412	1616	
1616	412	
95	1535	
1535	95	
1721	1761	
1761	1721	
957	1685	
1685	957	
1889	2130	
2130	1889	
1463	2132	
2132	1463	
1629	1711	
1711	1629	
1214	1499	
1499	1214	
748	1103	
1103	748	
471	1013	
1013	471	
454	581	
581	454	
963	1141	
1141	963	
2034	2040	
2040	2034	
598	1875	
1875	598	
51	2215	
2215	51	
1408	1553	
1553	1408	
51	457	
457	51	
962	1810	
1810	962	
734	1841	
1841	734	
306	1009	
1009	306	
359	389	
389	359	
357	657	
657	357	
1416	1922	
1922	1416	
306	2090	
2090	306	
604	1652	
1652	604	
383	733	
733	383	
577	1129	
1129	577	
306	1805	
1805	306	
1003	1373	
1373	1003	
1015	1143	
1143	1015	
1810	1818	
1818	1810	
1013	1847	
1847	1013	
466	970	
970	466	
1420	1421	
1421	1420	
158	2034	
2034	158	
104	401	
401	104	
669	1086	
1086	669	
133	1623	
1623	133	
779	1370	
1370	779	
95	2199	
2199	95	
109	2095	
2095	109	
1121	1410	
1410	1121	
95	734	
734	95	
505	2083	
2083	505	
482	2308	
2308	482	
1416	1924	
1924	1416	
1007	1742	
1742	1007	
733	2291	
2291	733	
1358	1715	
1715	1358	
370	1408	
1408	370	
88	1527	
1527	88	
767	1701	
1701	767	
182	997	
997	182	
436	1978	
1978	436	
1505	1552	
1552	1505	
742	1483	
1483	742	
1479	1894	
1894	1479	
2001	2335	
2335	2001	
1964	1966	
1966	1964	
580	2444	
2444	580	
196	429	
429	196	
1623	1771	
1771	1623	
1358	1565	
1565	1358	
1289	1622	
1622	1289	
998	1431	
1431	998	
514	1882	
1882	514	
1487	1501	
1501	1487	
749	1333	
1333	749	
1169	1358	
1358	1169	
1241	1701	
1701	1241	
332	2615	
2615	332	
1358	1726	
1726	1358	
902	1604	
1604	902	
1135	2248	
2248	1135	
25	2317	
2317	25	
306	958	
958	306	
837	2248	
2248	837	
121	589	
589	121	
349	465	
465	349	
1623	1780	
1780	1623	
230	1810	
1810	230	
800	1834	
1834	800	
833	1678	
1678	833	
1240	2237	
2237	1240	
588	698	
698	588	
1151	2570	
2570	1151	
877	1176	
1176	877	
1413	1935	
1935	1413	
1889	1890	
1890	1889	
604	1351	
1351	604	
285	502	
502	285	
172	240	
240	172	
27	2360	
2360	27	
962	1062	
1062	962	
1903	1960	
1960	1903	
109	318	
318	109	
255	1343	
1343	255	
1358	1718	
1718	1358	
415	2178	
2178	415	
2026	2096	
2096	2026	
429	523	
523	429	
435	1912	
1912	435	
159	180	
180	159	
465	1869	
1869	465	
897	1152	
1152	897	
1257	2671	
2671	1257	
294	306	
306	294	
1469	2349	
2349	1469	
88	851	
851	88	
553	1127	
1127	553	
217	2473	
2473	217	
306	1798	
1798	306	
270	2280	
2280	270	
354	659	
659	354	
856	1390	
1390	856	
306	1193	
1193	306	
478	514	
514	478	
525	1540	
1540	525	
526	1742	
1742	526	
1300	2508	
2508	1300	
733	1329	
1329	733	
271	2498	
2498	271	
88	1288	
1288	88	
102	1623	
1623	102	
403	464	
464	403	
1131	1500	
1500	1131	
1135	2671	
2671	1135	
456	525	
525	456	
734	1388	
1388	734	
801	2516	
2516	801	
736	2197	
2197	736	
1776	2078	
2078	1776	
1015	2262	
2262	1015	
492	1533	
1533	492	
962	1806	
1806	962	
708	2216	
2216	708	
1138	2248	
2248	1138	
48	1666	
1666	48	
371	2375	
2375	371	
75	2223	
2223	75	
510	1131	
1131	510	
54	401	
401	54	
437	1495	
1495	437	
1628	1635	
1635	1628	
438	718	
718	438	
109	133	
133	109	
1555	1953	
1953	1555	
1416	1926	
1926	1416	
111	1358	
1358	111	
1810	1823	
1823	1810	
1358	1725	
1725	1358	
1505	1801	
1801	1505	
1377	2388	
2388	1377	
665	2120	
2120	665	
436	1039	
1039	436	
1358	1716	
1716	1358	
90	817	
817	90	
137	2329	
2329	137	
341	2045	
2045	341	
51	710	
710	51	
284	2222	
2222	284	
1558	2339	
2339	1558	
174	1742	
1742	174	
368	1545	
1545	368	
453	2305	
2305	453	
267	670	
670	267	
515	1102	
1102	515	
603	716	
716	603	
1701	1852	
1852	1701	
519	1670	
1670	519	
1740	2391	
2391	1740	
95	1602	
1602	95	
1396	2109	
2109	1396	
366	745	
745	366	
1020	2077	
2077	1020	
436	1981	
1981	436	
402	1932	
1932	402	
1487	2017	
2017	1487	
20	2270	
2270	20	
1358	1713	
1713	1358	
416	519	
519	416	
734	1006	
1006	734	
778	1370	
1370	778	
535	2392	
2392	535	
232	1701	
1701	232	
152	884	
884	152	
17	927	
927	17	
440	725	
725	440	
306	1779	
1779	306	
429	1889	
1889	429	
199	1869	
1869	199	
957	1358	
1358	957	
1300	1941	
1941	1300	
973	1583	
1583	973	
1477	2066	
2066	1477	
258	1401	
1401	258	
1986	1991	
1991	1986	
565	1528	
1528	565	
1072	1798	
1798	1072	
310	1948	
1948	310	
729	2534	
2534	729	
65	1156	
1156	65	
482	790	
790	482	
1072	1784	
1784	1072	
266	2227	
2227	266	
565	1610	
1610	565	
531	2308	
2308	531	
603	2045	
2045	603	
1623	1772	
1772	1623	
661	1885	
1885	661	
25	1301	
1301	25	
95	1303	
1303	95	
1701	1876	
1876	1701	
595	2176	
2176	595	
118	2165	
2165	118	
901	2186	
2186	901	
735	739	
739	735	
220	376	
376	220	
1842	1980	
1980	1842	
384	1623	
1623	384	
167	1056	
1056	167	
661	1878	
1878	661	
519	1998	
1998	519	
2222	2224	
2224	2222	
218	2594	
2594	218	
580	744	
744	580	
505	1180	
1180	505	
2671	2674	
2674	2671	
565	1038	
1038	565	
1224	1341	
1341	1224	
1349	2684	
2684	1349	
889	1830	
1830	889	
109	1624	
1624	109	
1040	1358	
1358	1040	
442	2120	
2120	442	
537	2192	
2192	537	
1703	1966	
1966	1703	
120	483	
483	120	
15	2367	
2367	15	
1986	1996	
1996	1986	
681	1445	
1445	681	
1171	1295	
1295	1171	
537	1698	
1698	537	
231	1868	
1868	231	
661	1881	
1881	661	
120	2405	
2405	120	
151	1986	
1986	151	
246	1358	
1358	246	
767	873	
873	767	
444	2464	
2464	444	
109	426	
426	109	
604	1914	
1914	604	
349	2427	
2427	349	
1128	2275	
2275	1128	
74	1416	
1416	74	
505	1779	
1779	505	
859	2096	
2096	859	
451	671	
671	451	
306	2088	
2088	306	
277	973	
973	277	
364	1358	
1358	364	
1072	1478	
1478	1072	
59	105	
105	59	
901	2199	
2199	901	
109	2094	
2094	109	
107	541	
541	107	
434	2408	
2408	434	
39	1532	
1532	39	
1912	2102	
2102	1912	
180	2076	
2076	180	
507	1300	
1300	507	
1636	1701	
1701	1636	
59	1725	
1725	59	
836	1013	
1013	836	
490	1309	
1309	490	
1013	2045	
2045	1013	
1224	2152	
2152	1224	
1191	2241	
2241	1191	
1546	1804	
1804	1546	
1072	1262	
1262	1072	
67	540	
540	67	
694	2516	
2516	694	
1013	1848	
1848	1013	
733	2268	
2268	733	
132	379	
379	132	
359	1483	
1483	359	
269	321	
321	269	
603	795	
795	603	
172	1692	
1692	172	
59	615	
615	59	
18	1560	
1560	18	
124	1622	
1622	124	
1358	1724	
1724	1358	
454	1917	
1917	454	
888	1475	
1475	888	
89	1094	
1094	89	
109	1769	
1769	109	
661	935	
935	661	
1469	1498	
1498	1469	
645	950	
950	645	
1652	1972	
1972	1652	
266	2229	
2229	266	
251	507	
507	251	
246	1687	
1687	246	
514	1978	
1978	514	
1296	1913	
1913	1296	
444	623	
623	444	
603	1248	
1248	603	
33	588	
588	33	
377	2291	
2291	377	
1711	1731	
1731	1711	
496	596	
596	496	
609	1041	
1041	609	
644	2177	
2177	644	
48	1031	
1031	48	
1655	1839	
1839	1655	
1101	1242	
1242	1101	
1224	1525	
1525	1224	
99	122	
122	99	
577	849	
849	577	
953	2565	
2565	953	
26	2455	
2455	26	
1772	1782	
1782	1772	
442	627	
627	442	
540	1441	
1441	540	
1367	1584	
1584	1367	
889	1831	
1831	889	
81	2180	
2180	81	
945	1512	
1512	945	
120	514	
514	120	
683	834	
834	683	
901	1042	
1042	901	
1171	1909	
1909	1171	
434	2133	
2133	434	
39	1965	
1965	39	
407	409	
409	407	
1273	2129	
2129	1273	
368	1194	
1194	368	
1136	1189	
1189	1136	
1013	1841	
1841	1013	
552	1169	
1169	552	
621	2018	
2018	621	
408	525	
525	408	
371	720	
720	371	
733	1160	
1160	733	
103	1790	
1790	103	
65	239	
239	65	
231	551	
551	231	
1336	2033	
2033	1336	
203	1115	
1115	203	
868	2099	
2099	868	
1914	2388	
2388	1914	
558	1189	
1189	558	
284	2224	
2224	284	
399	544	
544	399	
676	1955	
1955	676	
1358	1717	
1717	1358	
725	1652	
1652	725	
837	2670	
2670	837	
726	2671	
2671	726	
1035	1486	
1486	1035	
1214	1716	
1716	1214	
1359	1464	
1464	1359	
1742	2444	
2444	1742	
506	1914	
1914	506	
898	1835	
1835	898	
1810	1821	
1821	1810	
113	1884	
1884	113	
415	525	
525	415	
627	2238	
2238	627	
89	1653	
1653	89	
877	1177	
1177	877	
239	1909	
1909	239	
426	1772	
1772	426	
2259	2335	
2335	2259	
368	2249	
2249	368	
1131	1215	
1215	1131	
160	2000	
2000	160	
306	656	
656	306	
104	864	
864	104	
310	352	
352	310	
438	1667	
1667	438	
1500	2185	
2185	1500	
306	417	
417	306	
249	621	
621	249	
306	2046	
2046	306	
645	1358	
1358	645	
760	1513	
1513	760	
863	1160	
1160	863	
162	323	
323	162	
1402	1919	
1919	1402	
436	885	
885	436	
1848	1909	
1909	1848	
202	1173	
1173	202	
383	1704	
1704	383	
1608	2126	
2126	1608	
415	1847	
1847	415	
1725	1740	
1740	1725	
65	1293	
1293	65	
316	1297	
1297	316	
189	564	
564	189	
310	1581	
1581	310	
306	973	
973	306	
337	1776	
1776	337	
735	2062	
2062	735	
306	476	
476	306	
1358	1734	
1734	1358	
1119	2128	
2128	1119	
306	719	
719	306	
1202	2376	
2376	1202	
519	1986	
1986	519	
1110	1120	
1120	1110	
546	2127	
2127	546	
73	1136	
1136	73	
1986	2002	
2002	1986	
1701	1864	
1864	1701	
215	1701	
1701	215	
318	1701	
1701	318	
175	955	
955	175	
24	598	
598	24	
1154	1715	
1715	1154	
277	696	
696	277	
167	2482	
2482	167	
1901	2286	
2286	1901	
24	1636	
1636	24	
686	2366	
2366	686	
279	304	
304	279	
1163	1402	
1402	1163	
118	255	
255	118	
562	1483	
1483	562	
580	1758	
1758	580	
798	1795	
1795	798	
1416	1925	
1925	1416	
77	1803	
1803	77	
1542	1577	
1577	1542	
428	2248	
2248	428	
1358	1744	
1744	1358	
154	1238	
1238	154	
251	1542	
1542	251	
1395	2267	
2267	1395	
598	1100	
1100	598	
1655	1842	
1842	1655	
1128	1954	
1954	1128	
21	2310	
2310	21	
1542	1935	
1935	1542	
73	558	
558	73	
1358	1761	
1761	1358	
323	2022	
2022	323	
776	1542	
1542	776	
1674	1914	
1914	1674	
133	2045	
2045	133	
595	1256	
1256	595	
734	751	
751	734	
415	1843	
1843	415	
1647	2209	
2209	1647	
408	2056	
2056	408	
1348	1810	
1810	1348	
1944	1946	
1946	1944	
616	1358	
1358	616	
897	1494	
1494	897	
309	383	
383	309	
392	2269	
2269	392	
89	1087	
1087	89	
792	2555	
2555	792	
861	2330	
2330	861	
1131	2282	
2282	1131	
360	1824	
1824	360	
26	123	
123	26	
1996	2063	
2063	1996	
236	306	
306	236	
255	2112	
2112	255	
503	576	
576	503	
1737	2616	
2616	1737	
118	554	
554	118	
218	1382	
1382	218	
1810	1822	
1822	1810	
979	1957	
1957	979	
444	582	
582	444	
454	2022	
2022	454	
626	2556	
2556	626	
558	1706	
1706	558	
895	1187	
1187	895	
1566	1895	
1895	1566	
374	846	
846	374	
368	2393	
2393	368	
146	897	
897	146	
1701	1869	
1869	1701	
953	2567	
2567	953	
1248	1651	
1651	1248	
426	1782	
1782	426	
103	139	
139	103	
1257	2679	
2679	1257	
1682	2320	
2320	1682	
1889	2039	
2039	1889	
727	1386	
1386	727	
1951	1952	
1952	1951	
306	1802	
1802	306	
1045	1773	
1773	1045	
146	2059	
2059	146	
306	2091	
2091	306	
770	1894	
1894	770	
1111	1273	
1273	1111	
154	364	
364	154	
61	1309	
1309	61	
401	733	
733	401	
1623	1770	
1770	1623	
598	1473	
1473	598	
427	565	
565	427	
1592	2485	
2485	1592	
118	1616	
1616	118	
1412	1743	
1743	1412	
133	399	
399	133	
356	1259	
1259	356	
1768	2325	
2325	1768	
682	973	
973	682	
426	1805	
1805	426	
107	1113	
1113	107	
702	993	
993	702	
2095	2145	
2145	2095	
628	1169	
1169	628	
1185	2358	
2358	1185	
157	1870	
1870	157	
1951	2206	
2206	1951	
59	1067	
1067	59	
647	1360	
1360	647	
1952	2204	
2204	1952	
94	195	
195	94	
236	2078	
2078	236	
448	1826	
1826	448	
541	904	
904	541	
921	1914	
1914	921	
492	1257	
1257	492	
1131	1909	
1909	1131	
979	1303	
1303	979	
1075	1124	
1124	1075	
735	1881	
1881	735	
298	607	
607	298	
1012	1797	
1797	1012	
867	2440	
2440	867	
1810	1811	
1811	1810	
1358	1709	
1709	1358	
1325	2063	
2063	1325	
737	2136	
2136	737	
350	2084	
2084	350	
965	2197	
2197	965	
580	1765	
1765	580	
33	286	
286	33	
444	2289	
2289	444	
583	2225	
2225	583	
1035	1801	
1801	1035	
1147	1598	
1598	1147	
301	1169	
1169	301	
558	876	
876	558	
368	996	
996	368	
1906	1907	
1907	1906	
640	765	
765	640	
1042	1925	
1925	1042	
91	2123	
2123	91	
1526	2425	
2425	1526	
240	756	
756	240	
1207	2464	
2464	1207	
350	1778	
1778	350	
344	441	
441	344	
309	2268	
2268	309	
2249	2671	
2671	2249	
626	1358	
1358	626	
38	429	
429	38	
1216	2446	
2446	1216	
392	1415	
1415	392	
547	598	
598	547	
1535	1916	
1916	1535	
242	1131	
1131	242	
792	1488	
1488	792	
661	807	
807	661	
1317	2220	
2220	1317	
1103	1718	
1718	1103	
534	609	
609	534	
963	1157	
1157	963	
2243	2244	
2244	2243	
1072	1800	
1800	1072	
1178	1984	
1984	1178	
1483	2113	
2113	1483	
1013	1661	
1661	1013	
1101	2148	
2148	1101	
1013	1840	
1840	1013	
650	1557	
1557	650	
614	1475	
1475	614	
52	1467	
1467	52	
541	1360	
1360	541	
1683	1973	
1973	1683	
867	871	
871	867	
788	2033	
2033	788	
443	1010	
1010	443	
1370	1975	
1975	1370	
111	758	
758	111	
325	787	
787	325	
306	1483	
1483	306	
244	565	
565	244	
121	1158	
1158	121	
386	2117	
2117	386	
1143	1618	
1618	1143	
103	608	
608	103	
20	2269	
2269	20	
609	883	
883	609	
1013	1644	
1644	1013	
1196	1367	
1367	1196	
279	1195	
1195	279	
1183	1825	
1825	1183	
1199	1599	
1599	1199	
2	332	
332	2	
481	2291	
2291	481	
1178	1529	
1529	1178	
1358	1757	
1757	1358	
310	1945	
1945	310	
638	893	
893	638	
1554	1657	
1657	1554	
306	1346	
1346	306	
1839	2453	
2453	1839	
448	1824	
1824	448	
645	891	
891	645	
1174	2394	
2394	1174	
1739	2221	
2221	1739	
186	1319	
1319	186	
1049	1894	
1894	1049	
101	281	
281	101	
1026	2034	
2034	1026	
10	476	
476	10	
202	1250	
1250	202	
1567	1654	
1654	1567	
451	935	
935	451	
174	629	
629	174	
591	1423	
1423	591	
580	1358	
1358	580	
35	895	
895	35	
589	1158	
1158	589	
1906	2059	
2059	1906	
603	1873	
1873	603	
1204	1330	
1330	1204	
95	2201	
2201	95	
310	875	
875	310	
346	999	
999	346	
704	1412	
1412	704	
93	950	
950	93	
364	819	
819	364	
135	2095	
2095	135	
453	2306	
2306	453	
306	1158	
1158	306	
1016	2176	
2176	1016	
64	1209	
1209	64	
645	1901	
1901	645	
310	1815	
1815	310	
49	2034	
2034	49	
467	1701	
1701	467	
456	667	
667	456	
30	1416	
1416	30	
616	2365	
2365	616	
95	693	
693	95	
505	843	
843	505	
258	2645	
2645	258	
428	1257	
1257	428	
1709	1739	
1739	1709	
118	2030	
2030	118	
1097	1869	
1869	1097	
1229	2439	
2439	1229	
708	836	
836	708	
644	728	
728	644	
142	1628	
1628	142	
411	1577	
1577	411	
739	1237	
1237	739	
982	2175	
2175	982	
928	1326	
1326	928	
1224	2154	
2154	1224	
1409	1553	
1553	1409	
734	964	
964	734	
1441	1954	
1954	1441	
687	2372	
2372	687	
1042	2198	
2198	1042	
88	737	
737	88	
482	1814	
1814	482	
2	1986	
1986	2	
109	2093	
2093	109	
2290	2464	
2464	2290	
91	330	
330	91	
465	2304	
2304	465	
364	1606	
1606	364	
1070	1470	
1470	1070	
1846	2117	
2117	1846	
860	1758	
1758	860	
1013	1625	
1625	1013	
1086	2247	
2247	1086	
109	1787	
1787	109	
46	1604	
1604	46	
201	570	
570	201	
1623	1767	
1767	1623	
1282	2324	
2324	1282	
1365	1702	
1702	1365	
1103	1760	
1760	1103	
1465	1799	
1799	1465	
55	787	
787	55	
334	1013	
1013	334	
415	818	
818	415	
30	697	
697	30	
310	1272	
1272	310	
218	781	
781	218	
764	1606	
1606	764	
722	1567	
1567	722	
252	973	
973	252	
1330	2068	
2068	1330	
1624	1785	
1785	1624	
1042	2333	
2333	1042	
2442	2614	
2614	2442	
1309	2103	
2103	1309	
306	1245	
1245	306	
88	130	
130	88	
724	1344	
1344	724	
1035	1833	
1833	1035	
436	483	
483	436	
1623	1773	
1773	1623	
1889	2034	
2034	1889	
516	1882	
1882	516	
436	1494	
1494	436	
331	2480	
2480	331	
606	2230	
2230	606	
1013	1521	
1521	1013	
1119	1273	
1273	1119	
964	1388	
1388	964	
398	2177	
2177	398	
1787	2045	
2045	1787	
1427	2446	
2446	1427	
2001	2002	
2002	2001	
118	581	
581	118	
426	487	
487	426	
150	310	
310	150	
649	1457	
1457	649	
1224	2156	
2156	1224	
1396	2394	
2394	1396	
733	1294	
1294	733	
463	1703	
1703	463	
1121	1131	
1131	1121	
1459	2080	
2080	1459	
1015	1425	
1425	1015	
1013	1583	
1583	1013	
783	2376	
2376	783	
836	1343	
1343	836	
1015	1452	
1452	1015	
405	1927	
1927	405	
1502	1503	
1503	1502	
1229	2442	
2442	1229	
403	1037	
1037	403	
1501	2395	
2395	1501	
144	213	
213	144	
191	608	
608	191	
86	429	
429	86	
375	2401	
2401	375	
1914	1919	
1919	1914	
1281	1746	
1746	1281	
816	1980	
1980	816	
1370	2485	
2485	1370	
1013	1842	
1842	1013	
43	963	
963	43	
1986	1998	
1998	1986	
779	1592	
1592	779	
1200	2207	
2207	1200	
1119	2125	
2125	1119	
374	2146	
2146	374	
827	1999	
1999	827	
467	1172	
1172	467	
868	1844	
1844	868	
1952	2205	
2205	1952	
65	1628	
1628	65	
223	1761	
1761	223	
972	1000	
1000	972	
1092	2501	
2501	1092	
1484	2383	
2383	1484	
1022	1961	
1961	1022	
752	2451	
2451	752	
203	857	
857	203	
126	1623	
1623	126	
22	1702	
1702	22	
661	1882	
1882	661	
1725	2413	
2413	1725	
2155	2295	
2295	2155	
30	2162	
2162	30	
263	732	
732	263	
651	2156	
2156	651	
91	2122	
2122	91	
258	1153	
1153	258	
1396	2395	
2395	1396	
13	1701	
1701	13	
1343	1507	
1507	1343	
1119	1235	
1235	1119	
788	1031	
1031	788	
1944	1945	
1945	1944	
2355	2357	
2357	2355	
366	553	
553	366	
563	1337	
1337	563	
407	1681	
1681	407	
2182	2233	
2233	2182	
94	2490	
2490	94	
1420	2396	
2396	1420	
823	1358	
1358	823	
621	1978	
1978	621	
403	2503	
2503	403	
347	423	
423	347	
95	1838	
1838	95	
2181	2202	
2202	2181	
701	739	
739	701	
768	1723	
1723	768	
504	1973	
1973	504	
1692	2187	
2187	1692	
88	1394	
1394	88	
240	1692	
1692	240	
40	507	
507	40	
598	766	
766	598	
1891	2034	
2034	1891	
1136	2554	
2554	1136	
72	1103	
1103	72	
495	1328	
1328	495	
562	2450	
2450	562	
472	1183	
1183	472	
380	477	
477	380	
295	1177	
1177	295	
429	1669	
1669	429	
657	1229	
1229	657	
1169	1719	
1719	1169	
16	1632	
1632	16	
1309	1741	
1741	1309	
175	2388	
2388	175	
1358	1711	
1711	1358	
937	1304	
1304	937	
751	2198	
2198	751	
376	1583	
1583	376	
109	1998	
1998	109	
1441	1619	
1619	1441	
650	819	
819	650	
1835	2160	
2160	1835	
1986	2000	
2000	1986	
139	306	
306	139	
444	515	
515	444	
990	1542	
1542	990	
788	1952	
1952	788	
1358	1444	
1444	1358	
394	577	
577	394	
156	1763	
1763	156	
14	2077	
2077	14	
306	2086	
2086	306	
175	596	
596	175	
748	2553	
2553	748	
92	898	
898	92	
1986	2008	
2008	1986	
2034	2041	
2041	2034	
609	2448	
2448	609	
915	1035	
1035	915	
711	1285	
1285	711	
290	328	
328	290	
2144	2329	
2329	2144	
1336	1797	
1797	1336	
227	883	
883	227	
1240	1702	
1702	1240	
1505	2107	
2107	1505	
858	2182	
2182	858	
180	2004	
2004	180	
1914	1916	
1916	1914	
739	1958	
1958	739	
306	1584	
1584	306	
1671	2137	
2137	1671	
306	581	
581	306	
356	2018	
2018	356	
2124	2126	
2126	2124	
1103	1123	
1123	1103	
1421	1975	
1975	1421	
1462	1663	
1663	1462	
306	329	
329	306	
1149	1358	
1358	1149	
55	1156	
1156	55	
1114	2560	
2560	1114	
1224	1291	
1291	1224	
1358	1721	
1721	1358	
89	1585	
1585	89	
1954	1955	
1955	1954	
310	1947	
1947	310	
471	2013	
2013	471	
2238	2240	
2240	2238	
1229	1254	
1254	1229	
695	1336	
1336	695	
154	326	
326	154	
805	2236	
2236	805	
350	1640	
1640	350	
945	1911	
1911	945	
155	1763	
1763	155	
1739	1750	
1750	1739	
41	175	
175	41	
815	2017	
2017	815	
1336	1452	
1452	1336	
1351	2282	
2282	1351	
1624	1778	
1778	1624	
712	2480	
2480	712	
1368	2553	
2553	1368	
1131	1224	
1224	1131	
1041	1358	
1358	1041	
1111	2129	
2129	1111	
415	1850	
1850	415	
1041	1243	
1243	1041	
985	1073	
1073	985	
2095	2504	
2504	2095	
695	1998	
1998	695	
1701	1846	
1846	1701	
300	415	
415	300	
963	2401	
2401	963	
1369	1530	
1530	1369	
298	1325	
1325	298	
1071	1257	
1257	1071	
306	1771	
1771	306	
464	2445	
2445	464	
936	2515	
2515	936	
2146	2148	
2148	2146	
438	1985	
1985	438	
1119	1462	
1462	1119	
350	2089	
2089	350	
405	738	
738	405	
1283	2324	
2324	1283	
1203	1410	
1410	1203	
327	2063	
2063	327	
143	598	
598	143	
1703	1969	
1969	1703	
693	2108	
2108	693	
470	1097	
1097	470	
128	2270	
2270	128	
702	822	
822	702	
1148	2220	
2220	1148	
314	1623	
1623	314	
1724	2215	
2215	1724	
589	1624	
1624	589	
464	2444	
2444	464	
252	711	
711	252	
537	1593	
1593	537	
1224	1587	
1587	1224	
239	910	
910	239	
536	1894	
1894	536	
124	306	
306	124	
1483	1735	
1735	1483	
622	1952	
1952	622	
24	201	
201	24	
69	1351	
1351	69	
736	1006	
1006	736	
372	1710	
1710	372	
1094	1443	
1443	1094	
59	609	
609	59	
515	623	
623	515	
1015	1788	
1788	1015	
486	2077	
2077	486	
280	2155	
2155	280	
179	231	
231	179	
584	2463	
2463	584	
236	2079	
2079	236	
1554	2688	
2688	1554	
306	1490	
1490	306	
1089	1552	
1552	1089	
736	1388	
1388	736	
1311	1312	
1312	1311	
746	1303	
1303	746	
80	1117	
1117	80	
279	2165	
2165	279	
213	1593	
1593	213	
375	963	
963	375	
591	2472	
2472	591	
1926	2052	
2052	1926	
1725	1745	
1745	1725	
153	236	
236	153	
598	1636	
1636	598	
1657	2688	
2688	1657	
1146	1506	
1506	1146	
622	1002	
1002	622	
306	2084	
2084	306	
792	1986	
1986	792	
459	1623	
1623	459	
74	586	
586	74	
598	1003	
1003	598	
315	423	
423	315	
201	598	
598	201	
1013	1120	
1120	1013	
102	1871	
1871	102	
1085	2110	
2110	1085	
231	387	
387	231	
1986	1999	
1999	1986	
834	876	
876	834	
596	644	
644	596	
1703	1971	
1971	1703	
95	2183	
2183	95	
155	156	
156	155	
441	2094	
2094	441	
1358	1728	
1728	1358	
873	2313	
2313	873	
201	1986	
1986	201	
963	1417	
1417	963	
1102	2290	
2290	1102	
357	2652	
2652	357	
693	763	
763	693	
1348	2163	
2163	1348	
5	2546	
2546	5	
183	1837	
1837	183	
1810	1812	
1812	1810	
687	1721	
1721	687	
911	2376	
2376	911	
24	2139	
2139	24	
1202	1428	
1428	1202	
436	1980	
1980	436	
1072	1799	
1799	1072	
657	1740	
1740	657	
110	2279	
2279	110	
78	1219	
1219	78	
139	910	
910	139	
1787	2143	
2143	1787	
145	1593	
1593	145	
741	831	
831	741	
392	1619	
1619	392	
4	1256	
1256	4	
1015	1481	
1481	1015	
1470	1555	
1555	1470	
236	1572	
1572	236	
26	122	
122	26	
1015	1385	
1385	1015	
449	1280	
1280	449	
507	1941	
1941	507	
1358	1740	
1740	1358	
6	1042	
1042	6	
95	861	
861	95	
429	2043	
2043	429	
18	2082	
2082	18	
95	2054	
2054	95	
281	1347	
1347	281	
73	1358	
1358	73	
541	1896	
1896	541	
424	1203	
1203	424	
1224	1732	
1732	1224	
1249	2556	
2556	1249	
306	554	
554	306	
17	1316	
1316	17	
310	1950	
1950	310	
1914	1920	
1920	1914	
982	1256	
1256	982	
1417	1703	
1703	1417	
317	1785	
1785	317	
82	1634	
1634	82	
1358	1483	
1483	1358	
111	2492	
2492	111	
1301	2140	
2140	1301	
132	1022	
1022	132	
963	1703	
1703	963	
979	1839	
1839	979	
385	2483	
2483	385	
1072	1740	
1740	1072	
962	1665	
1665	962	
872	1542	
1542	872	
586	2155	
2155	586	
973	2153	
2153	973	
59	1358	
1358	59	
1358	1738	
1738	1358	
1235	1462	
1462	1235	
1012	1682	
1682	1012	
112	306	
306	112	
1470	1824	
1824	1470	
994	2309	
2309	994	
391	493	
493	391	
982	2176	
2176	982	
417	1072	
1072	417	
597	1628	
1628	597	
897	1156	
1156	897	
738	2162	
2162	738	
1954	1956	
1956	1954	
364	732	
732	364	
1085	2394	
2394	1085	
201	1701	
1701	201	
796	1103	
1103	796	
371	1415	
1415	371	
1070	1829	
1829	1070	
290	567	
567	290	
1409	1826	
1826	1409	
1810	1819	
1819	1810	
1144	1245	
1245	1144	
1703	1970	
1970	1703	
88	1174	
1174	88	
1131	1133	
1133	1131	
268	2451	
2451	268	
809	2228	
2228	809	
833	2495	
2495	833	
415	1527	
1527	415	
816	2405	
2405	816	
306	1775	
1775	306	
687	1546	
1546	687	
1334	1701	
1701	1334	
39	1522	
1522	39	
145	537	
537	145	
701	735	
735	701	
150	1942	
1942	150	
88	1908	
1908	88	
1251	1623	
1623	1251	
2199	2200	
2200	2199	
1178	1908	
1908	1178	
1278	2305	
2305	1278	
963	2240	
2240	963	
336	1950	
1950	336	
148	381	
381	148	
579	1808	
1808	579	
154	1568	
1568	154	
428	2671	
2671	428	
519	1574	
1574	519	
566	1986	
1986	566	
95	1580	
1580	95	
1701	1859	
1859	1701	
553	1995	
1995	553	
1119	1697	
1697	1119	
24	2141	
2141	24	
478	2024	
2024	478	
350	1782	
1782	350	
1109	2674	
2674	1109	
1549	1901	
1901	1549	
370	1414	
1414	370	
981	1159	
1159	981	
1109	1533	
1533	1109	
169	2706	
2706	169	
379	904	
904	379	
1202	1510	
1510	1202	
973	2016	
2016	973	
1103	1887	
1887	1103	
996	2248	
2248	996	
487	1782	
1782	487	
1359	1914	
1914	1359	
1358	1720	
1720	1358	
1986	2001	
2001	1986	
961	2555	
2555	961	
284	2226	
2226	284	
507	1413	
1413	507	
246	2515	
2515	246	
52	2172	
2172	52	
505	1251	
1251	505	
598	869	
869	598	
142	456	
456	142	
1655	2295	
2295	1655	
1051	2383	
2383	1051	
1107	2379	
2379	1107	
469	2412	
2412	469	
1609	1790	
1790	1609	
827	1921	
1921	827	
687	1610	
1610	687	
1525	1973	
1973	1525	
598	1821	
1821	598	
141	1002	
1002	141	
0	1862	
1862	0	
472	559	
559	472	
1427	1742	
1742	1427	
689	1169	
1169	689	
157	1701	
1701	157	
815	1174	
1174	815	
186	1228	
1228	186	
1272	1947	
1947	1272	
1428	1534	
1534	1428	
853	1358	
1358	853	
732	2685	
2685	732	
90	156	
156	90	
337	1358	
1358	337	
94	675	
675	94	
302	306	
306	302	
1152	2416	
2416	1152	
1292	1317	
1317	1292	
581	1792	
1792	581	
1358	1546	
1546	1358	
109	306	
306	109	
1482	1973	
1973	1482	
979	1503	
1503	979	
395	2367	
2367	395	
401	1065	
1065	401	
524	2476	
2476	524	
75	2225	
2225	75	
744	1154	
1154	744	
1201	2214	
2214	1201	
1072	1797	
1797	1072	
93	2151	
2151	93	
572	2418	
2418	572	
154	1752	
1752	154	
1358	1727	
1727	1358	
1050	2564	
2564	1050	
2124	2127	
2127	2124	
1463	1695	
1695	1463	
963	1785	
1785	963	
1204	1602	
1602	1204	
1120	1583	
1583	1120	
2224	2226	
2226	2224	
657	2522	
2522	657	
160	1986	
1986	160	
501	1358	
1358	501	
553	1583	
1583	553	
1242	2146	
2146	1242	
121	980	
980	121	
402	776	
776	402	
1399	2309	
2309	1399	
2001	2380	
2380	2001	
609	2446	
2446	609	
1701	1866	
1866	1701	
812	1542	
1542	812	
145	213	
213	145	
45	1986	
1986	45	
1443	2399	
2399	1443	
1115	2276	
2276	1115	
1157	2463	
2463	1157	
386	2115	
2115	386	
112	487	
487	112	
1358	1708	
1708	1358	
2181	2196	
2196	2181	
65	543	
543	65	
795	1810	
1810	795	
102	2256	
2256	102	
284	2223	
2223	284	
32	1850	
1850	32	
230	549	
549	230	
364	1756	
1756	364	
963	1443	
1443	963	
584	623	
623	584	
552	1358	
1358	552	
286	442	
442	286	
118	1029	
1029	118	
131	2169	
2169	131	
1358	1568	
1568	1358	
1413	1931	
1931	1413	
1712	1725	
1725	1712	
306	1797	
1797	306	
1335	2090	
2090	1335	
402	507	
507	402	
864	2210	
2210	864	
1226	2528	
2528	1226	
1121	1810	
1810	1121	
490	1131	
1131	490	
211	356	
356	211	
1412	2450	
2450	1412	
643	1167	
1167	643	
1090	1093	
1093	1090	
751	2202	
2202	751	
74	1118	
1118	74	
88	841	
841	88	
1337	1701	
1701	1337	
84	2224	
2224	84	
1388	2181	
2181	1388	
606	1666	
1666	606	
1986	1989	
1989	1986	
598	1301	
1301	598	
164	211	
211	164	
45	733	
733	45	
1194	1366	
1366	1194	
466	1358	
1358	466	
48	2041	
2041	48	
312	1722	
1722	312	
489	2391	
2391	489	
1360	2491	
2491	1360	
73	797	
797	73	
2001	2378	
2378	2001	
306	1772	
1772	306	
102	1561	
1561	102	
565	1723	
1723	565	
1224	1583	
1583	1224	
1396	2228	
2228	1396	
1035	1740	
1740	1035	
1358	1747	
1747	1358	
173	1358	
1358	173	
1199	1566	
1566	1199	
1054	1605	
1605	1054	
1669	1892	
1892	1669	
1701	1865	
1865	1701	
205	1701	
1701	205	
1204	1838	
1838	1204	
807	1955	
1955	807	
17	2140	
2140	17	
203	963	
963	203	
1498	2590	
2590	1498	
1224	1975	
1975	1224	
741	1011	
1011	741	
4	2175	
2175	4	
1812	2034	
2034	1812	
580	1742	
1742	580	
94	2263	
2263	94	
1505	1624	
1624	1505	
1224	2155	
2155	1224	
1017	1475	
1475	1017	
276	1463	
1463	276	
1284	1604	
1604	1284	
139	1623	
1623	139	
394	849	
849	394	
20	1072	
1072	20	
65	771	
771	65	
525	2054	
2054	525	
88	162	
162	88	
71	2691	
2691	71	
228	1358	
1358	228	
55	651	
651	55	
2045	2047	
2047	2045	
326	1358	
1358	326	
415	593	
593	415	
1169	1720	
1720	1169	
1429	1534	
1534	1429	
2074	2181	
2181	2074	
1378	2150	
2150	1378	
138	1776	
1776	138	
1358	1516	
1516	1358	
734	2056	
2056	734	
306	1705	
1705	306	
1623	1779	
1779	1623	
897	2295	
2295	897	
1218	2116	
2116	1218	
1098	2066	
2066	1098	
306	1572	
1572	306	
1889	1891	
1891	1889	
2034	2035	
2035	2034	
778	1224	
1224	778	
716	2409	
2409	716	
1588	2055	
2055	1588	
452	1623	
1623	452	
316	1073	
1073	316	
310	1944	
1944	310	
194	1451	
1451	194	
1542	1939	
1939	1542	
998	2365	
2365	998	
1402	1482	
1482	1402	
43	2400	
2400	43	
1249	1483	
1483	1249	
548	1937	
1937	548	
1282	1735	
1735	1282	
704	969	
969	704	
68	1358	
1358	68	
1558	1986	
1986	1558	
525	2057	
2057	525	
778	1919	
1919	778	
153	306	
306	153	
109	1779	
1779	109	
875	1945	
1945	875	
1022	1963	
1963	1022	
524	552	
552	524	
973	2019	
2019	973	
55	2020	
2020	55	
898	1836	
1836	898	
756	1692	
1692	756	
477	930	
930	477	
324	827	
827	324	
27	606	
606	27	
110	567	
567	110	
118	446	
446	118	
565	1398	
1398	565	
41	644	
644	41	
1487	2137	
2137	1487	
350	406	
406	350	
800	820	
820	800	
8	1996	
1996	8	
1000	2543	
2543	1000	
955	1482	
1482	955	
539	2155	
2155	539	
1221	1577	
1577	1221	
437	498	
498	437	
409	1624	
1624	409	
108	1647	
1647	108	
441	454	
454	441	
2164	2217	
2217	2164	
95	736	
736	95	
85	1065	
1065	85	
1483	2083	
2083	1483	
196	442	
442	196	
1475	2470	
2470	1475	
442	1051	
1051	442	
771	1080	
1080	771	
1133	2185	
2185	1133	
735	1237	
1237	735	
1665	1701	
1701	1665	
577	906	
906	577	
1413	1932	
1932	1413	
650	1756	
1756	650	
549	1497	
1497	549	
591	1017	
1017	591	
754	1483	
1483	754	
1973	1976	
1976	1973	
109	1045	
1045	109	
399	1769	
1769	399	
403	2654	
2654	403	
254	1211	
1211	254	
640	1090	
1090	640	
1269	1314	
1314	1269	
722	2500	
2500	722	
236	2045	
2045	236	
758	1358	
1358	758	
160	743	
743	160	
1505	1788	
1788	1505	
1339	1753	
1753	1339	
1856	2045	
2045	1856	
1399	2227	
2227	1399	
1377	2070	
2070	1377	
119	379	
379	119	
310	1241	
1241	310	
544	2052	
2052	544	
745	1127	
1127	745	
651	1984	
1984	651	
470	1115	
1115	470	
617	2034	
2034	617	
2115	2519	
2519	2115	
429	2001	
2001	429	
695	948	
948	695	
191	1791	
1791	191	
529	2260	
2260	529	
315	408	
408	315	
374	2147	
2147	374	
797	1833	
1833	797	
519	836	
836	519	
1278	2306	
2306	1278	
397	1096	
1096	397	
1064	2351	
2351	1064	
1781	2107	
2107	1781	
118	388	
388	118	
139	2045	
2045	139	
765	2367	
2367	765	
1015	1618	
1618	1015	
151	2238	
2238	151	
1614	1671	
1671	1614	
645	1899	
1899	645	
407	695	
695	407	
1395	2072	
2072	1395	
969	1483	
1483	969	
1957	2630	
2630	1957	
871	1229	
1229	871	
706	1240	
1240	706	
509	2146	
2146	509	
1474	2261	
2261	1474	
596	1914	
1914	596	
1794	1796	
1796	1794	
299	2387	
2387	299	
202	1345	
1345	202	
53	1739	
1739	53	
1382	2283	
2283	1382	
2040	2122	
2122	2040	
868	1195	
1195	868	
887	1623	
1623	887	
1662	1666	
1666	1662	
65	2418	
2418	65	
1358	1754	
1754	1358	
989	1507	
1507	989	
379	1959	
1959	379	
1662	2398	
2398	1662	
1358	1723	
1723	1358	
791	2130	
2130	791	
996	1257	
1257	996	
1256	2175	
2175	1256	
651	885	
885	651	
918	1542	
1542	918	
610	2481	
2481	610	
1453	1701	
1701	1453	
1023	1986	
1986	1023	
122	2454	
2454	122	
963	2434	
2434	963	
457	2215	
2215	457	
756	1472	
1472	756	
372	626	
626	372	
524	1358	
1358	524	
93	1495	
1495	93	
905	1483	
1483	905	
509	1101	
1101	509	
616	2503	
2503	616	
691	2130	
2130	691	
109	519	
519	109	
1508	1894	
1894	1508	
1725	2596	
2596	1725	
180	791	
791	180	
273	846	
846	273	
1902	1903	
1903	1902	
1047	2333	
2333	1047	
94	2357	
2357	94	
217	2474	
2474	217	
1986	1987	
1987	1986	
1784	2096	
2096	1784	
441	1537	
1537	441	
8	281	
281	8	
87	842	
842	87	
2457	2458	
2458	2457	
1281	1748	
1748	1281	
193	458	
458	193	
74	2419	
2419	74	
1065	2211	
2211	1065	
1300	1542	
1542	1300	
296	2685	
2685	296	
1135	2678	
2678	1135	
71	1986	
1986	71	
895	1296	
1296	895	
1169	1737	
1737	1169	
1357	2170	
2170	1357	
73	1189	
1189	73	
982	1091	
1091	982	
1358	1750	
1750	1358	
67	282	
282	67	
733	759	
759	733	
404	1170	
1170	404	
1358	1384	
1384	1358	
12	2662	
2662	12	
53	1103	
1103	53	
581	1623	
1623	581	
55	1983	
1983	55	
731	2203	
2203	731	
573	1313	
1313	573	
594	663	
663	594	
1358	1746	
1746	1358	
189	1072	
1072	189	
995	1912	
1912	995	
75	2222	
2222	75	
877	1300	
1300	877	
484	542	
542	484	
270	1195	
1195	270	
1417	2350	
2350	1417	
1234	1966	
1966	1234	
36	2106	
2106	36	
377	678	
678	377	
61	2162	
2162	61	
433	436	
436	433	
1557	2083	
2083	1557	
740	1002	
1002	740	
51	2213	
2213	51	
303	1670	
1670	303	
4	1016	
1016	4	
1740	2392	
2392	1740	
105	1721	
1721	105	
766	1868	
1868	766	
847	2189	
2189	847	
310	1946	
1946	310	
704	1483	
1483	704	
2144	2145	
2145	2144	
402	1413	
1413	402	
157	2493	
2493	157	
572	2025	
2025	572	
1272	1945	
1945	1272	
230	1095	
1095	230	
586	1224	
1224	586	
94	586	
586	94	
2439	2652	
2652	2439	
454	2189	
2189	454	
826	2287	
2287	826	
1725	1734	
1734	1725	
1358	1480	
1480	1358	
56	447	
447	56	
37	1190	
1190	37	
1358	2597	
2597	1358	
1169	2476	
2476	1169	
687	1171	
1171	687	
39	1634	
1634	39	
1671	2136	
2136	1671	
657	871	
871	657	
734	2197	
2197	734	
22	39	
39	22	
760	985	
985	760	
239	887	
887	239	
610	2287	
2287	610	
716	1821	
1821	716	
1623	1778	
1778	1623	
2394	2395	
2395	2394	
1526	1981	
1981	1526	
989	2436	
2436	989	
1379	1380	
1380	1379	
1526	2099	
2099	1526	
734	2202	
2202	734	
773	1072	
1072	773	
194	1050	
1050	194	
1416	1602	
1602	1416	
565	2279	
2279	565	
468	647	
647	468	
126	236	
236	126	
137	2504	
2504	137	
1448	2045	
2045	1448	
201	2430	
2430	201	
1365	2509	
2509	1365	
1742	2307	
2307	1742	
525	2180	
2180	525	
95	2181	
2181	95	
1975	2109	
2109	1975	
171	1548	
1548	171	
2247	2543	
2543	2247	
258	1240	
1240	258	
210	1905	
1905	210	
885	2024	
2024	885	
389	1483	
1483	389	
348	2250	
2250	348	
1090	1598	
1598	1090	
833	1641	
1641	833	
1701	1856	
1856	1701	
152	2238	
2238	152	
885	1039	
1039	885	
576	2348	
2348	576	
1708	1857	
1857	1708	
279	502	
502	279	
2065	2067	
2067	2065	
279	2344	
2344	279	
651	2024	
2024	651	
1623	1777	
1777	1623	
216	1542	
1542	216	
371	1441	
1441	371	
440	1296	
1296	440	
789	1703	
1703	789	
1709	2365	
2365	1709	
1602	2054	
2054	1602	
1229	2441	
2441	1229	
1119	2126	
2126	1119	
1773	1780	
1780	1773	
1200	1502	
1502	1200	
725	2071	
2071	725	
52	1139	
1139	52	
1020	2075	
2075	1020	
177	1639	
1639	177	
1224	1370	
1370	1224	
306	452	
452	306	
36	1505	
1505	36	
1067	1830	
1830	1067	
704	1743	
1743	704	
1701	1874	
1874	1701	
117	259	
259	117	
910	1623	
1623	910	
180	2037	
2037	180	
443	1966	
1966	443	
316	845	
845	316	
815	1344	
1344	815	
1628	2056	
2056	1628	
1914	1915	
1915	1914	
231	2217	
2217	231	
1358	1762	
1762	1358	
2045	2048	
2048	2045	
1224	1848	
1848	1224	
392	720	
720	392	
2329	2331	
2331	2329	
797	2359	
2359	797	
86	2034	
2034	86	
228	848	
848	228	
472	1825	
1825	472	
88	2394	
2394	88	
835	1134	
1134	835	
429	794	
794	429	
176	973	
973	176	
1740	1804	
1804	1740	
120	1842	
1842	120	
279	2280	
2280	279	
306	2080	
2080	306	
315	2232	
2232	315	
1079	1218	
1218	1079	
814	2382	
2382	814	
1085	1421	
1421	1085	
405	1275	
1275	405	
1257	2673	
2673	1257	
232	869	
869	232	
1704	1912	
1912	1704	
1351	1592	
1592	1351	
95	2200	
2200	95	
1301	1316	
1316	1301	
1742	1758	
1758	1742	
1225	2579	
2579	1225	
1358	1755	
1755	1358	
219	1542	
1542	219	
435	486	
486	435	
1279	2203	
2203	1279	
504	2394	
2394	504	
1111	1119	
1119	1111	
229	1894	
1894	229	
598	1870	
1870	598	
614	888	
888	614	
2157	2160	
2160	2157	
1317	1739	
1739	1317	
661	1879	
1879	661	
350	2085	
2085	350	
1481	2335	
2335	1481	
507	1936	
1936	507	
2446	2447	
2447	2446	
816	2282	
2282	816	
1986	1997	
1997	1986	
1795	2299	
2299	1795	
389	1743	
1743	389	
1419	2259	
2259	1419	
667	2472	
2472	667	
1103	1748	
1748	1103	
699	1701	
1701	699	
1072	1358	
1358	1072	
709	1896	
1896	709	
877	1542	
1542	877	
489	2390	
2390	489	
605	2534	
2534	605	
436	498	
498	436	
1269	1880	
1880	1269	
548	2138	
2138	548	
638	1773	
1773	638	
722	2501	
2501	722	
1417	2260	
2260	1417	
252	1973	
1973	252	
448	1902	
1902	448	
736	1631	
1631	736	
1049	1432	
1432	1049	
55	771	
771	55	
1120	2025	
2025	1120	
457	1201	
1201	457	
1226	1956	
1956	1226	
74	2155	
2155	74	
1282	1776	
1776	1282	
306	2045	
2045	306	
1602	2073	
2073	1602	
443	1531	
1531	443	
519	2045	
2045	519	
421	2213	
2213	421	
1542	1936	
1936	1542	
854	1097	
1097	854	
406	505	
505	406	
95	1628	
1628	95	
1133	1500	
1500	1133	
756	2186	
2186	756	
492	2673	
2673	492	
798	1794	
1794	798	
461	2309	
2309	461	
1229	1358	
1358	1229	
1358	1743	
1743	1358	
397	665	
665	397	
408	734	
734	408	
1527	2450	
2450	1527	
492	2538	
2538	492	
304	1857	
1857	304	
681	1171	
1171	681	
65	619	
619	65	
1002	1952	
1952	1002	
1474	1908	
1908	1474	
1209	1358	
1358	1209	
2401	2435	
2435	2401	
857	1097	
1097	857	
1013	1464	
1464	1013	
743	1239	
1239	743	
687	1710	
1710	687	
1460	2349	
2349	1460	
748	1550	
1550	748	
584	2289	
2289	584	
69	1013	
1013	69	
719	1623	
1623	719	
779	1973	
1973	779	
756	885	
885	756	
1681	2318	
2318	1681	
798	1381	
1381	798	
1307	1444	
1444	1307	
706	963	
963	706	
808	1785	
1785	808	
1317	1720	
1720	1317	
1654	1952	
1952	1654	
493	1759	
1759	493	
155	817	
817	155	
1042	2055	
2055	1042	
2220	2525	
2525	2220	
578	1974	
1974	578	
181	1683	
1683	181	
571	1570	
1570	571	
1256	2176	
2176	1256	
867	2439	
2439	867	
702	2070	
2070	702	
101	1589	
1589	101	
48	2471	
2471	48	
100	2056	
2056	100	
1103	1886	
1886	1103	
485	1042	
1042	485	
2177	2371	
2371	2177	
0	633	
633	0	
97	661	
661	97	
88	2178	
2178	88	
742	1620	
1620	742	
728	1296	
1296	728	
756	1469	
1469	756	
144	2192	
2192	144	
364	1632	
1632	364	
1040	1765	
1765	1040	
1701	1799	
1799	1701	
342	1072	
1072	342	
1481	2332	
2332	1481	
577	870	
870	577	
1072	1505	
1505	1072	
130	1982	
1982	130	
180	1807	
1807	180	
689	1292	
1292	689	
442	588	
588	442	
556	1805	
1805	556	
573	2407	
2407	573	
881	1199	
1199	881	
312	1610	
1610	312	
836	2403	
2403	836	
171	775	
775	171	
306	1251	
1251	306	
109	2045	
2045	109	
2203	2330	
2330	2203	
524	1169	
1169	524	
563	2045	
2045	563	
456	2054	
2054	456	
1692	2347	
2347	1692	
88	300	
300	88	
70	2184	
2184	70	
1070	1358	
1358	1070	
1309	1677	
1677	1309	
911	1534	
1534	911	
48	1662	
1662	48	
274	748	
748	274	
1270	2034	
2034	1270	
143	316	
316	143	
242	838	
838	242	
456	544	
544	456	
1443	2240	
2240	1443	
173	687	
687	173	
394	2351	
2351	394	
463	1702	
1702	463	
1969	2236	
2236	1969	
733	2035	
2035	733	
957	1154	
1154	957	
1701	1871	
1871	1701	
344	389	
389	344	
1505	1699	
1699	1505	
486	2667	
2667	486	
102	1448	
1448	102	
1040	1317	
1317	1040	
141	740	
740	141	
1365	1703	
1703	1365	
1050	1634	
1634	1050	
969	1743	
1743	969	
1177	1935	
1935	1177	
689	1721	
1721	689	
9	723	
723	9	
737	1269	
1269	737	
897	1907	
1907	897	
1072	1802	
1802	1072	
283	2250	
2250	283	
836	1131	
1131	836	
661	1884	
1884	661	
281	1382	
1382	281	
1102	1207	
1207	1102	
1358	1735	
1735	1358	
1296	1911	
1911	1296	
357	1154	
1154	357	
140	623	
623	140	
503	2001	
2001	503	
1986	1993	
1993	1986	
809	1115	
1115	809	
33	2120	
2120	33	
1903	2592	
2592	1903	
507	1176	
1176	507	
1535	2155	
2155	1535	
1542	1941	
1941	1542	
893	2383	
2383	893	
793	1896	
1896	793	
391	1986	
1986	391	
1402	1616	
1616	1402	
161	842	
842	161	
1914	1918	
1918	1914	
624	1042	
1042	624	
219	1413	
1413	219	
1197	1998	
1998	1197	
47	1579	
1579	47	
128	370	
370	128	
118	2010	
2010	118	
511	1810	
1810	511	
576	665	
665	576	
6	1602	
1602	6	
181	1359	
1359	181	
2182	2231	
2231	2182	
264	472	
472	264	
338	1413	
1413	338	
942	1952	
1952	942	
579	994	
994	579	
1818	2305	
2305	1818	
817	1736	
1736	817	
197	231	
231	197	
689	1358	
1358	689	
69	1926	
1926	69	
1701	1870	
1870	1701	
43	1653	
1653	43	
165	1473	
1473	165	
564	1262	
1262	564	
95	2182	
2182	95	
1599	2460	
2460	1599	
1927	1930	
1930	1927	
175	2217	
2217	175	
432	1442	
1442	432	
733	2011	
2011	733	
964	2198	
2198	964	
142	2181	
2181	142	
515	2547	
2547	515	
149	1655	
1655	149	
754	2450	
2450	754	
1184	1190	
1190	1184	
447	1616	
1616	447	
1986	1995	
1995	1986	
1351	1535	
1535	1351	
181	1013	
1013	181	
121	802	
802	121	
657	867	
867	657	
1003	1687	
1687	1003	
36	1146	
1146	36	
1013	1293	
1293	1013	
55	815	
815	55	
1340	1943	
1943	1340	
1139	1628	
1628	1139	
1592	1914	
1914	1592	
1143	2376	
2376	1143	
839	965	
965	839	
867	2523	
2523	867	
306	487	
487	306	
812	1300	
1300	812	
484	1775	
1775	484	
1093	1598	
1598	1093	
733	2302	
2302	733	
1581	1810	
1810	1581	
123	2455	
2455	123	
371	1414	
1414	371	
1624	1787	
1787	1624	
394	1063	
1063	394	
1628	2054	
2054	1628	
103	484	
484	103	
1291	1660	
1660	1291	
996	2518	
2518	996	
736	751	
751	736	
598	1299	
1299	598	
341	613	
613	341	
657	2442	
2442	657	
160	553	
553	160	
14	2668	
2668	14	
541	647	
647	541	
1	2	
2	1	
2001	2123	
2123	2001	
1608	2124	
2124	1608	
1441	2274	
2274	1441	
1740	2390	
2390	1740	
133	1784	
1784	133	
1701	1855	
1855	1701	
1472	2187	
2187	1472	
1103	1520	
1520	1103	
36	1552	
1552	36	
487	1772	
1772	487	
722	1273	
1273	722	
496	992	
992	496	
431	2694	
2694	431	
1042	2051	
2051	1042	
1512	2023	
2023	1512	
423	527	
527	423	
138	306	
306	138	
710	1392	
1392	710	
1376	1848	
1848	1376	
153	2045	
2045	153	
1461	1634	
1634	1461	
218	792	
792	218	
1776	2045	
2045	1776	
1061	2376	
2376	1061	
793	1902	
1902	793	
306	426	
426	306	
1358	1710	
1710	1358	
177	726	
726	177	
1344	1928	
1928	1344	
99	123	
123	99	
191	2385	
2385	191	
718	2059	
2059	718	
472	1182	
1182	472	
240	1472	
1472	240	
2266	2321	
2321	2266	
1046	2336	
2336	1046	
869	1864	
1864	869	
748	1169	
1169	748	
379	1022	
1022	379	
18	139	
139	18	
2114	2509	
2509	2114	
344	661	
661	344	
330	2123	
2123	330	
534	629	
629	534	
506	1013	
1013	506	
456	2347	
2347	456	
35	1913	
1913	35	
1927	1928	
1928	1927	
51	1392	
1392	51	
382	2034	
2034	382	
395	1147	
1147	395	
1682	2189	
2189	1682	
160	745	
745	160	
251	1933	
1933	251	
1131	1655	
1655	1131	
41	596	
596	41	
1145	1169	
1169	1145	
1077	2113	
2113	1077	
1221	1607	
1607	1221	
261	1894	
1894	261	
341	1546	
1546	341	
1072	1804	
1804	1072	
878	885	
885	878	
539	711	
711	539	
218	2091	
2091	218	
1358	1751	
1751	1358	
1334	1542	
1542	1334	
1183	1579	
1579	1183	
565	687	
687	565	
132	1959	
1959	132	
389	1077	
1077	389	
1675	1914	
1914	1675	
364	970	
970	364	
121	1910	
1910	121	
610	826	
826	610	
684	1358	
1358	684	
165	2707	
2707	165	
88	743	
743	88	
438	1983	
1983	438	
936	2530	
2530	936	
94	2355	
2355	94	
2024	2178	
2178	2024	
794	1590	
1590	794	
1519	1534	
1534	1519	
1795	2464	
2464	1795	
74	1042	
1042	74	
1540	2054	
2054	1540	
253	507	
507	253	
978	998	
998	978	
29	963	
963	29	
388	2497	
2497	388	
1121	1655	
1655	1121	
366	1583	
1583	366	
6	373	
373	6	
1624	1786	
1786	1624	
248	1531	
1531	248	
1109	2671	
2671	1109	
1704	1986	
1986	1704	
109	176	
176	109	
1884	1958	
1958	1884	
904	1360	
1360	904	
239	1759	
1759	239	
1340	1413	
1413	1340	
640	894	
894	640	
559	1579	
1579	559	
711	2113	
2113	711	
186	2580	
2580	186	
118	842	
842	118	
1750	1766	
1766	1750	
266	809	
809	266	
42	1372	
1372	42	
1623	1776	
1776	1623	
1358	1741	
1741	1358	
32	518	
518	32	
154	1753	
1753	154	
661	1045	
1045	661	
483	816	
816	483	
1490	2327	
2327	1490	
302	719	
719	302	
1386	2570	
2570	1386	
160	277	
277	160	
1739	1766	
1766	1739	
1273	2126	
2126	1273	
710	2212	
2212	710	
415	737	
737	415	
411	1488	
1488	411	
1046	2387	
2387	1046	
577	2352	
2352	577	
1889	1893	
1893	1889	
15	1271	
1271	15	
1498	2025	
2025	1498	
485	839	
839	485	
69	604	
604	69	
480	1426	
1426	480	
88	1732	
1732	88	
411	2609	
2609	411	
1358	1499	
1499	1358	
185	2003	
2003	185	
1542	1940	
1940	1542	
1234	1702	
1702	1234	
627	2122	
2122	627	
1692	2349	
2349	1692	
712	1464	
1464	712	
706	2238	
2238	706	
1013	1844	
1844	1013	
112	1623	
1623	112	
758	1762	
1762	758	
890	1269	
1269	890	
737	2178	
2178	737	
1416	1923	
1923	1416	
548	1523	
1523	548	
109	1772	
1772	109	
454	2190	
2190	454	
1083	1232	
1232	1083	
1367	1778	
1778	1367	
1148	1317	
1317	1148	
695	1681	
1681	695	
1082	2386	
2386	1082	
368	1366	
1366	368	
1399	1501	
1501	1399	
628	2546	
2546	628	
1245	1770	
1770	1245	
224	2034	
2034	224	
737	1974	
1974	737	
149	1080	
1080	149	
83	1520	
1520	83	
867	2522	
2522	867	
1149	1986	
1986	1149	
109	124	
124	109	
505	1560	
1560	505	
817	2456	
2456	817	
55	1079	
1079	55	
1093	1271	
1271	1093	
577	2351	
2351	577	
736	1841	
1841	736	
1874	2501	
2501	1874	
480	1710	
1710	480	
1358	1471	
1471	1358	
1424	1621	
1621	1424	
1284	2450	
2450	1284	
861	2068	
2068	861	
59	2651	
2651	59	
1826	1827	
1827	1826	
228	1871	
1871	228	
1072	1801	
1801	1072	
1464	1914	
1914	1464	
1171	2359	
2359	1171	
381	2518	
2518	381	
860	1527	
1527	860	
1074	1676	
1676	1074	
567	760	
760	567	
880	1013	
1013	880	
401	1160	
1160	401	
778	1914	
1914	778	
1169	1714	
1714	1169	
935	1873	
1873	935	
869	1701	
1701	869	
609	2447	
2447	609	
370	1415	
1415	370	
1421	2109	
2109	1421	
748	1732	
1732	748	
175	2135	
2135	175	
525	2182	
2182	525	
299	2498	
2498	299	
95	456	
456	95	
5	1629	
1629	5	
994	1329	
1329	994	
327	2064	
2064	327	
902	1284	
1284	902	
220	817	
817	220	
735	1958	
1958	735	
1530	2464	
2464	1530	
673	1986	
1986	673	
533	2466	
2466	533	
126	306	
306	126	
1235	2126	
2126	1235	
1189	1358	
1358	1189	
129	441	
441	129	
921	2134	
2134	921	
1333	2195	
2195	1333	
568	1810	
1810	568	
344	854	
854	344	
607	1213	
1213	607	
239	2182	
2182	239	
1955	2235	
2235	1955	
12	1001	
1001	12	
1135	1257	
1257	1135	
484	1699	
1699	484	
598	1107	
1107	598	
669	1124	
1124	669	
1782	1798	
1798	1782	
1623	1781	
1781	1623	
548	809	
809	548	
904	1312	
1312	904	
243	473	
473	243	
1351	1362	
1362	1351	
173	1033	
1033	173	
1083	2114	
2114	1083	
1416	1921	
1921	1416	
647	1267	
1267	647	
396	1217	
1217	396	
831	1358	
1358	831	
525	1628	
1628	525	
487	1773	
1773	487	
598	968	
968	598	
1676	1914	
1914	1676	
1358	1742	
1742	1358	
119	1537	
1537	119	
970	2365	
2365	970	
973	1072	
1072	973	
1182	1183	
1183	1182	
369	2484	
2484	369	
1986	1988	
1988	1986	
1166	1986	
1986	1166	
1616	1849	
1849	1616	
1282	1283	
1283	1282	
1628	2053	
2053	1628	
264	1902	
1902	264	
899	1858	
1858	899	
1623	1784	
1784	1623	
598	2707	
2707	598	
1042	1517	
1517	1042	
1628	2021	
2021	1628	
622	1951	
1951	622	
643	1538	
1538	643	
741	1088	
1088	741	
1358	1733	
1733	1358	
154	1444	
1444	154	
1395	2266	
2266	1395	
22	1703	
1703	22	
133	452	
452	133	
306	2085	
2085	306	
873	1708	
1708	873	
1119	2127	
2127	1119	
69	1914	
1914	69	
922	1406	
1406	922	
838	2280	
2280	838	
1269	1630	
1630	1269	
1335	1856	
1856	1335	
1050	1230	
1230	1050	
1067	2307	
2307	1067	
262	1351	
1351	262	
724	2394	
2394	724	
835	1121	
1121	835	
743	1570	
1570	743	
532	1863	
1863	532	
1338	2385	
2385	1338	
337	1499	
1499	337	
948	1682	
1682	948	
94	934	
934	94	
628	1764	
1764	628	
762	859	
859	762	
1623	1775	
1775	1623	
482	1812	
1812	482	
801	1961	
1961	801	
437	718	
718	437	
1206	1257	
1257	1206	
854	935	
935	854	
1421	2394	
2394	1421	
12	2661	
2661	12	
456	1580	
1580	456	
530	1013	
1013	530	
542	1245	
1245	542	
1013	1403	
1403	1013	
739	1543	
1543	739	
126	1551	
1551	126	
887	1624	
1624	887	
1118	2155	
2155	1118	
1684	2486	
2486	1684	
1266	1529	
1529	1266	
454	1441	
1441	454	
90	1358	
1358	90	
290	2359	
2359	290	
783	1143	
1143	783	
232	1864	
1864	232	
1333	2312	
2312	1333	
1185	2590	
2590	1185	
89	1401	
1401	89	
1110	1224	
1224	1110	
962	1807	
1807	962	
