340	2221	
2221	340	
361	1594	
1594	361	
197	944	
944	197	
137	482	
482	137	
600	2468	
2468	600	
378	2253	
2253	378	
1129	1798	
1798	1129	
637	1221	
1221	637	
10	1239	
1239	10	
1491	2072	
2072	1491	
773	1915	
1915	773	
54	1363	
1363	54	
622	1488	
1488	622	
1537	2054	
2054	1537	
1572	2167	
2167	1572	
325	364	
364	325	
367	1748	
1748	367	
1120	2265	
2265	1120	
2150	2574	
2574	2150	
807	1938	
1938	807	
544	1528	
1528	544	
832	993	
993	832	
1886	2091	
2091	1886	
1372	2533	
2533	1372	
1680	1857	
1857	1680	
1198	1493	
1493	1198	
809	2670	
2670	809	
971	2211	
2211	971	
813	1077	
1077	813	
687	2319	
2319	687	
1072	2328	
2328	1072	
758	1972	
1972	758	
610	2174	
2174	610	
844	1859	
1859	844	
111	989	
989	111	
963	1834	
1834	963	
1417	1650	
1650	1417	
887	2039	
2039	887	
1314	2613	
2613	1314	
8	1352	
1352	8	
1190	1501	
1501	1190	
768	1891	
1891	768	
36	1218	
1218	36	
713	1242	
1242	713	
1312	1725	
1725	1312	
562	1547	
1547	562	
381	1888	
1888	381	
103	661	
661	103	
2379	2642	
2642	2379	
2074	2316	
2316	2074	
1969	2184	
2184	1969	
1776	2397	
2397	1776	
171	1596	
1596	171	
64	280	
280	64	
911	1550	
1550	911	
1039	2296	
2296	1039	
1147	1820	
1820	1147	
432	1540	
1540	432	
1643	1746	
1746	1643	
2040	2211	
2211	2040	
247	2205	
2205	247	
963	2705	
2705	963	
1679	2335	
2335	1679	
2306	2473	
2473	2306	
10	2596	
2596	10	
1536	1818	
1818	1536	
1491	2149	
2149	1491	
1121	1468	
1468	1121	
278	2498	
2498	278	
923	2393	
2393	923	
593	1951	
1951	593	
1636	1857	
1857	1636	
219	923	
923	219	
1581	2591	
2591	1581	
945	2239	
2239	945	
1317	1416	
1416	1317	
85	2325	
2325	85	
1172	1801	
1801	1172	
788	804	
804	788	
68	348	
348	68	
2158	2425	
2425	2158	
193	2703	
2703	193	
253	1034	
1034	253	
1879	2181	
2181	1879	
204	2013	
2013	204	
257	2227	
2227	257	
574	2273	
2273	574	
429	826	
826	429	
2245	2572	
2572	2245	
878	2476	
2476	878	
2109	2524	
2524	2109	
1561	1662	
1662	1561	
3	1417	
1417	3	
1272	1868	
1868	1272	
616	1964	
1964	616	
894	1042	
1042	894	
1049	1610	
1610	1049	
1124	1804	
1804	1124	
1312	1681	
1681	1312	
377	1532	
1532	377	
563	2154	
2154	563	
93	1962	
1962	93	
824	1339	
1339	824	
1451	2357	
2357	1451	
1355	1463	
1463	1355	
308	686	
686	308	
1607	2112	
2112	1607	
2040	2357	
2357	2040	
189	1419	
1419	189	
1360	1978	
1978	1360	
656	1830	
1830	656	
1427	1454	
1454	1427	
1363	1965	
1965	1363	
459	2368	
2368	459	
1484	2650	
2650	1484	
2588	2627	
2627	2588	
1510	2095	
2095	1510	
130	1304	
1304	130	
1376	2583	
2583	1376	
956	1785	
1785	956	
584	1500	
1500	584	
874	974	
974	874	
692	1161	
1161	692	
149	1976	
1976	149	
1293	2367	
2367	1293	
957	1445	
1445	957	
657	1521	
1521	657	
311	740	
740	311	
207	816	
816	207	
391	2179	
2179	391	
1046	1122	
1122	1046	
948	2611	
2611	948	
121	525	
525	121	
853	1665	
1665	853	
357	2196	
2196	357	
1039	2657	
2657	1039	
784	917	
917	784	
969	2019	
2019	969	
578	1192	
1192	578	
341	1157	
1157	341	
987	2570	
2570	987	
534	660	
660	534	
654	2658	
2658	654	
227	2574	
2574	227	
1690	1701	
1701	1690	
1325	2166	
2166	1325	
566	1272	
1272	566	
419	2082	
2082	419	
661	2699	
2699	661	
1515	1910	
1910	1515	
191	2101	
2101	191	
1770	2205	
2205	1770	
1674	2619	
2619	1674	
414	2579	
2579	414	
38	2092	
2092	38	
96	2287	
2287	96	
284	2296	
2296	284	
608	613	
613	608	
123	1368	
1368	123	
763	1083	
1083	763	
478	789	
789	478	
1693	2479	
2479	1693	
448	705	
705	448	
55	608	
608	55	
788	2395	
2395	788	
1190	1478	
1478	1190	
259	1869	
1869	259	
297	1038	
1038	297	
135	2349	
2349	135	
901	1353	
1353	901	
23	533	
533	23	
1649	2037	
2037	1649	
568	1277	
1277	568	
70	1220	
1220	70	
282	1479	
1479	282	
57	1848	
1848	57	
992	1081	
1081	992	
455	1788	
1788	455	
100	826	
826	100	
316	1912	
1912	316	
1140	1845	
1845	1140	
1883	2677	
2677	1883	
165	905	
905	165	
1456	1995	
1995	1456	
1198	1768	
1768	1198	
1832	2501	
2501	1832	
293	1787	
1787	293	
400	1081	
1081	400	
196	2247	
2247	196	
1008	2170	
2170	1008	
549	1268	
1268	549	
52	657	
657	52	
282	778	
778	282	
908	1190	
1190	908	
578	937	
937	578	
424	2111	
2111	424	
1562	1578	
1578	1562	
274	2661	
2661	274	
1587	1983	
1983	1587	
531	1587	
1587	531	
979	2150	
2150	979	
255	2462	
2462	255	
142	160	
160	142	
965	1401	
1401	965	
776	1982	
1982	776	
157	2246	
2246	157	
2356	2515	
2515	2356	
1690	1794	
1794	1690	
930	1933	
1933	930	
1007	1952	
1952	1007	
1328	1822	
1822	1328	
36	1122	
1122	36	
255	1117	
1117	255	
90	2617	
2617	90	
259	1022	
1022	259	
893	1989	
1989	893	
1224	2515	
2515	1224	
248	1489	
1489	248	
1399	2344	
2344	1399	
884	1389	
1389	884	
1289	2596	
2596	1289	
792	2268	
2268	792	
810	1921	
1921	810	
2277	2424	
2424	2277	
683	2510	
2510	683	
437	1231	
1231	437	
1132	2537	
2537	1132	
283	1571	
1571	283	
972	1826	
1826	972	
2034	2182	
2182	2034	
796	1458	
1458	796	
786	1545	
1545	786	
58	128	
128	58	
1654	2114	
2114	1654	
765	1090	
1090	765	
405	547	
547	405	
805	1250	
1250	805	
1763	2006	
2006	1763	
189	1139	
1139	189	
136	1433	
1433	136	
95	108	
108	95	
742	1987	
1987	742	
481	2416	
2416	481	
226	1176	
1176	226	
738	2692	
2692	738	
1466	2663	
2663	1466	
792	825	
825	792	
218	1838	
1838	218	
1070	2600	
2600	1070	
1388	1790	
1790	1388	
984	1854	
1854	984	
1140	2074	
2074	1140	
307	456	
456	307	
181	499	
499	181	
1248	1468	
1468	1248	
140	1404	
1404	140	
990	2463	
2463	990	
73	1901	
1901	73	
256	1990	
1990	256	
1581	2215	
2215	1581	
703	2069	
2069	703	
1928	2072	
2072	1928	
1767	2703	
2703	1767	
482	1070	
1070	482	
664	2521	
2521	664	
1148	1832	
1832	1148	
1719	1945	
1945	1719	
1346	1676	
1676	1346	
137	702	
702	137	
102	777	
777	102	
980	1953	
1953	980	
126	2455	
2455	126	
438	1209	
1209	438	
311	581	
581	311	
484	1879	
1879	484	
319	764	
764	319	
338	2518	
2518	338	
68	1095	
1095	68	
268	580	
580	268	
2238	2310	
2310	2238	
1724	1959	
1959	1724	
116	1002	
1002	116	
2091	2650	
2650	2091	
1228	2534	
2534	1228	
435	2456	
2456	435	
1196	1719	
1719	1196	
709	1136	
1136	709	
235	1838	
1838	235	
460	1129	
1129	460	
591	2076	
2076	591	
2343	2605	
2605	2343	
1044	1656	
1656	1044	
9	424	
424	9	
1206	1866	
1866	1206	
865	1706	
1706	865	
139	1974	
1974	139	
252	1007	
1007	252	
619	1931	
1931	619	
1393	1993	
1993	1393	
46	1570	
1570	46	
348	713	
713	348	
212	1868	
1868	212	
87	280	
280	87	
605	2657	
2657	605	
155	1246	
1246	155	
117	1967	
1967	117	
108	538	
538	108	
1623	1705	
1705	1623	
262	2547	
2547	262	
2233	2471	
2471	2233	
769	2628	
2628	769	
118	838	
838	118	
1288	2073	
2073	1288	
504	1876	
1876	504	
590	2251	
2251	590	
181	2540	
2540	181	
359	539	
539	359	
845	2500	
2500	845	
903	1103	
1103	903	
746	1186	
1186	746	
1659	2433	
2433	1659	
1688	1870	
1870	1688	
437	1169	
1169	437	
1293	1372	
1372	1293	
656	1844	
1844	656	
2076	2255	
2255	2076	
1286	1963	
1963	1286	
76	463	
463	76	
513	730	
730	513	
365	942	
942	365	
1406	2005	
2005	1406	
265	1118	
1118	265	
24	1300	
1300	24	
759	1166	
1166	759	
1718	2380	
2380	1718	
662	1704	
1704	662	
198	1182	
1182	198	
502	1439	
1439	502	
2321	2337	
2337	2321	
176	321	
321	176	
2296	2551	
2551	2296	
1332	1535	
1535	1332	
2457	2557	
2557	2457	
1846	2671	
2671	1846	
106	2574	
2574	106	
549	2473	
2473	549	
1517	2676	
2676	1517	
86	670	
670	86	
433	2584	
2584	433	
1031	1367	
1367	1031	
228	1792	
1792	228	
1994	2017	
2017	1994	
1133	2436	
2436	1133	
456	1144	
1144	456	
501	598	
598	501	
710	1683	
1683	710	
648	1977	
1977	648	
5	2572	
2572	5	
1579	2607	
2607	1579	
29	1051	
1051	29	
1352	1610	
1610	1352	
2006	2024	
2024	2006	
1671	2690	
2690	1671	
210	2566	
2566	210	
835	1492	
1492	835	
205	1339	
1339	205	
261	2126	
2126	261	
1061	1898	
1898	1061	
2053	2318	
2318	2053	
1061	2443	
2443	1061	
1348	2318	
2318	1348	
2173	2533	
2533	2173	
202	1037	
1037	202	
211	2283	
2283	211	
1291	2167	
2167	1291	
592	1179	
1179	592	
1338	2081	
2081	1338	
1443	1639	
1639	1443	
834	841	
841	834	
1587	1900	
1900	1587	
928	2216	
2216	928	
1140	2693	
2693	1140	
127	1978	
1978	127	
876	912	
912	876	
140	442	
442	140	
1174	1896	
1896	1174	
2261	2411	
2411	2261	
670	1689	
1689	670	
2262	2647	
2647	2262	
1735	2224	
2224	1735	
50	2158	
2158	50	
493	1320	
1320	493	
1027	2375	
2375	1027	
443	1204	
1204	443	
936	2283	
2283	936	
561	1309	
1309	561	
162	2391	
2391	162	
1301	1584	
1584	1301	
1485	1989	
1989	1485	
942	2621	
2621	942	
495	1043	
1043	495	
659	1112	
1112	659	
39	184	
184	39	
422	1139	
1139	422	
1561	2594	
2594	1561	
1014	1318	
1318	1014	
170	2053	
2053	170	
1701	2054	
2054	1701	
70	1738	
1738	70	
2106	2166	
2166	2106	
1904	2366	
2366	1904	
268	2653	
2653	268	
1135	1469	
1469	1135	
2224	2702	
2702	2224	
194	566	
566	194	
1105	2552	
2552	1105	
1362	1465	
1465	1362	
787	894	
894	787	
249	1487	
1487	249	
660	2232	
2232	660	
147	969	
969	147	
237	1512	
1512	237	
1479	2393	
2393	1479	
495	992	
992	495	
821	2326	
2326	821	
115	408	
408	115	
119	1994	
1994	119	
1173	2058	
2058	1173	
118	1944	
1944	118	
509	1539	
1539	509	
1484	2274	
2274	1484	
246	411	
411	246	
1280	2474	
2474	1280	
592	886	
886	592	
64	560	
560	64	
1822	2150	
2150	1822	
125	2680	
2680	125	
200	1968	
1968	200	
1016	1675	
1675	1016	
1964	2335	
2335	1964	
1057	1563	
1563	1057	
37	124	
124	37	
949	1936	
1936	949	
427	1490	
1490	427	
819	2143	
2143	819	
133	1488	
1488	133	
2517	2647	
2647	2517	
384	724	
724	384	
482	905	
905	482	
593	2346	
2346	593	
1236	2246	
2246	1236	
1558	1850	
1850	1558	
403	593	
593	403	
268	2647	
2647	268	
2381	2680	
2680	2381	
577	940	
940	577	
481	2061	
2061	481	
855	1264	
1264	855	
744	1193	
1193	744	
534	1900	
1900	534	
626	1866	
1866	626	
213	1050	
1050	213	
65	1321	
1321	65	
1185	2415	
2415	1185	
2139	2436	
2436	2139	
2354	2370	
2370	2354	
501	875	
875	501	
892	1276	
1276	892	
246	1306	
1306	246	
157	2681	
2681	157	
675	867	
867	675	
154	1773	
1773	154	
798	894	
894	798	
1677	2429	
2429	1677	
295	2690	
2690	295	
1170	2537	
2537	1170	
999	2006	
2006	999	
1172	1768	
1768	1172	
1751	1926	
1926	1751	
1974	2041	
2041	1974	
2	1369	
1369	2	
814	1499	
1499	814	
850	1377	
1377	850	
407	717	
717	407	
740	2577	
2577	740	
131	773	
773	131	
1419	2285	
2285	1419	
1368	2066	
2066	1368	
626	1263	
1263	626	
845	2183	
2183	845	
290	2291	
2291	290	
968	1835	
1835	968	
782	2471	
2471	782	
2330	2613	
2613	2330	
988	2603	
2603	988	
313	1967	
1967	313	
263	266	
266	263	
1237	2614	
2614	1237	
2195	2625	
2625	2195	
318	1645	
1645	318	
630	1156	
1156	630	
2086	2472	
2472	2086	
1566	2695	
2695	1566	
221	2577	
2577	221	
243	1647	
1647	243	
73	1129	
1129	73	
417	983	
983	417	
198	1061	
1061	198	
1160	1443	
1443	1160	
1435	2148	
2148	1435	
815	1136	
1136	815	
1780	2541	
2541	1780	
1738	1790	
1790	1738	
910	2359	
2359	910	
467	1721	
1721	467	
4	227	
227	4	
617	2159	
2159	617	
1888	2019	
2019	1888	
2625	2644	
2644	2625	
1506	1819	
1819	1506	
739	2075	
2075	739	
1084	1493	
1493	1084	
541	853	
853	541	
864	1230	
1230	864	
1472	1632	
1632	1472	
2225	2507	
2507	2225	
186	1597	
1597	186	
448	1756	
1756	448	
1822	2707	
2707	1822	
72	712	
712	72	
255	2641	
2641	255	
856	1215	
1215	856	
34	1004	
1004	34	
144	1959	
1959	144	
1561	1838	
1838	1561	
939	1016	
1016	939	
853	1235	
1235	853	
1538	1901	
1901	1538	
203	2522	
2522	203	
1102	2276	
2276	1102	
1985	2606	
2606	1985	
16	491	
491	16	
307	1909	
1909	307	
55	2133	
2133	55	
543	2388	
2388	543	
214	618	
618	214	
1210	1778	
1778	1210	
2033	2079	
2079	2033	
1731	1796	
1796	1731	
1286	1519	
1519	1286	
2275	2453	
2453	2275	
941	2563	
2563	941	
532	1735	
1735	532	
127	2519	
2519	127	
602	1663	
1663	602	
180	722	
722	180	
1449	2281	
2281	1449	
721	2256	
2256	721	
341	635	
635	341	
1478	2598	
2598	1478	
864	1180	
1180	864	
1025	1260	
1260	1025	
910	1411	
1411	910	
513	1643	
1643	513	
478	715	
715	478	
231	1339	
1339	231	
1395	2300	
2300	1395	
1058	2069	
2069	1058	
106	1943	
1943	106	
652	1212	
1212	652	
1056	1924	
1924	1056	
1213	1939	
1939	1213	
1189	1783	
1783	1189	
1690	2198	
2198	1690	
1426	1471	
1471	1426	
134	2588	
2588	134	
410	1847	
1847	410	
2252	2366	
2366	2252	
652	1259	
1259	652	
2164	2420	
2420	2164	
172	2251	
2251	172	
1239	2530	
2530	1239	
125	1756	
1756	125	
1252	2460	
2460	1252	
577	1971	
1971	577	
1910	2092	
2092	1910	
1937	2038	
2038	1937	
297	769	
769	297	
182	1977	
1977	182	
627	1323	
1323	627	
20	1881	
1881	20	
905	1992	
1992	905	
1247	2262	
2262	1247	
572	857	
857	572	
1336	1372	
1372	1336	
1026	1695	
1695	1026	
105	2535	
2535	105	
1414	1923	
1923	1414	
911	2255	
2255	911	
970	2205	
2205	970	
517	2229	
2229	517	
1367	2517	
2517	1367	
1927	2624	
2624	1927	
92	1559	
1559	92	
1204	1250	
1250	1204	
988	1646	
1646	988	
317	800	
800	317	
1605	2545	
2545	1605	
1494	2666	
2666	1494	
508	2700	
2700	508	
286	900	
900	286	
1697	2423	
2423	1697	
122	647	
647	122	
303	2624	
2624	303	
2363	2423	
2423	2363	
767	912	
912	767	
223	304	
304	223	
825	1722	
1722	825	
1013	1411	
1411	1013	
1797	1956	
1956	1797	
2117	2193	
2193	2117	
2038	2698	
2698	2038	
929	1459	
1459	929	
539	2120	
2120	539	
837	971	
971	837	
916	1839	
1839	916	
524	1660	
1660	524	
46	89	
89	46	
1976	2183	
2183	1976	
1060	1265	
1265	1060	
1112	1153	
1153	1112	
1287	1886	
1886	1287	
1407	1467	
1467	1407	
266	807	
807	266	
1156	1468	
1468	1156	
1752	1775	
1775	1752	
1687	1858	
1858	1687	
221	1738	
1738	221	
2470	2646	
2646	2470	
284	848	
848	284	
867	1847	
1847	867	
1401	1824	
1824	1401	
631	1787	
1787	631	
1039	1396	
1396	1039	
1024	1612	
1612	1024	
1220	1582	
1582	1220	
2042	2542	
2542	2042	
803	2526	
2526	803	
1662	2225	
2225	1662	
1515	2553	
2553	1515	
445	753	
753	445	
1081	1571	
1571	1081	
2277	2430	
2430	2277	
1440	2235	
2235	1440	
859	1131	
1131	859	
884	1329	
1329	884	
1651	2268	
2268	1651	
776	2658	
2658	776	
1593	2434	
2434	1593	
2050	2131	
2131	2050	
1218	1565	
1565	1218	
672	1621	
1621	672	
1431	1996	
1996	1431	
32	369	
369	32	
1937	2019	
2019	1937	
10	1214	
1214	10	
44	2580	
2580	44	
581	2425	
2425	581	
402	1697	
1697	402	
912	1040	
1040	912	
1313	1762	
1762	1313	
303	936	
936	303	
84	1524	
1524	84	
790	1416	
1416	790	
598	1985	
1985	598	
788	2467	
2467	788	
1700	2484	
2484	1700	
1444	2620	
2620	1444	
1075	1851	
1851	1075	
669	1071	
1071	669	
154	2447	
2447	154	
474	2103	
2103	474	
666	963	
963	666	
133	975	
975	133	
1438	2510	
2510	1438	
1214	2035	
2035	1214	
728	2644	
2644	728	
656	1167	
1167	656	
1208	2171	
2171	1208	
1979	2110	
2110	1979	
1250	1682	
1682	1250	
1204	2428	
2428	1204	
275	1525	
1525	275	
542	2125	
2125	542	
2141	2253	
2253	2141	
65	1683	
1683	65	
1119	2005	
2005	1119	
514	719	
719	514	
800	2426	
2426	800	
816	1043	
1043	816	
748	1203	
1203	748	
913	1609	
1609	913	
695	1392	
1392	695	
35	2464	
2464	35	
381	1698	
1698	381	
1552	2313	
2313	1552	
1225	2407	
2407	1225	
1550	2206	
2206	1550	
173	312	
312	173	
19	1943	
1943	19	
84	2325	
2325	84	
2233	2430	
2430	2233	
2085	2224	
2224	2085	
987	1451	
1451	987	
1487	1930	
1930	1487	
1684	2290	
2290	1684	
2071	2651	
2651	2071	
1930	2172	
2172	1930	
1420	2662	
2662	1420	
415	897	
897	415	
702	872	
872	702	
177	1403	
1403	177	
1116	1546	
1546	1116	
1510	2423	
2423	1510	
129	2292	
2292	129	
1864	2535	
2535	1864	
792	1074	
1074	792	
1602	2092	
2092	1602	
769	1742	
1742	769	
1583	1961	
1961	1583	
618	781	
781	618	
389	860	
860	389	
219	2629	
2629	219	
733	2572	
2572	733	
224	1366	
1366	224	
2143	2647	
2647	2143	
286	958	
958	286	
1017	1100	
1100	1017	
811	1034	
1034	811	
1836	2356	
2356	1836	
101	2695	
2695	101	
785	843	
843	785	
502	1347	
1347	502	
1079	2518	
2518	1079	
735	2364	
2364	735	
367	1647	
1647	367	
32	677	
677	32	
288	1894	
1894	288	
816	2605	
2605	816	
2096	2421	
2421	2096	
647	1919	
1919	647	
1057	1937	
1937	1057	
1415	1610	
1610	1415	
418	2575	
2575	418	
807	2084	
2084	807	
1132	2476	
2476	1132	
581	841	
841	581	
32	1380	
1380	32	
1199	2096	
2096	1199	
251	615	
615	251	
1298	1447	
1447	1298	
1948	2565	
2565	1948	
408	1846	
1846	408	
1211	1378	
1378	1211	
860	1564	
1564	860	
1030	2094	
2094	1030	
276	2047	
2047	276	
2009	2629	
2629	2009	
458	493	
493	458	
2379	2700	
2700	2379	
757	1622	
1622	757	
1324	2406	
2406	1324	
353	1155	
1155	353	
399	601	
601	399	
340	1483	
1483	340	
394	795	
795	394	
759	1177	
1177	759	
1504	2120	
2120	1504	
971	1932	
1932	971	
386	1009	
1009	386	
1287	1464	
1464	1287	
1169	1449	
1449	1169	
2234	2508	
2508	2234	
72	623	
623	72	
2001	2080	
2080	2001	
1976	2615	
2615	1976	
361	1721	
1721	361	
818	2212	
2212	818	
35	1147	
1147	35	
348	466	
466	348	
1348	1602	
1602	1348	
568	2608	
2608	568	
95	1844	
1844	95	
182	2329	
2329	182	
524	922	
922	524	
640	2194	
2194	640	
854	1930	
1930	854	
613	1786	
1786	613	
160	1559	
1559	160	
388	1831	
1831	388	
184	456	
456	184	
213	2416	
2416	213	
320	1707	
1707	320	
1284	1384	
1384	1284	
1558	1574	
1574	1558	
781	1639	
1639	781	
1586	1941	
1941	1586	
1592	1813	
1813	1592	
705	1546	
1546	705	
309	2096	
2096	309	
1395	2661	
2661	1395	
549	1994	
1994	549	
471	2068	
2068	471	
405	2070	
2070	405	
844	1938	
1938	844	
1627	1790	
1790	1627	
456	2378	
2378	456	
1566	2325	
2325	1566	
210	1882	
1882	210	
1479	2308	
2308	1479	
801	1608	
1608	801	
149	1782	
1782	149	
1281	2078	
2078	1281	
2309	2608	
2608	2309	
47	952	
952	47	
2026	2285	
2285	2026	
1677	2593	
2593	1677	
302	1494	
1494	302	
312	1707	
1707	312	
754	843	
843	754	
2654	2695	
2695	2654	
534	642	
642	534	
816	2522	
2522	816	
237	1946	
1946	237	
1879	2694	
2694	1879	
1285	1568	
1568	1285	
1109	1419	
1419	1109	
2169	2407	
2407	2169	
1577	2094	
2094	1577	
2468	2487	
2487	2468	
531	2040	
2040	531	
1055	2668	
2668	1055	
762	1905	
1905	762	
187	1149	
1149	187	
872	2495	
2495	872	
1100	2029	
2029	1100	
2047	2062	
2062	2047	
545	1318	
1318	545	
2006	2263	
2263	2006	
1104	2071	
2071	1104	
395	2662	
2662	395	
61	485	
485	61	
2404	2550	
2550	2404	
853	1074	
1074	853	
942	1387	
1387	942	
294	531	
531	294	
683	2196	
2196	683	
228	1461	
1461	228	
1027	1257	
1257	1027	
776	2223	
2223	776	
1264	1845	
1845	1264	
704	1660	
1660	704	
2001	2040	
2040	2001	
812	2195	
2195	812	
798	2364	
2364	798	
1741	2077	
2077	1741	
1259	1387	
1387	1259	
931	2217	
2217	931	
277	1525	
1525	277	
1606	1932	
1932	1606	
1829	2184	
2184	1829	
1626	2365	
2365	1626	
1492	2477	
2477	1492	
1420	2702	
2702	1420	
1560	1996	
1996	1560	
902	2142	
2142	902	
408	1830	
1830	408	
452	511	
511	452	
705	2036	
2036	705	
1491	2089	
2089	1491	
201	2184	
2184	201	
315	1895	
1895	315	
151	541	
541	151	
379	2141	
2141	379	
1754	2010	
2010	1754	
642	1509	
1509	642	
26	2032	
2032	26	
1560	1820	
1820	1560	
1347	2597	
2597	1347	
44	1182	
1182	44	
788	2053	
2053	788	
981	1256	
1256	981	
2258	2485	
2485	2258	
82	1601	
1601	82	
1285	2653	
2653	1285	
710	2519	
2519	710	
2233	2300	
2300	2233	
885	999	
999	885	
712	1428	
1428	712	
1039	1177	
1177	1039	
179	1056	
1056	179	
1624	1827	
1827	1624	
2285	2627	
2627	2285	
784	1392	
1392	784	
1453	1660	
1660	1453	
666	2005	
2005	666	
2139	2344	
2344	2139	
1009	2445	
2445	1009	
1579	2158	
2158	1579	
888	2319	
2319	888	
460	1021	
1021	460	
1130	2023	
2023	1130	
2314	2439	
2439	2314	
1412	2058	
2058	1412	
564	693	
693	564	
243	1186	
1186	243	
1062	1844	
1844	1062	
2092	2501	
2501	2092	
1294	1884	
1884	1294	
1648	1886	
1886	1648	
589	1030	
1030	589	
1070	1471	
1471	1070	
114	795	
795	114	
302	1991	
1991	302	
267	2383	
2383	267	
148	2493	
2493	148	
476	953	
953	476	
374	1177	
1177	374	
1147	2073	
2073	1147	
691	2124	
2124	691	
397	1580	
1580	397	
453	675	
675	453	
847	1030	
1030	847	
904	922	
922	904	
290	1729	
1729	290	
660	1095	
1095	660	
1830	2147	
2147	1830	
174	1740	
1740	174	
671	1899	
1899	671	
1048	2103	
2103	1048	
69	704	
704	69	
2292	2343	
2343	2292	
367	1150	
1150	367	
1138	1892	
1892	1138	
1907	2642	
2642	1907	
1522	2203	
2203	1522	
856	1591	
1591	856	
1138	1975	
1975	1138	
1817	2683	
2683	1817	
164	2493	
2493	164	
1778	2295	
2295	1778	
1667	2038	
2038	1667	
1649	1755	
1755	1649	
426	1314	
1314	426	
960	1523	
1523	960	
748	1689	
1689	748	
1852	2043	
2043	1852	
188	2161	
2161	188	
148	760	
760	148	
250	2580	
2580	250	
1399	2001	
2001	1399	
1568	2258	
2258	1568	
913	2502	
2502	913	
698	1700	
1700	698	
855	1793	
1793	855	
2597	2688	
2688	2597	
158	1920	
1920	158	
700	2421	
2421	700	
1773	2696	
2696	1773	
1233	1821	
1821	1233	
2104	2159	
2159	2104	
1606	2094	
2094	1606	
1493	2211	
2211	1493	
1384	1592	
1592	1384	
565	1876	
1876	565	
477	2349	
2349	477	
1014	1814	
1814	1014	
811	879	
879	811	
35	1972	
1972	35	
498	2176	
2176	498	
695	2036	
2036	695	
200	1695	
1695	200	
1998	2657	
2657	1998	
618	806	
806	618	
1495	2116	
2116	1495	
881	2453	
2453	881	
580	1149	
1149	580	
297	1429	
1429	297	
1439	1762	
1762	1439	
714	1413	
1413	714	
1633	1832	
1832	1633	
661	2311	
2311	661	
508	1432	
1432	508	
240	1923	
1923	240	
1668	2456	
2456	1668	
1505	2648	
2648	1505	
658	2241	
2241	658	
369	2168	
2168	369	
1025	1428	
1428	1025	
1274	1807	
1807	1274	
455	975	
975	455	
895	2051	
2051	895	
694	824	
824	694	
510	1609	
1609	510	
440	2586	
2586	440	
575	1300	
1300	575	
166	2029	
2029	166	
577	2136	
2136	577	
1657	1883	
1883	1657	
822	1580	
1580	822	
371	1309	
1309	371	
1034	1171	
1171	1034	
1332	1583	
1583	1332	
1311	2531	
2531	1311	
2009	2328	
2328	2009	
619	1133	
1133	619	
282	1771	
1771	282	
372	963	
963	372	
146	1265	
1265	146	
185	1559	
1559	185	
583	1807	
1807	583	
1039	1251	
1251	1039	
171	910	
910	171	
798	1016	
1016	798	
377	1132	
1132	377	
186	1159	
1159	186	
613	2179	
2179	613	
136	1054	
1054	136	
621	823	
823	621	
1226	1700	
1700	1226	
738	1478	
1478	738	
1671	1810	
1810	1671	
1987	2293	
2293	1987	
1089	2500	
2500	1089	
1073	1952	
1952	1073	
1156	1844	
1844	1156	
228	969	
969	228	
595	2324	
2324	595	
600	1749	
1749	600	
20	2609	
2609	20	
1823	2062	
2062	1823	
67	1721	
1721	67	
524	986	
986	524	
653	1169	
1169	653	
970	2456	
2456	970	
735	1787	
1787	735	
2171	2604	
2604	2171	
921	1755	
1755	921	
1668	1892	
1892	1668	
846	2006	
2006	846	
1871	2370	
2370	1871	
1541	2072	
2072	1541	
1316	1945	
1945	1316	
405	2254	
2254	405	
766	2380	
2380	766	
884	1377	
1377	884	
1943	2107	
2107	1943	
1557	2456	
2456	1557	
1757	1851	
1851	1757	
587	850	
850	587	
1541	2076	
2076	1541	
1811	2431	
2431	1811	
1669	1969	
1969	1669	
1661	2472	
2472	1661	
1082	1245	
1245	1082	
1577	1969	
1969	1577	
911	2303	
2303	911	
1827	2133	
2133	1827	
1211	1233	
1233	1211	
55	697	
697	55	
661	2042	
2042	661	
75	1586	
1586	75	
655	1213	
1213	655	
1350	2053	
2053	1350	
2090	2566	
2566	2090	
1516	1816	
1816	1516	
1316	2541	
2541	1316	
282	1740	
1740	282	
650	901	
901	650	
7	1517	
1517	7	
2	166	
166	2	
1305	1925	
1925	1305	
402	1860	
1860	402	
1216	1673	
1673	1216	
555	887	
887	555	
330	1991	
1991	330	
800	2064	
2064	800	
74	1568	
1568	74	
1797	2488	
2488	1797	
225	1409	
1409	225	
2144	2233	
2233	2144	
2066	2267	
2267	2066	
329	1089	
1089	329	
760	938	
938	760	
1218	1808	
1808	1218	
517	1451	
1451	517	
241	1988	
1988	241	
2235	2333	
2333	2235	
122	2553	
2553	122	
486	2133	
2133	486	
97	2375	
2375	97	
6	2022	
2022	6	
239	2553	
2553	239	
1338	2097	
2097	1338	
1796	1821	
1821	1796	
459	1119	
1119	459	
251	2057	
2057	251	
1274	1861	
1861	1274	
200	1783	
1783	200	
1736	2109	
2109	1736	
1666	2546	
2546	1666	
889	942	
942	889	
537	1330	
1330	537	
1744	1968	
1968	1744	
567	1678	
1678	567	
2165	2617	
2617	2165	
1852	2364	
2364	1852	
2000	2249	
2249	2000	
217	1395	
1395	217	
465	1207	
1207	465	
2132	2587	
2587	2132	
275	1171	
1171	275	
2365	2474	
2474	2365	
1112	1221	
1221	1112	
339	1057	
1057	339	
1066	1344	
1344	1066	
309	2492	
2492	309	
136	195	
195	136	
1023	1085	
1085	1023	
1859	2150	
2150	1859	
172	2347	
2347	172	
829	925	
925	829	
1221	1651	
1651	1221	
1483	1918	
1918	1483	
1240	1241	
1241	1240	
1618	1818	
1818	1618	
285	2057	
2057	285	
360	1743	
1743	360	
689	1524	
1524	689	
684	2383	
2383	684	
1430	1746	
1746	1430	
715	2080	
2080	715	
1838	1965	
1965	1838	
323	452	
452	323	
234	1882	
1882	234	
727	1042	
1042	727	
416	2624	
2624	416	
226	1847	
1847	226	
576	2505	
2505	576	
754	2074	
2074	754	
1950	2155	
2155	1950	
7	862	
862	7	
1678	2022	
2022	1678	
1842	2029	
2029	1842	
181	1200	
1200	181	
5	553	
553	5	
365	1758	
1758	365	
413	1946	
1946	413	
247	1683	
1683	247	
391	1223	
1223	391	
1318	2556	
2556	1318	
94	2019	
2019	94	
107	138	
138	107	
70	432	
432	70	
368	2254	
2254	368	
939	1523	
1523	939	
2364	2679	
2679	2364	
1271	1776	
1776	1271	
1913	2281	
2281	1913	
2115	2643	
2643	2115	
1337	1483	
1483	1337	
610	1180	
1180	610	
762	1309	
1309	762	
2039	2116	
2116	2039	
182	333	
333	182	
716	791	
791	716	
1823	2453	
2453	1823	
1444	1819	
1819	1444	
645	2157	
2157	645	
1122	2563	
2563	1122	
118	1828	
1828	118	
313	879	
879	313	
680	2601	
2601	680	
2183	2700	
2700	2183	
821	1876	
1876	821	
1314	2613	
2613	1314	
2419	2527	
2527	2419	
1319	1663	
1663	1319	
232	640	
640	232	
870	2698	
2698	870	
1240	1577	
1577	1240	
2049	2229	
2229	2049	
2192	2595	
2595	2192	
1165	1753	
1753	1165	
192	1766	
1766	192	
663	1609	
1609	663	
1086	2169	
2169	1086	
555	2695	
2695	555	
987	2593	
2593	987	
4	2136	
2136	4	
455	649	
649	455	
1749	2121	
2121	1749	
65	2204	
2204	65	
1723	2109	
2109	1723	
940	1969	
1969	940	
733	2502	
2502	733	
371	1831	
1831	371	
574	756	
756	574	
1455	1579	
1579	1455	
111	1830	
1830	111	
1383	2525	
2525	1383	
1537	1991	
1991	1537	
1332	1919	
1919	1332	
1784	2340	
2340	1784	
424	1479	
1479	424	
272	1710	
1710	272	
356	2682	
2682	356	
1583	1785	
1785	1583	
89	1690	
1690	89	
1250	2336	
2336	1250	
322	784	
784	322	
2257	2287	
2287	2257	
1534	2039	
2039	1534	
810	1386	
1386	810	
193	1704	
1704	193	
2352	2513	
2513	2352	
1617	2544	
2544	1617	
1053	2707	
2707	1053	
185	2527	
2527	185	
1495	2332	
2332	1495	
213	559	
559	213	
1043	1384	
1384	1043	
89	1623	
1623	89	
195	1228	
1228	195	
937	2127	
2127	937	
112	985	
985	112	
250	1531	
1531	250	
165	1554	
1554	165	
1664	1826	
1826	1664	
1211	2538	
2538	1211	
2273	2323	
2323	2273	
347	494	
494	347	
1277	2638	
2638	1277	
945	1697	
1697	945	
378	1683	
1683	378	
1396	1861	
1861	1396	
1276	2660	
2660	1276	
1505	1853	
1853	1505	
154	1806	
1806	154	
786	1066	
1066	786	
1023	1757	
1757	1023	
1432	1849	
1849	1432	
2116	2571	
2571	2116	
839	1429	
1429	839	
569	2284	
2284	569	
2467	2507	
2507	2467	
2345	2347	
2347	2345	
729	978	
978	729	
1773	2236	
2236	1773	
115	1014	
1014	115	
1969	2049	
2049	1969	
308	2535	
2535	308	
489	1763	
1763	489	
831	1888	
1888	831	
1196	2661	
2661	1196	
294	2630	
2630	294	
1487	2048	
2048	1487	
472	953	
953	472	
805	1876	
1876	805	
739	971	
971	739	
1051	2702	
2702	1051	
410	780	
780	410	
431	1396	
1396	431	
1618	2078	
2078	1618	
1623	2649	
2649	1623	
1077	2022	
2022	1077	
131	974	
974	131	
2014	2451	
2451	2014	
447	2332	
2332	447	
440	874	
874	440	
1278	2242	
2242	1278	
1039	1618	
1618	1039	
1791	2645	
2645	1791	
544	950	
950	544	
1952	2331	
2331	1952	
184	436	
436	184	
253	2646	
2646	253	
2126	2666	
2666	2126	
1560	1917	
1917	1560	
2040	2272	
2272	2040	
660	2578	
2578	660	
848	1771	
1771	848	
1461	2660	
2660	1461	
1802	2363	
2363	1802	
6	1228	
1228	6	
1184	1812	
1812	1184	
1724	1975	
1975	1724	
467	2348	
2348	467	
262	1449	
1449	262	
271	1143	
1143	271	
1605	2269	
2269	1605	
409	2157	
2157	409	
737	1227	
1227	737	
1221	1588	
1588	1221	
926	2096	
2096	926	
1053	2672	
2672	1053	
2577	2610	
2610	2577	
1327	2122	
2122	1327	
173	2017	
2017	173	
1490	2080	
2080	1490	
1210	1471	
1471	1210	
749	1639	
1639	749	
698	2091	
2091	698	
97	535	
535	97	
1784	2007	
2007	1784	
1991	2613	
2613	1991	
1209	1254	
1254	1209	
2165	2396	
2396	2165	
848	948	
948	848	
1164	2095	
2095	1164	
611	658	
658	611	
1745	2499	
2499	1745	
496	2566	
2566	496	
1769	1779	
1779	1769	
156	1251	
1251	156	
82	2376	
2376	82	
1321	1444	
1444	1321	
1454	1596	
1596	1454	
452	2629	
2629	452	
854	2169	
2169	854	
264	1928	
1928	264	
1588	2222	
2222	1588	
99	2633	
2633	99	
1296	2318	
2318	1296	
472	809	
809	472	
151	2535	
2535	151	
556	1284	
1284	556	
712	2539	
2539	712	
671	2275	
2275	671	
2374	2557	
2557	2374	
820	1179	
1179	820	
627	1260	
1260	627	
1157	1832	
1832	1157	
1854	2282	
2282	1854	
1261	2706	
2706	1261	
1623	1858	
1858	1623	
184	669	
669	184	
57	1035	
1035	57	
981	1599	
1599	981	
1906	2035	
2035	1906	
1846	2446	
2446	1846	
83	552	
552	83	
1266	2569	
2569	1266	
133	2700	
2700	133	
313	1329	
1329	313	
372	411	
411	372	
735	1531	
1531	735	
1490	1710	
1710	1490	
278	1913	
1913	278	
1702	2186	
2186	1702	
270	1887	
1887	270	
1979	2096	
2096	1979	
135	1767	
1767	135	
2049	2118	
2118	2049	
714	2259	
2259	714	
576	1569	
1569	576	
1194	1331	
1331	1194	
1142	2403	
2403	1142	
2414	2418	
2418	2414	
447	593	
593	447	
2414	2531	
2531	2414	
364	1093	
1093	364	
273	2298	
2298	273	
1679	2441	
2441	1679	
1103	1391	
1391	1103	
1307	1946	
1946	1307	
44	1972	
1972	44	
780	2487	
2487	780	
1389	2372	
2372	1389	
371	725	
725	371	
2283	2461	
2461	2283	
776	2560	
2560	776	
323	1495	
1495	323	
560	1299	
1299	560	
1669	2513	
2513	1669	
562	1657	
1657	562	
1013	1470	
1470	1013	
308	663	
663	308	
461	909	
909	461	
534	667	
667	534	
216	2026	
2026	216	
1287	1810	
1810	1287	
140	2047	
2047	140	
1088	1839	
1839	1088	
1979	2591	
2591	1979	
145	175	
175	145	
914	1984	
1984	914	
1634	1994	
1994	1634	
67	1834	
1834	67	
1216	2084	
2084	1216	
190	1934	
1934	190	
243	1364	
1364	243	
235	554	
554	235	
673	841	
841	673	
1309	1759	
1759	1309	
168	1013	
1013	168	
1281	1881	
1881	1281	
1101	1372	
1372	1101	
818	2012	
2012	818	
1476	1773	
1773	1476	
1524	2335	
2335	1524	
414	2406	
2406	414	
212	2553	
2553	212	
850	1950	
1950	850	
1000	1183	
1183	1000	
367	798	
798	367	
943	1470	
1470	943	
86	1192	
1192	86	
1905	2142	
2142	1905	
1624	1702	
1702	1624	
1099	1878	
1878	1099	
454	1439	
1439	454	
2063	2184	
2184	2063	
687	2694	
2694	687	
271	554	
554	271	
1009	2552	
2552	1009	
1770	1824	
1824	1770	
990	2269	
2269	990	
537	1924	
1924	537	
1039	1180	
1180	1039	
1902	2455	
2455	1902	
324	1475	
1475	324	
786	2291	
2291	786	
544	1325	
1325	544	
398	1061	
1061	398	
589	625	
625	589	
190	2171	
2171	190	
1553	1808	
1808	1553	
1222	1636	
1636	1222	
2355	2420	
2420	2355	
571	1023	
1023	571	
556	2248	
2248	556	
2	845	
845	2	
1142	2277	
2277	1142	
745	1332	
1332	745	
198	508	
508	198	
2230	2465	
2465	2230	
1654	2419	
2419	1654	
85	2679	
2679	85	
771	1336	
1336	771	
1292	2156	
2156	1292	
619	1006	
1006	619	
1465	1803	
1803	1465	
1892	2309	
2309	1892	
576	2205	
2205	576	
1223	1664	
1664	1223	
2357	2590	
2590	2357	
2005	2060	
2060	2005	
931	1673	
1673	931	
588	817	
817	588	
36	2476	
2476	36	
1752	1971	
1971	1752	
476	1556	
1556	476	
147	2095	
2095	147	
793	1848	
1848	793	
888	1481	
1481	888	
575	2014	
2014	575	
1820	2698	
2698	1820	
499	1807	
1807	499	
159	927	
927	159	
573	632	
632	573	
1252	1374	
1374	1252	
307	2429	
2429	307	
1565	1677	
1677	1565	
320	462	
462	320	
293	919	
919	293	
1930	2065	
2065	1930	
504	1938	
1938	504	
389	2652	
2652	389	
1611	1841	
1841	1611	
1619	2545	
2545	1619	
1955	2548	
2548	1955	
1240	1610	
1610	1240	
1778	1956	
1956	1778	
1785	1827	
1827	1785	
1193	2264	
2264	1193	
1300	1716	
1716	1300	
1493	1908	
1908	1493	
1306	2036	
2036	1306	
2367	2690	
2690	2367	
318	449	
449	318	
714	2305	
2305	714	
1551	1652	
1652	1551	
872	1721	
1721	872	
783	1264	
1264	783	
1730	1815	
1815	1730	
2187	2368	
2368	2187	
1638	2611	
2611	1638	
353	1105	
1105	353	
516	1888	
1888	516	
1839	2514	
2514	1839	
996	2636	
2636	996	
1227	2546	
2546	1227	
1085	2064	
2064	1085	
1193	1817	
1817	1193	
1136	1826	
1826	1136	
617	2260	
2260	617	
570	2127	
2127	570	
496	1605	
1605	496	
2207	2483	
2483	2207	
1567	1835	
1835	1567	
672	2495	
2495	672	
942	2697	
2697	942	
169	2510	
2510	169	
1110	2700	
2700	1110	
791	1317	
1317	791	
151	915	
915	151	
1322	2487	
2487	1322	
259	371	
371	259	
508	827	
827	508	
1753	2491	
2491	1753	
900	2419	
2419	900	
980	2112	
2112	980	
1257	2461	
2461	1257	
1400	2135	
2135	1400	
911	1354	
1354	911	
411	1106	
1106	411	
1539	2073	
2073	1539	
446	758	
758	446	
9	2398	
2398	9	
2352	2596	
2596	2352	
1185	2257	
2257	1185	
163	1470	
1470	163	
209	794	
794	209	
242	590	
590	242	
1395	2575	
2575	1395	
1502	2281	
2281	1502	
3	790	
790	3	
1026	2579	
2579	1026	
1599	2449	
2449	1599	
1700	1905	
1905	1700	
644	1076	
1076	644	
984	2262	
2262	984	
2228	2386	
2386	2228	
1873	2576	
2576	1873	
1628	1801	
1801	1628	
1616	2164	
2164	1616	
192	1317	
1317	192	
510	1427	
1427	510	
105	2610	
2610	105	
1668	2435	
2435	1668	
747	2474	
2474	747	
1016	2230	
2230	1016	
1139	1354	
1354	1139	
1424	1895	
1895	1424	
632	1584	
1584	632	
773	2140	
2140	773	
645	2344	
2344	645	
239	1070	
1070	239	
71	1899	
1899	71	
1145	1580	
1580	1145	
771	1299	
1299	771	
675	973	
973	675	
620	1224	
1224	620	
2123	2682	
2682	2123	
465	1016	
1016	465	
263	1406	
1406	263	
438	1142	
1142	438	
1860	2435	
2435	1860	
1227	2160	
2160	1227	
479	903	
903	479	
1791	1929	
1929	1791	
1022	1569	
1569	1022	
327	421	
421	327	
1232	1912	
1912	1232	
1055	1544	
1544	1055	
1290	1746	
1746	1290	
133	1107	
1107	133	
894	1019	
1019	894	
1054	1149	
1149	1054	
1289	2414	
2414	1289	
1015	1760	
1760	1015	
905	1754	
1754	905	
111	1586	
1586	111	
9	508	
508	9	
1452	2636	
2636	1452	
442	1287	
1287	442	
368	463	
463	368	
1156	2461	
2461	1156	
1692	2263	
2263	1692	
1867	2394	
2394	1867	
1081	1398	
1398	1081	
767	2324	
2324	767	
480	1258	
1258	480	
1406	2271	
2271	1406	
811	1326	
1326	811	
1410	2293	
2293	1410	
445	1484	
1484	445	
1870	1938	
1938	1870	
887	1840	
1840	887	
38	1279	
1279	38	
860	2076	
2076	860	
2128	2515	
2515	2128	
11	2225	
2225	11	
293	1659	
1659	293	
944	1297	
1297	944	
170	1873	
1873	170	
1588	2328	
2328	1588	
924	2477	
2477	924	
1477	1551	
1551	1477	
305	1837	
1837	305	
30	1946	
1946	30	
459	1662	
1662	459	
423	566	
566	423	
763	1487	
1487	763	
1794	2514	
2514	1794	
1171	2386	
2386	1171	
1017	1846	
1846	1017	
906	1085	
1085	906	
1261	2061	
2061	1261	
244	1480	
1480	244	
903	1948	
1948	903	
474	2007	
2007	474	
516	2359	
2359	516	
543	758	
758	543	
1033	1474	
1474	1033	
790	2398	
2398	790	
1314	1799	
1799	1314	
1767	2590	
2590	1767	
1460	2217	
2217	1460	
297	499	
499	297	
943	2320	
2320	943	
877	1090	
1090	877	
1536	2345	
2345	1536	
1350	1741	
1741	1350	
904	2318	
2318	904	
736	1764	
1764	736	
464	1572	
1572	464	
1554	2002	
2002	1554	
166	1196	
1196	166	
429	537	
537	429	
758	2303	
2303	758	
1414	1865	
1865	1414	
1315	2632	
2632	1315	
1286	1436	
1436	1286	
1324	1488	
1488	1324	
674	2343	
2343	674	
2283	2470	
2470	2283	
18	2512	
2512	18	
1070	2132	
2132	1070	
901	2597	
2597	901	
946	1698	
1698	946	
2085	2277	
2277	2085	
676	1323	
1323	676	
571	733	
733	571	
748	1761	
1761	748	
1547	1775	
1775	1547	
2074	2319	
2319	2074	
1407	2121	
2121	1407	
139	1697	
1697	139	
211	1504	
1504	211	
867	1977	
1977	867	
1408	2063	
2063	1408	
19	647	
647	19	
116	1223	
1223	116	
175	1001	
1001	175	
669	984	
984	669	
129	1546	
1546	129	
394	589	
589	394	
477	1904	
1904	477	
319	1644	
1644	319	
687	2669	
2669	687	
919	1747	
1747	919	
427	2115	
2115	427	
1061	1122	
1122	1061	
1487	1962	
1962	1487	
1235	1365	
1365	1235	
1370	2289	
2289	1370	
15	399	
399	15	
968	1519	
1519	968	
625	2229	
2229	625	
876	1894	
1894	876	
485	865	
865	485	
1596	2229	
2229	1596	
545	1634	
1634	545	
889	2282	
2282	889	
705	2417	
2417	705	
740	1455	
1455	740	
228	555	
555	228	
663	1535	
1535	663	
2102	2342	
2342	2102	
881	1061	
1061	881	
1157	1870	
1870	1157	
258	1600	
1600	258	
439	1844	
1844	439	
1952	2241	
2241	1952	
201	1688	
1688	201	
576	2054	
2054	576	
1024	1479	
1479	1024	
668	1179	
1179	668	
1389	1937	
1937	1389	
1096	2508	
2508	1096	
457	2104	
2104	457	
565	813	
813	565	
1488	1703	
1703	1488	
369	1426	
1426	369	
682	1946	
1946	682	
678	679	
679	678	
5	1552	
1552	5	
1249	1593	
1593	1249	
358	707	
707	358	
504	2203	
2203	504	
973	2346	
2346	973	
2197	2429	
2429	2197	
1323	2692	
2692	1323	
348	953	
953	348	
41	2117	
2117	41	
542	2682	
2682	542	
21	1257	
1257	21	
174	2198	
2198	174	
177	1718	
1718	177	
707	1096	
1096	707	
1108	1593	
1593	1108	
1585	2252	
2252	1585	
0	1507	
1507	0	
215	1095	
1095	215	
617	1767	
1767	617	
171	1443	
1443	171	
265	495	
495	265	
1944	2359	
2359	1944	
850	2666	
2666	850	
107	1015	
1015	107	
78	688	
688	78	
1116	1276	
1276	1116	
1591	2099	
2099	1591	
463	1862	
1862	463	
832	2318	
2318	832	
280	1092	
1092	280	
254	1335	
1335	254	
1755	2452	
2452	1755	
576	659	
659	576	
1547	1656	
1656	1547	
463	2460	
2460	463	
111	1590	
1590	111	
83	1740	
1740	83	
465	1901	
1901	465	
2282	2524	
2524	2282	
26	715	
715	26	
1619	2392	
2392	1619	
478	2286	
2286	478	
842	2556	
2556	842	
1562	2095	
2095	1562	
596	1835	
1835	596	
566	1709	
1709	566	
1482	1695	
1695	1482	
808	2065	
2065	808	
19	346	
346	19	
787	1660	
1660	787	
2055	2525	
2525	2055	
1004	2595	
2595	1004	
138	1568	
1568	138	
695	2378	
2378	695	
238	1109	
1109	238	
1853	2571	
2571	1853	
493	2189	
2189	493	
977	1845	
1845	977	
522	551	
551	522	
2009	2699	
2699	2009	
638	836	
836	638	
731	1267	
1267	731	
759	1393	
1393	759	
1058	1310	
1310	1058	
1000	1548	
1548	1000	
1942	2341	
2341	1942	
319	2016	
2016	319	
897	1108	
1108	897	
252	344	
344	252	
190	1819	
1819	190	
736	1627	
1627	736	
1241	2030	
2030	1241	
15	539	
539	15	
1588	2242	
2242	1588	
331	2551	
2551	331	
249	2382	
2382	249	
539	2215	
2215	539	
601	2694	
2694	601	
1513	2646	
2646	1513	
57	1245	
1245	57	
1986	2072	
2072	1986	
519	2297	
2297	519	
180	400	
400	180	
1474	1725	
1725	1474	
1023	1750	
1750	1023	
465	1167	
1167	465	
722	2379	
2379	722	
1121	1770	
1770	1121	
1144	1747	
1747	1144	
1629	2460	
2460	1629	
539	1524	
1524	539	
464	2354	
2354	464	
927	2432	
2432	927	
17	2539	
2539	17	
527	1516	
1516	527	
1027	1210	
1210	1027	
851	2261	
2261	851	
1113	2116	
2116	1113	
1335	2104	
2104	1335	
1817	2180	
2180	1817	
1760	2139	
2139	1760	
687	1600	
1600	687	
123	2338	
2338	123	
623	2117	
2117	623	
313	1211	
1211	313	
1123	1806	
1806	1123	
1439	1784	
1784	1439	
1769	2178	
2178	1769	
301	884	
884	301	
94	2295	
2295	94	
857	2496	
2496	857	
449	1041	
1041	449	
1287	2175	
2175	1287	
632	1075	
1075	632	
329	1215	
1215	329	
1089	1945	
1945	1089	
657	1033	
1033	657	
508	2090	
2090	508	
599	1590	
1590	599	
2039	2396	
2396	2039	
671	1037	
1037	671	
415	1229	
1229	415	
1199	2503	
2503	1199	
1265	1378	
1378	1265	
486	1966	
1966	486	
186	1539	
1539	186	
504	1657	
1657	504	
221	2430	
2430	221	
55	1071	
1071	55	
881	1964	
1964	881	
24	358	
358	24	
1722	2408	
2408	1722	
486	2092	
2092	486	
494	2690	
2690	494	
1026	1090	
1090	1026	
969	1171	
1171	969	
991	1505	
1505	991	
860	1298	
1298	860	
218	604	
604	218	
487	593	
593	487	
779	2615	
2615	779	
841	2297	
2297	841	
334	689	
689	334	
1017	1607	
1607	1017	
22	1053	
1053	22	
37	2364	
2364	37	
1985	2126	
2126	1985	
867	1398	
1398	867	
212	2083	
2083	212	
2176	2703	
2703	2176	
1904	2310	
2310	1904	
623	1469	
1469	623	
219	1105	
1105	219	
1950	2099	
2099	1950	
750	1310	
1310	750	
3	1380	
1380	3	
369	1868	
1868	369	
765	1322	
1322	765	
753	1846	
1846	753	
873	1563	
1563	873	
1719	2427	
2427	1719	
1218	2302	
2302	1218	
1377	2552	
2552	1377	
48	984	
984	48	
920	1426	
1426	920	
249	2161	
2161	249	
971	1018	
1018	971	
2185	2569	
2569	2185	
1089	2170	
2170	1089	
404	2449	
2449	404	
143	862	
862	143	
2299	2622	
2622	2299	
376	1297	
1297	376	
218	1401	
1401	218	
468	2632	
2632	468	
525	2516	
2516	525	
958	2465	
2465	958	
1380	1517	
1517	1380	
1266	1630	
1630	1266	
933	2435	
2435	933	
829	2026	
2026	829	
122	2299	
2299	122	
712	1183	
1183	712	
688	947	
947	688	
219	1018	
1018	219	
1284	2463	
2463	1284	
581	650	
650	581	
0	1342	
1342	0	
1218	2427	
2427	1218	
939	2064	
2064	939	
651	1582	
1582	651	
812	2244	
2244	812	
907	2617	
2617	907	
926	1794	
1794	926	
665	1792	
1792	665	
2407	2434	
2434	2407	
19	2673	
2673	19	
398	489	
489	398	
261	2202	
2202	261	
45	1765	
1765	45	
1601	2701	
2701	1601	
1556	2511	
2511	1556	
1145	2541	
2541	1145	
721	2517	
2517	721	
360	2315	
2315	360	
1947	2417	
2417	1947	
394	2210	
2210	394	
54	2111	
2111	54	
97	1017	
1017	97	
792	1055	
1055	792	
61	260	
260	61	
781	791	
791	781	
172	2357	
2357	172	
554	678	
678	554	
1956	2427	
2427	1956	
1421	2484	
2484	1421	
688	981	
981	688	
72	1976	
1976	72	
1252	2143	
2143	1252	
341	1324	
1324	341	
96	1121	
1121	96	
277	1798	
1798	277	
1342	2575	
2575	1342	
122	273	
273	122	
1385	1791	
1791	1385	
478	2501	
2501	478	
1088	2002	
2002	1088	
845	1164	
1164	845	
169	951	
951	169	
938	1562	
1562	938	
311	1209	
1209	311	
1760	2459	
2459	1760	
158	1867	
1867	158	
50	1145	
1145	50	
2289	2532	
2532	2289	
1314	1524	
1524	1314	
378	1379	
1379	378	
277	1232	
1232	277	
374	784	
784	374	
205	1909	
1909	205	
699	2434	
2434	699	
257	1537	
1537	257	
855	2416	
2416	855	
1993	2102	
2102	1993	
544	788	
788	544	
1125	1739	
1739	1125	
1897	2041	
2041	1897	
300	1739	
1739	300	
421	1643	
1643	421	
1187	2386	
2386	1187	
1148	2116	
2116	1148	
409	1005	
1005	409	
485	1737	
1737	485	
346	677	
677	346	
15	632	
632	15	
88	1425	
1425	88	
2385	2516	
2516	2385	
240	969	
969	240	
955	2294	
2294	955	
87	1533	
1533	87	
342	2417	
2417	342	
1271	2706	
2706	1271	
1032	1619	
1619	1032	
1029	1268	
1268	1029	
1101	2557	
2557	1101	
666	1566	
1566	666	
391	2580	
2580	391	
1004	2330	
2330	1004	
581	2257	
2257	581	
1334	2216	
2216	1334	
2402	2635	
2635	2402	
154	2290	
2290	154	
1485	2392	
2392	1485	
1339	1340	
1340	1339	
2261	2482	
2482	2261	
2470	2664	
2664	2470	
2169	2480	
2480	2169	
1528	1624	
1624	1528	
1287	2680	
2680	1287	
453	1805	
1805	453	
2321	2354	
2354	2321	
86	2241	
2241	86	
656	1296	
1296	656	
2022	2361	
2361	2022	
1810	2436	
2436	1810	
668	2087	
2087	668	
1786	1884	
1884	1786	
47	1798	
1798	47	
2088	2365	
2365	2088	
1228	1293	
1293	1228	
1052	2415	
2415	1052	
834	861	
861	834	
1641	2191	
2191	1641	
28	2701	
2701	28	
1577	2153	
2153	1577	
984	2516	
2516	984	
179	1746	
1746	179	
23	828	
828	23	
1538	2452	
2452	1538	
1988	2367	
2367	1988	
735	1066	
1066	735	
1671	1820	
1820	1671	
705	1646	
1646	705	
128	1784	
1784	128	
433	1204	
1204	433	
408	1082	
1082	408	
291	754	
754	291	
976	1838	
1838	976	
374	2099	
2099	374	
98	2076	
2076	98	
25	663	
663	25	
1990	2458	
2458	1990	
36	1667	
1667	36	
1628	1911	
1911	1628	
344	394	
394	344	
1216	1974	
1974	1216	
2028	2135	
2135	2028	
1667	2594	
2594	1667	
592	774	
774	592	
574	1269	
1269	574	
348	1646	
1646	348	
2346	2693	
2693	2346	
895	960	
960	895	
121	600	
600	121	
1431	1499	
1499	1431	
201	894	
894	201	
111	1203	
1203	111	
303	1705	
1705	303	
2223	2602	
2602	2223	
774	2347	
2347	774	
496	1932	
1932	496	
1139	1898	
1898	1139	
121	759	
759	121	
699	1480	
1480	699	
1028	2232	
2232	1028	
42	2208	
2208	42	
693	2234	
2234	693	
95	1049	
1049	95	
142	293	
293	142	
365	911	
911	365	
156	2635	
2635	156	
1575	1981	
1981	1575	
797	1565	
1565	797	
210	620	
620	210	
358	372	
372	358	
1394	2502	
2502	1394	
636	646	
646	636	
199	476	
476	199	
1042	2143	
2143	1042	
255	1586	
1586	255	
267	1943	
1943	267	
1048	1405	
1405	1048	
1025	1855	
1855	1025	
941	1848	
1848	941	
543	935	
935	543	
658	2433	
2433	658	
1248	1745	
1745	1248	
888	1351	
1351	888	
967	1363	
1363	967	
1319	2043	
2043	1319	
32	1957	
1957	32	
660	1049	
1049	660	
336	1712	
1712	336	
334	2085	
2085	334	
345	1762	
1762	345	
321	628	
628	321	
747	1408	
1408	747	
153	280	
280	153	
127	2527	
2527	127	
2618	2687	
2687	2618	
1155	1541	
1541	1155	
124	138	
138	124	
480	2009	
2009	480	
1119	1304	
1304	1119	
1555	1666	
1666	1555	
554	2065	
2065	554	
1178	2086	
2086	1178	
305	961	
961	305	
1846	2592	
2592	1846	
672	1235	
1235	672	
1338	1662	
1662	1338	
1149	2397	
2397	1149	
283	435	
435	283	
119	2629	
2629	119	
383	2421	
2421	383	
347	2466	
2466	347	
723	2194	
2194	723	
1083	2014	
2014	1083	
325	2628	
2628	325	
535	2374	
2374	535	
1455	2604	
2604	1455	
1663	1948	
1948	1663	
973	2411	
2411	973	
1107	2205	
2205	1107	
530	1705	
1705	530	
462	1204	
1204	462	
184	336	
336	184	
2149	2685	
2685	2149	
2292	2650	
2650	2292	
2048	2177	
2177	2048	
221	1185	
1185	221	
901	1469	
1469	901	
887	2485	
2485	887	
2065	2145	
2145	2065	
504	778	
778	504	
796	2028	
2028	796	
1661	2700	
2700	1661	
48	1027	
1027	48	
394	1912	
1912	394	
771	1764	
1764	771	
76	2259	
2259	76	
2053	2268	
2268	2053	
1187	1695	
1695	1187	
835	1900	
1900	835	
405	725	
725	405	
265	1351	
1351	265	
1084	1127	
1127	1084	
465	980	
980	465	
553	2682	
2682	553	
2559	2662	
2662	2559	
2464	2549	
2549	2464	
961	1740	
1740	961	
356	2432	
2432	356	
575	740	
740	575	
857	1176	
1176	857	
1356	1794	
1794	1356	
284	844	
844	284	
924	1008	
1008	924	
475	827	
827	475	
437	476	
476	437	
1480	1781	
1781	1480	
370	445	
445	370	
1132	1604	
1604	1132	
632	918	
918	632	
371	436	
436	371	
400	724	
724	400	
1955	1970	
1970	1955	
2043	2510	
2510	2043	
351	1288	
1288	351	
92	1279	
1279	92	
1678	1778	
1778	1678	
1683	2593	
2593	1683	
814	1870	
1870	814	
977	1785	
1785	977	
2371	2535	
2535	2371	
2054	2671	
2671	2054	
1267	2634	
2634	1267	
419	1999	
1999	419	
505	2311	
2311	505	
1210	2626	
2626	1210	
111	2124	
2124	111	
2283	2457	
2457	2283	
1806	2595	
2595	1806	
989	1474	
1474	989	
1206	2069	
2069	1206	
742	2581	
2581	742	
186	621	
621	186	
846	1676	
1676	846	
1266	2555	
2555	1266	
1290	1890	
1890	1290	
505	1302	
1302	505	
228	2597	
2597	228	
656	2223	
2223	656	
1347	1758	
1758	1347	
321	430	
430	321	
2	1567	
1567	2	
1782	2279	
2279	1782	
997	2269	
2269	997	
116	1734	
1734	116	
71	560	
560	71	
2013	2389	
2389	2013	
2074	2679	
2679	2074	
720	817	
817	720	
2146	2390	
2390	2146	
389	1457	
1457	389	
543	2559	
2559	543	
871	1227	
1227	871	
607	1422	
1422	607	
505	2528	
2528	505	
1149	1737	
1737	1149	
409	2194	
2194	409	
821	1278	
1278	821	
817	2073	
2073	817	
1568	2253	
2253	1568	
1448	1555	
1555	1448	
1219	2484	
2484	1219	
1194	2149	
2149	1194	
435	2546	
2546	435	
1980	2655	
2655	1980	
1993	2613	
2613	1993	
585	1705	
1705	585	
83	2167	
2167	83	
1095	1583	
1583	1095	
227	1395	
1395	227	
722	2091	
2091	722	
2419	2673	
2673	2419	
1110	2024	
2024	1110	
286	2443	
2443	286	
1341	1499	
1499	1341	
156	2505	
2505	156	
2082	2181	
2181	2082	
2222	2234	
2234	2222	
1525	1701	
1701	1525	
661	1902	
1902	661	
482	2075	
2075	482	
131	1667	
1667	131	
1731	1982	
1982	1731	
1608	1681	
1681	1608	
922	1140	
1140	922	
814	2283	
2283	814	
596	1358	
1358	596	
612	2662	
2662	612	
913	2100	
2100	913	
1166	2433	
2433	1166	
1094	2079	
2079	1094	
379	684	
684	379	
57	2337	
2337	57	
933	2293	
2293	933	
2123	2451	
2451	2123	
1313	2134	
2134	1313	
21	779	
779	21	
1251	1748	
1748	1251	
511	828	
828	511	
1850	2352	
2352	1850	
906	967	
967	906	
1544	2054	
2054	1544	
1060	1986	
1986	1060	
359	2140	
2140	359	
1952	2224	
2224	1952	
953	2313	
2313	953	
743	1376	
1376	743	
622	1379	
1379	622	
574	1834	
1834	574	
1056	2310	
2310	1056	
394	1132	
1132	394	
431	1869	
1869	431	
109	1060	
1060	109	
436	703	
703	436	
69	899	
899	69	
40	1637	
1637	40	
1373	2476	
2476	1373	
894	1539	
1539	894	
53	2569	
2569	53	
98	2446	
2446	98	
2017	2099	
2099	2017	
729	910	
910	729	
1307	2220	
2220	1307	
191	824	
824	191	
1117	1282	
1282	1117	
1737	2387	
2387	1737	
1536	2153	
2153	1536	
488	1734	
1734	488	
1693	2304	
2304	1693	
1614	1938	
1938	1614	
851	2610	
2610	851	
627	720	
720	627	
1297	1815	
1815	1297	
363	1860	
1860	363	
175	885	
885	175	
131	848	
848	131	
1574	2277	
2277	1574	
1754	2684	
2684	1754	
158	2706	
2706	158	
1677	2174	
2174	1677	
857	2196	
2196	857	
1210	1577	
1577	1210	
1859	1935	
1935	1859	
1133	2606	
2606	1133	
69	2488	
2488	69	
24	1256	
1256	24	
1590	2706	
2706	1590	
819	2395	
2395	819	
432	1408	
1408	432	
446	458	
458	446	
379	1921	
1921	379	
220	2297	
2297	220	
819	2548	
2548	819	
629	1008	
1008	629	
383	1198	
1198	383	
963	1163	
1163	963	
1367	2604	
2604	1367	
1034	2514	
2514	1034	
2112	2284	
2284	2112	
1403	1650	
1650	1403	
140	2401	
2401	140	
865	1786	
1786	865	
298	1103	
1103	298	
888	2084	
2084	888	
384	2378	
2378	384	
793	1253	
1253	793	
228	1549	
1549	228	
575	1336	
1336	575	
2465	2532	
2532	2465	
737	980	
980	737	
569	2068	
2068	569	
158	1995	
1995	158	
91	1799	
1799	91	
7	1393	
1393	7	
828	1947	
1947	828	
969	1157	
1157	969	
629	1278	
1278	629	
8	303	
303	8	
572	590	
590	572	
806	2257	
2257	806	
1404	2636	
2636	1404	
1854	2499	
2499	1854	
359	2141	
2141	359	
120	670	
670	120	
276	1414	
1414	276	
1989	2280	
2280	1989	
231	1363	
1363	231	
1264	2089	
2089	1264	
1254	1294	
1294	1254	
2091	2699	
2699	2091	
796	1142	
1142	796	
111	984	
984	111	
387	1270	
1270	387	
376	1358	
1358	376	
265	1052	
1052	265	
1810	2085	
2085	1810	
553	1780	
1780	553	
2019	2401	
2401	2019	
568	2695	
2695	568	
1802	2501	
2501	1802	
770	1543	
1543	770	
930	983	
983	930	
1257	2016	
2016	1257	
2589	2590	
2590	2589	
1012	1035	
1035	1012	
987	1117	
1117	987	
372	996	
996	372	
113	2516	
2516	113	
1908	2048	
2048	1908	
1120	2647	
2647	1120	
469	2641	
2641	469	
164	289	
289	164	
213	283	
283	213	
353	1679	
1679	353	
376	1630	
1630	376	
579	1190	
1190	579	
773	1682	
1682	773	
2271	2468	
2468	2271	
449	866	
866	449	
248	653	
653	248	
1174	1483	
1483	1174	
241	1498	
1498	241	
45	1136	
1136	45	
312	2013	
2013	312	
1196	1464	
1464	1196	
746	1298	
1298	746	
1524	2292	
2292	1524	
967	2219	
2219	967	
382	1436	
1436	382	
152	1267	
1267	152	
493	787	
787	493	
324	2348	
2348	324	
612	1974	
1974	612	
1185	2657	
2657	1185	
835	1162	
1162	835	
999	1957	
1957	999	
867	2471	
2471	867	
471	2199	
2199	471	
40	213	
213	40	
576	2375	
2375	576	
2137	2648	
2648	2137	
883	2478	
2478	883	
1754	2698	
2698	1754	
700	1755	
1755	700	
0	1982	
1982	0	
953	2425	
2425	953	
538	833	
833	538	
789	2390	
2390	789	
526	1932	
1932	526	
765	1945	
1945	765	
489	1715	
1715	489	
318	1014	
1014	318	
2482	2500	
2500	2482	
902	2160	
2160	902	
430	1553	
1553	430	
1542	2069	
2069	1542	
378	1845	
1845	378	
734	1157	
1157	734	
1046	2649	
2649	1046	
1110	1761	
1761	1110	
649	1587	
1587	649	
921	1204	
1204	921	
2129	2333	
2333	2129	
686	1708	
1708	686	
978	2068	
2068	978	
276	1909	
1909	276	
774	1941	
1941	774	
566	1486	
1486	566	
943	2042	
2042	943	
28	1841	
1841	28	
1015	1445	
1445	1015	
2227	2621	
2621	2227	
1679	1811	
1811	1679	
715	1686	
1686	715	
621	960	
960	621	
408	833	
833	408	
91	1505	
1505	91	
1475	2073	
2073	1475	
739	1116	
1116	739	
252	350	
350	252	
233	2432	
2432	233	
1655	2410	
2410	1655	
180	420	
420	180	
516	2270	
2270	516	
430	1828	
1828	430	
736	2620	
2620	736	
1272	2286	
2286	1272	
177	1698	
1698	177	
820	1466	
1466	820	
1740	1928	
1928	1740	
378	1913	
1913	378	
478	866	
866	478	
1644	2474	
2474	1644	
320	2422	
2422	320	
1623	2571	
2571	1623	
1049	2492	
2492	1049	
1507	2183	
2183	1507	
504	916	
916	504	
1707	2153	
2153	1707	
125	1378	
1378	125	
2353	2556	
2556	2353	
530	1308	
1308	530	
236	1102	
1102	236	
169	264	
264	169	
1367	2385	
2385	1367	
386	663	
663	386	
247	1947	
1947	247	
673	2502	
2502	673	
170	323	
323	170	
1413	2595	
2595	1413	
231	2170	
2170	231	
439	1690	
1690	439	
1309	1833	
1833	1309	
805	1076	
1076	805	
841	2400	
2400	841	
1065	1243	
1243	1065	
40	696	
696	40	
1334	2006	
2006	1334	
1078	2413	
2413	1078	
792	1623	
1623	792	
2005	2452	
2452	2005	
2052	2203	
2203	2052	
298	1685	
1685	298	
1769	2549	
2549	1769	
139	271	
271	139	
996	2562	
2562	996	
406	2004	
2004	406	
1334	2531	
2531	1334	
576	2664	
2664	576	
94	2359	
2359	94	
453	2013	
2013	453	
656	1013	
1013	656	
489	812	
812	489	
1712	1891	
1891	1712	
1865	2044	
2044	1865	
1059	1227	
1227	1059	
2025	2328	
2328	2025	
1125	1573	
1573	1125	
477	1502	
1502	477	
39	2371	
2371	39	
330	505	
505	330	
749	1355	
1355	749	
1340	1602	
1602	1340	
472	2638	
2638	472	
1193	1266	
1266	1193	
2103	2215	
2215	2103	
1479	2061	
2061	1479	
932	1092	
1092	932	
1156	1653	
1653	1156	
762	1966	
1966	762	
1587	2464	
2464	1587	
1011	1310	
1310	1011	
948	2432	
2432	948	
1262	1901	
1901	1262	
998	1680	
1680	998	
1113	2244	
2244	1113	
876	1875	
1875	876	
24	195	
195	24	
2022	2375	
2375	2022	
963	1396	
1396	963	
1121	1634	
1634	1121	
1650	1799	
1799	1650	
680	2167	
2167	680	
307	1186	
1186	307	
385	433	
433	385	
1337	1444	
1444	1337	
871	2693	
2693	871	
1048	1454	
1454	1048	
2499	2620	
2620	2499	
1208	2116	
2116	1208	
1144	2163	
2163	1144	
1764	2467	
2467	1764	
1192	1608	
1608	1192	
213	654	
654	213	
473	2566	
2566	473	
1323	1517	
1517	1323	
790	1737	
1737	790	
448	2680	
2680	448	
192	607	
607	192	
72	1547	
1547	72	
161	1914	
1914	161	
926	1608	
1608	926	
3	1901	
1901	3	
745	854	
854	745	
559	2038	
2038	559	
2415	2696	
2696	2415	
172	2544	
2544	172	
486	2391	
2391	486	
67	1372	
1372	67	
2397	2425	
2425	2397	
381	2684	
2684	381	
584	2016	
2016	584	
1782	2603	
2603	1782	
407	1471	
1471	407	
1002	1487	
1487	1002	
100	582	
582	100	
1873	1902	
1902	1873	
625	1860	
1860	625	
567	1373	
1373	567	
2328	2401	
2401	2328	
839	1970	
1970	839	
76	1115	
1115	76	
1168	1366	
1366	1168	
335	1578	
1578	335	
2572	2683	
2683	2572	
418	1679	
1679	418	
385	2266	
2266	385	
178	2098	
2098	178	
826	1809	
1809	826	
244	616	
616	244	
1775	2216	
2216	1775	
1097	1962	
1962	1097	
591	1893	
1893	591	
161	2371	
2371	161	
1652	2523	
2523	1652	
353	2078	
2078	353	
1210	2363	
2363	1210	
751	1706	
1706	751	
456	2013	
2013	456	
574	758	
758	574	
2045	2521	
2521	2045	
632	955	
955	632	
1371	2148	
2148	1371	
466	639	
639	466	
2059	2114	
2114	2059	
865	2168	
2168	865	
1345	1909	
1909	1345	
4	1044	
1044	4	
1036	1901	
1901	1036	
499	2023	
2023	499	
591	1331	
1331	591	
609	1635	
1635	609	
2100	2386	
2386	2100	
556	2417	
2417	556	
597	907	
907	597	
441	2011	
2011	441	
1299	2674	
2674	1299	
394	2143	
2143	394	
614	1199	
1199	614	
323	914	
914	323	
336	2013	
2013	336	
850	2657	
2657	850	
729	1950	
1950	729	
1291	1479	
1479	1291	
307	2395	
2395	307	
303	2030	
2030	303	
395	1480	
1480	395	
41	2461	
2461	41	
1421	2195	
2195	1421	
438	2466	
2466	438	
171	1713	
1713	171	
732	2272	
2272	732	
1425	2046	
2046	1425	
1485	1491	
1491	1485	
637	1504	
1504	637	
643	2700	
2700	643	
522	2672	
2672	522	
1165	2248	
2248	1165	
28	2640	
2640	28	
600	1174	
1174	600	
153	2088	
2088	153	
1131	1495	
1495	1131	
1759	2511	
2511	1759	
1752	1936	
1936	1752	
991	1664	
1664	991	
218	1785	
1785	218	
1549	2282	
2282	1549	
532	2163	
2163	532	
1098	1706	
1706	1098	
1829	2195	
2195	1829	
619	2104	
2104	619	
1814	2349	
2349	1814	
2113	2622	
2622	2113	
963	1825	
1825	963	
1820	2520	
2520	1820	
116	162	
162	116	
1370	2597	
2597	1370	
2038	2313	
2313	2038	
756	2649	
2649	756	
1366	1905	
1905	1366	
518	2473	
2473	518	
2400	2676	
2676	2400	
2348	2661	
2661	2348	
69	2342	
2342	69	
839	1510	
1510	839	
14	289	
289	14	
137	496	
496	137	
276	997	
997	276	
136	1929	
1929	136	
381	712	
712	381	
583	2080	
2080	583	
507	2241	
2241	507	
2014	2140	
2140	2014	
1923	2694	
2694	1923	
1668	2571	
2571	1668	
214	2511	
2511	214	
397	1100	
1100	397	
1087	1332	
1332	1087	
55	1356	
1356	55	
1232	2200	
2200	1232	
826	1078	
1078	826	
1585	2026	
2026	1585	
828	2062	
2062	828	
858	1594	
1594	858	
755	2613	
2613	755	
704	1397	
1397	704	
1238	1334	
1334	1238	
183	1790	
1790	183	
1145	2630	
2630	1145	
716	1217	
1217	716	
909	940	
940	909	
1141	2413	
2413	1141	
1350	2538	
2538	1350	
1555	1855	
1855	1555	
1593	1755	
1755	1593	
877	1134	
1134	877	
807	1359	
1359	807	
1083	1332	
1332	1083	
719	763	
763	719	
1662	2546	
2546	1662	
1510	2547	
2547	1510	
2257	2692	
2692	2257	
180	1405	
1405	180	
2070	2193	
2193	2070	
573	845	
845	573	
1401	2342	
2342	1401	
889	2665	
2665	889	
675	2253	
2253	675	
57	2434	
2434	57	
1340	2024	
2024	1340	
1175	1974	
1974	1175	
782	881	
881	782	
1971	2067	
2067	1971	
1418	2076	
2076	1418	
908	1047	
1047	908	
948	2046	
2046	948	
314	1565	
1565	314	
588	831	
831	588	
220	2633	
2633	220	
1576	2541	
2541	1576	
248	338	
338	248	
1279	2374	
2374	1279	
1211	2321	
2321	1211	
2434	2472	
2472	2434	
1329	1760	
1760	1329	
152	297	
297	152	
44	1415	
1415	44	
1055	2419	
2419	1055	
1627	1699	
1699	1627	
185	1274	
1274	185	
1560	1584	
1584	1560	
92	169	
169	92	
1576	2165	
2165	1576	
441	792	
792	441	
7	2341	
2341	7	
23	1353	
1353	23	
1830	2219	
2219	1830	
1509	1664	
1664	1509	
229	1827	
1827	229	
996	2477	
2477	996	
479	972	
972	479	
306	1440	
1440	306	
849	1561	
1561	849	
866	2341	
2341	866	
177	520	
520	177	
1408	1981	
1981	1408	
1659	2676	
2676	1659	
1627	1650	
1650	1627	
131	1514	
1514	131	
145	1842	
1842	145	
1063	1867	
1867	1063	
1112	1800	
1800	1112	
676	1763	
1763	676	
1022	2704	
2704	1022	
1592	2327	
2327	1592	
458	1169	
1169	458	
36	996	
996	36	
2444	2617	
2617	2444	
318	1482	
1482	318	
1551	2560	
2560	1551	
1170	2465	
2465	1170	
236	550	
550	236	
1319	2533	
2533	1319	
1004	1163	
1163	1004	
1089	1939	
1939	1089	
246	1864	
1864	246	
1135	1174	
1174	1135	
1566	2678	
2678	1566	
928	2494	
2494	928	
427	2378	
2378	427	
180	1763	
1763	180	
316	1678	
1678	316	
2291	2395	
2395	2291	
1074	2644	
2644	1074	
1082	1616	
1616	1082	
1268	2661	
2661	1268	
2257	2503	
2503	2257	
674	2459	
2459	674	
770	1117	
1117	770	
579	691	
691	579	
1281	1700	
1700	1281	
953	1367	
1367	953	
2329	2457	
2457	2329	
1089	2633	
2633	1089	
439	491	
491	439	
776	904	
904	776	
776	1913	
1913	776	
1682	2334	
2334	1682	
239	1150	
1150	239	
1806	2354	
2354	1806	
2498	2644	
2644	2498	
673	1736	
1736	673	
247	2478	
2478	247	
2206	2452	
2452	2206	
693	1578	
1578	693	
192	1652	
1652	192	
1344	2492	
2492	1344	
1654	2478	
2478	1654	
1520	1521	
1521	1520	
1555	1567	
1567	1555	
33	166	
166	33	
255	1939	
1939	255	
485	1830	
1830	485	
1526	2570	
2570	1526	
1557	1718	
1718	1557	
425	2464	
2464	425	
230	2495	
2495	230	
2541	2550	
2550	2541	
403	559	
559	403	
21	385	
385	21	
284	1067	
1067	284	
745	979	
979	745	
874	1219	
1219	874	
246	516	
516	246	
822	1739	
1739	822	
414	1624	
1624	414	
2172	2239	
2239	2172	
330	900	
900	330	
899	1433	
1433	899	
752	2474	
2474	752	
1913	2149	
2149	1913	
270	475	
475	270	
48	1068	
1068	48	
65	1498	
1498	65	
262	745	
745	262	
591	795	
795	591	
915	1843	
1843	915	
915	2453	
2453	915	
1196	2547	
2547	1196	
422	2511	
2511	422	
1238	2684	
2684	1238	
1659	2408	
2408	1659	
1408	2486	
2486	1408	
1254	1275	
1275	1254	
496	673	
673	496	
1005	1130	
1130	1005	
1513	2262	
2262	1513	
342	2056	
2056	342	
492	2297	
2297	492	
918	1400	
1400	918	
1828	2229	
2229	1828	
270	2362	
2362	270	
262	2345	
2345	262	
88	221	
221	88	
1131	2231	
2231	1131	
1355	1993	
1993	1355	
2284	2513	
2513	2284	
1293	2066	
2066	1293	
725	1541	
1541	725	
2057	2340	
2340	2057	
84	1224	
1224	84	
1849	2298	
2298	1849	
495	1861	
1861	495	
1553	2474	
2474	1553	
381	1170	
1170	381	
1296	2629	
2629	1296	
690	1997	
1997	690	
38	1374	
1374	38	
642	2157	
2157	642	
693	2055	
2055	693	
1018	1883	
1883	1018	
746	747	
747	746	
1910	2387	
2387	1910	
416	2479	
2479	416	
41	2570	
2570	41	
757	1808	
1808	757	
665	2256	
2256	665	
1140	1320	
1320	1140	
2031	2358	
2358	2031	
348	631	
631	348	
526	2367	
2367	526	
1711	2041	
2041	1711	
902	1045	
1045	902	
769	1754	
1754	769	
1020	1607	
1607	1020	
921	2572	
2572	921	
1108	2282	
2282	1108	
1684	1846	
1846	1684	
453	1742	
1742	453	
856	1459	
1459	856	
772	1144	
1144	772	
1182	1864	
1864	1182	
285	2680	
2680	285	
2468	2612	
2612	2468	
557	1978	
1978	557	
955	2599	
2599	955	
1235	2313	
2313	1235	
987	2612	
2612	987	
743	1707	
1707	743	
96	2159	
2159	96	
369	869	
869	369	
1183	2638	
2638	1183	
633	674	
674	633	
941	2676	
2676	941	
863	2396	
2396	863	
1652	2494	
2494	1652	
788	888	
888	788	
252	1282	
1282	252	
169	2549	
2549	169	
358	1255	
1255	358	
1727	2378	
2378	1727	
1482	2255	
2255	1482	
159	2562	
2562	159	
613	1314	
1314	613	
1733	2311	
2311	1733	
1298	1765	
1765	1298	
18	461	
461	18	
124	1118	
1118	124	
1776	2616	
2616	1776	
2280	2362	
2362	2280	
1911	1997	
1997	1911	
276	2363	
2363	276	
1139	1319	
1319	1139	
200	1631	
1631	200	
1698	2641	
2641	1698	
491	509	
509	491	
1584	2607	
2607	1584	
2240	2625	
2625	2240	
706	1085	
1085	706	
725	1511	
1511	725	
319	379	
379	319	
557	599	
599	557	
1321	2162	
2162	1321	
87	2559	
2559	87	
1399	1648	
1648	1399	
624	659	
659	624	
1370	1825	
1825	1370	
2190	2671	
2671	2190	
134	1853	
1853	134	
2017	2639	
2639	2017	
630	1268	
1268	630	
87	2173	
2173	87	
846	2553	
2553	846	
519	1081	
1081	519	
588	2236	
2236	588	
620	2379	
2379	620	
163	1685	
1685	163	
2508	2601	
2601	2508	
346	1904	
1904	346	
2153	2583	
2583	2153	
629	1635	
1635	629	
993	2174	
2174	993	
1062	1598	
1598	1062	
759	1137	
1137	759	
105	1867	
1867	105	
187	1669	
1669	187	
178	2052	
2052	178	
846	1285	
1285	846	
2090	2447	
2447	2090	
496	950	
950	496	
1955	2313	
2313	1955	
411	1080	
1080	411	
843	1106	
1106	843	
48	1423	
1423	48	
1246	2121	
2121	1246	
1817	1908	
1908	1817	
30	1373	
1373	30	
2048	2148	
2148	2048	
657	801	
801	657	
634	2640	
2640	634	
71	1455	
1455	71	
1812	2221	
2221	1812	
36	1739	
1739	36	
523	999	
999	523	
1437	2359	
2359	1437	
146	1877	
1877	146	
628	1102	
1102	628	
285	1258	
1258	285	
1410	2704	
2704	1410	
752	1659	
1659	752	
725	1702	
1702	725	
1040	2217	
2217	1040	
182	1573	
1573	182	
1365	2677	
2677	1365	
1017	2464	
2464	1017	
1631	2162	
2162	1631	
1318	2132	
2132	1318	
687	724	
724	687	
1606	2202	
2202	1606	
433	1399	
1399	433	
599	1532	
1532	599	
993	1388	
1388	993	
587	1503	
1503	587	
552	1229	
1229	552	
17	186	
186	17	
1223	2062	
2062	1223	
1029	1395	
1395	1029	
268	2552	
2552	268	
601	1271	
1271	601	
16	723	
723	16	
963	1434	
1434	963	
906	2564	
2564	906	
1461	1631	
1631	1461	
1708	2367	
2367	1708	
21	695	
695	21	
75	719	
719	75	
405	1408	
1408	405	
23	189	
189	23	
145	992	
992	145	
1813	2584	
2584	1813	
534	1580	
1580	534	
1053	2657	
2657	1053	
414	1208	
1208	414	
785	2087	
2087	785	
1674	1998	
1998	1674	
1316	2078	
2078	1316	
1004	1878	
1878	1004	
359	965	
965	359	
1924	2204	
2204	1924	
759	1328	
1328	759	
1261	1801	
1801	1261	
36	1626	
1626	36	
576	960	
960	576	
860	2123	
2123	860	
444	1323	
1323	444	
524	932	
932	524	
33	2673	
2673	33	
2447	2706	
2706	2447	
1107	1519	
1519	1107	
237	254	
254	237	
1161	2699	
2699	1161	
1186	1450	
1450	1186	
117	1752	
1752	117	
265	893	
893	265	
397	2401	
2401	397	
1265	1837	
1837	1265	
56	451	
451	56	
328	1146	
1146	328	
1592	2182	
2182	1592	
2214	2596	
2596	2214	
262	1661	
1661	262	
1432	1895	
1895	1432	
314	910	
910	314	
780	1064	
1064	780	
2411	2455	
2455	2411	
1018	1588	
1588	1018	
1348	1400	
1400	1348	
244	516	
516	244	
1252	2495	
2495	1252	
1077	2683	
2683	1077	
404	2154	
2154	404	
1982	2681	
2681	1982	
956	1633	
1633	956	
963	1015	
1015	963	
440	2483	
2483	440	
237	1364	
1364	237	
794	1255	
1255	794	
411	1815	
1815	411	
330	2315	
2315	330	
586	1231	
1231	586	
651	2243	
2243	651	
609	2011	
2011	609	
1296	1794	
1794	1296	
210	1749	
1749	210	
684	2440	
2440	684	
1864	2499	
2499	1864	
180	1446	
1446	180	
908	1342	
1342	908	
1560	2520	
2520	1560	
2138	2539	
2539	2138	
845	2412	
2412	845	
1618	2126	
2126	1618	
358	2129	
2129	358	
258	1994	
1994	258	
745	1010	
1010	745	
771	2132	
2132	771	
1223	1386	
1386	1223	
27	2049	
2049	27	
591	667	
667	591	
572	2248	
2248	572	
1355	1677	
1677	1355	
2012	2638	
2638	2012	
389	441	
441	389	
734	2165	
2165	734	
1070	1172	
1172	1070	
1792	2131	
2131	1792	
360	970	
970	360	
1349	1782	
1782	1349	
183	1506	
1506	183	
838	1859	
1859	838	
827	1351	
1351	827	
797	1519	
1519	797	
1082	1481	
1481	1082	
517	861	
861	517	
1118	1794	
1794	1118	
1653	1963	
1963	1653	
1146	2143	
2143	1146	
588	2666	
2666	588	
1078	2367	
2367	1078	
1745	1905	
1905	1745	
754	1275	
1275	754	
436	2661	
2661	436	
1052	2265	
2265	1052	
178	307	
307	178	
775	2033	
2033	775	
539	2634	
2634	539	
2123	2522	
2522	2123	
9	2212	
2212	9	
997	1248	
1248	997	
223	890	
890	223	
549	2209	
2209	549	
87	1761	
1761	87	
1648	2605	
2605	1648	
1355	2370	
2370	1355	
1367	1448	
1448	1367	
1285	1766	
1766	1285	
856	2311	
2311	856	
84	1962	
1962	84	
1368	1947	
1947	1368	
1384	2430	
2430	1384	
243	2517	
2517	243	
1552	1892	
1892	1552	
969	1385	
1385	969	
167	2333	
2333	167	
1141	2445	
2445	1141	
1005	1237	
1237	1005	
300	901	
901	300	
497	2172	
2172	497	
456	898	
898	456	
469	1497	
1497	469	
1609	2662	
2662	1609	
96	1358	
1358	96	
862	1255	
1255	862	
927	1551	
1551	927	
1580	2181	
2181	1580	
1030	2152	
2152	1030	
520	770	
770	520	
1176	2158	
2158	1176	
915	1436	
1436	915	
340	490	
490	340	
74	1922	
1922	74	
459	1279	
1279	459	
260	2084	
2084	260	
1100	1510	
1510	1100	
302	597	
597	302	
787	854	
854	787	
1463	2231	
2231	1463	
2612	2662	
2662	2612	
1178	2160	
2160	1178	
1198	1754	
1754	1198	
1753	2225	
2225	1753	
1486	1807	
1807	1486	
1039	2374	
2374	1039	
1023	1035	
1035	1023	
375	2536	
2536	375	
128	259	
259	128	
113	343	
343	113	
192	428	
428	192	
121	976	
976	121	
826	1993	
1993	826	
1201	2124	
2124	1201	
16	135	
135	16	
1340	1850	
1850	1340	
1154	1752	
1752	1154	
544	685	
685	544	
2294	2617	
2617	2294	
932	2673	
2673	932	
1785	2055	
2055	1785	
404	2497	
2497	404	
1130	1155	
1155	1130	
207	248	
248	207	
908	1925	
1925	908	
1925	2045	
2045	1925	
194	436	
436	194	
1620	2422	
2422	1620	
290	2221	
2221	290	
602	2570	
2570	602	
119	797	
797	119	
334	1720	
1720	334	
1163	2163	
2163	1163	
1105	1875	
1875	1105	
1800	1824	
1824	1800	
2032	2468	
2468	2032	
742	855	
855	742	
796	2556	
2556	796	
13	293	
293	13	
47	372	
372	47	
284	401	
401	284	
409	1331	
1331	409	
367	501	
501	367	
228	390	
390	228	
118	322	
322	118	
989	1537	
1537	989	
1258	2086	
2086	1258	
325	1326	
1326	325	
62	623	
623	62	
471	1505	
1505	471	
55	1690	
1690	55	
937	1970	
1970	937	
984	1795	
1795	984	
500	1446	
1446	500	
340	1934	
1934	340	
484	2248	
2248	484	
839	2492	
2492	839	
994	1837	
1837	994	
489	2116	
2116	489	
2139	2255	
2255	2139	
1305	1845	
1845	1305	
80	1649	
1649	80	
898	1606	
1606	898	
375	2441	
2441	375	
847	2167	
2167	847	
1146	2707	
2707	1146	
859	2050	
2050	859	
887	945	
945	887	
409	1074	
1074	409	
490	2307	
2307	490	
1596	2565	
2565	1596	
966	1635	
1635	966	
824	1105	
1105	824	
1369	1689	
1689	1369	
1217	2002	
2002	1217	
876	2136	
2136	876	
1038	1502	
1502	1038	
1092	1553	
1553	1092	
691	2125	
2125	691	
1702	1884	
1884	1702	
260	1300	
1300	260	
1261	2029	
2029	1261	
799	2260	
2260	799	
746	769	
769	746	
114	1239	
1239	114	
560	1092	
1092	560	
174	2502	
2502	174	
360	2358	
2358	360	
639	2052	
2052	639	
1024	2589	
2589	1024	
393	1880	
1880	393	
1395	2673	
2673	1395	
1599	1826	
1826	1599	
2270	2365	
2365	2270	
2223	2424	
2424	2223	
1234	1399	
1399	1234	
667	1747	
1747	667	
45	1480	
1480	45	
1726	2232	
2232	1726	
655	928	
928	655	
1141	2637	
2637	1141	
2067	2639	
2639	2067	
563	2061	
2061	563	
231	1321	
1321	231	
548	1331	
1331	548	
78	1392	
1392	78	
1296	1322	
1322	1296	
1350	1845	
1845	1350	
147	291	
291	147	
70	419	
419	70	
333	770	
770	333	
1036	1638	
1638	1036	
489	2460	
2460	489	
1481	2554	
2554	1481	
2089	2491	
2491	2089	
2187	2351	
2351	2187	
658	853	
853	658	
1555	2254	
2254	1555	
373	2180	
2180	373	
1959	2388	
2388	1959	
359	2321	
2321	359	
249	1733	
1733	249	
1561	2671	
2671	1561	
488	753	
753	488	
1517	2310	
2310	1517	
1604	2336	
2336	1604	
102	728	
728	102	
726	2587	
2587	726	
1645	1890	
1890	1645	
481	1761	
1761	481	
1232	2080	
2080	1232	
491	1903	
1903	491	
857	2006	
2006	857	
1640	2012	
2012	1640	
890	1484	
1484	890	
1577	2364	
2364	1577	
796	2131	
2131	796	
368	1520	
1520	368	
1232	1883	
1883	1232	
648	2354	
2354	648	
724	1206	
1206	724	
1840	2597	
2597	1840	
109	2336	
2336	109	
331	1711	
1711	331	
1901	2035	
2035	1901	
48	528	
528	48	
313	408	
408	313	
754	2365	
2365	754	
555	593	
593	555	
1149	1776	
1776	1149	
743	2309	
2309	743	
1685	2145	
2145	1685	
1162	1405	
1405	1162	
1425	1753	
1753	1425	
1776	2474	
2474	1776	
1745	2041	
2041	1745	
755	2019	
2019	755	
10	786	
786	10	
437	1964	
1964	437	
1687	2690	
2690	1687	
1727	1776	
1776	1727	
1972	2072	
2072	1972	
916	1430	
1430	916	
1702	2472	
2472	1702	
1400	1442	
1442	1400	
2060	2686	
2686	2060	
1094	1284	
1284	1094	
139	2537	
2537	139	
129	1471	
1471	129	
1305	2184	
2184	1305	
751	2030	
2030	751	
1450	1541	
1541	1450	
127	1159	
1159	127	
288	2082	
2082	288	
800	2294	
2294	800	
965	1172	
1172	965	
360	458	
458	360	
267	848	
848	267	
942	1206	
1206	942	
1042	2413	
2413	1042	
110	1919	
1919	110	
158	284	
284	158	
2313	2674	
2674	2313	
853	1071	
1071	853	
312	1020	
1020	312	
1932	2359	
2359	1932	
511	2076	
2076	511	
632	1671	
1671	632	
753	1683	
1683	753	
54	1408	
1408	54	
617	847	
847	617	
445	2074	
2074	445	
1428	1666	
1666	1428	
143	2305	
2305	143	
414	1790	
1790	414	
795	942	
942	795	
2157	2398	
2398	2157	
1667	2297	
2297	1667	
1030	1424	
1424	1030	
834	2035	
2035	834	
996	1712	
1712	996	
2147	2167	
2167	2147	
1278	2163	
2163	1278	
1064	1964	
1964	1064	
156	1432	
1432	156	
2037	2331	
2331	2037	
753	2065	
2065	753	
540	836	
836	540	
726	2702	
2702	726	
535	546	
546	535	
1483	2613	
2613	1483	
806	2500	
2500	806	
130	2704	
2704	130	
311	859	
859	311	
165	838	
838	165	
1603	2065	
2065	1603	
1773	1945	
1945	1773	
164	273	
273	164	
630	2225	
2225	630	
677	2095	
2095	677	
1487	1669	
1669	1487	
864	1779	
1779	864	
1465	1860	
1860	1465	
1465	1840	
1840	1465	
1504	1648	
1648	1504	
707	1950	
1950	707	
1383	2226	
2226	1383	
205	1738	
1738	205	
1166	2691	
2691	1166	
1069	2524	
2524	1069	
244	1774	
1774	244	
2237	2479	
2479	2237	
2217	2287	
2287	2217	
1519	1685	
1685	1519	
329	2353	
2353	329	
1051	2183	
2183	1051	
167	1364	
1364	167	
394	637	
637	394	
451	493	
493	451	
828	2508	
2508	828	
265	2356	
2356	265	
696	2388	
2388	696	
682	775	
775	682	
1163	1369	
1369	1163	
187	781	
781	187	
2312	2449	
2449	2312	
1040	1147	
1147	1040	
1046	1548	
1548	1046	
271	1863	
1863	271	
1259	2034	
2034	1259	
239	1099	
1099	239	
322	1759	
1759	322	
631	2305	
2305	631	
799	1867	
1867	799	
628	1787	
1787	628	
1583	2149	
2149	1583	
2495	2680	
2680	2495	
447	580	
580	447	
1060	2402	
2402	1060	
1429	1531	
1531	1429	
317	570	
570	317	
2099	2498	
2498	2099	
956	2429	
2429	956	
959	2087	
2087	959	
1933	2383	
2383	1933	
1715	1857	
1857	1715	
1517	2149	
2149	1517	
35	2538	
2538	35	
25	1244	
1244	25	
736	1159	
1159	736	
617	1841	
1841	617	
723	1513	
1513	723	
609	1674	
1674	609	
305	1182	
1182	305	
665	1195	
1195	665	
8	2545	
2545	8	
1859	2489	
2489	1859	
279	1126	
1126	279	
1011	2590	
2590	1011	
417	1507	
1507	417	
2389	2549	
2549	2389	
1474	2178	
2178	1474	
1021	1633	
1633	1021	
464	681	
681	464	
437	955	
955	437	
158	1982	
1982	158	
1778	2601	
2601	1778	
9	1779	
1779	9	
102	2692	
2692	102	
775	2281	
2281	775	
1858	2652	
2652	1858	
248	2612	
2612	248	
366	647	
647	366	
617	837	
837	617	
1888	1973	
1973	1888	
427	1064	
1064	427	
474	1520	
1520	474	
268	2306	
2306	268	
223	1974	
1974	223	
0	1521	
1521	0	
1655	2488	
2488	1655	
970	1262	
1262	970	
167	1668	
1668	167	
950	2105	
2105	950	
1909	1934	
1934	1909	
636	959	
959	636	
416	1867	
1867	416	
193	1326	
1326	193	
1980	2456	
2456	1980	
1318	1412	
1412	1318	
192	950	
950	192	
484	1605	
1605	484	
1775	2057	
2057	1775	
2113	2517	
2517	2113	
459	1076	
1076	459	
568	1644	
1644	568	
617	1005	
1005	617	
230	2163	
2163	230	
1500	2089	
2089	1500	
2203	2298	
2298	2203	
2280	2314	
2314	2280	
747	1990	
1990	747	
1133	1258	
1258	1133	
1428	1840	
1840	1428	
792	1985	
1985	792	
765	2186	
2186	765	
726	1462	
1462	726	
488	1649	
1649	488	
427	2032	
2032	427	
940	2377	
2377	940	
1296	2444	
2444	1296	
45	1674	
1674	45	
189	1211	
1211	189	
1103	2637	
2637	1103	
113	2576	
2576	113	
1072	1451	
1451	1072	
731	1648	
1648	731	
121	1559	
1559	121	
706	1549	
1549	706	
2278	2522	
2522	2278	
101	1713	
1713	101	
979	2419	
2419	979	
596	1254	
1254	596	
1311	2006	
2006	1311	
655	2259	
2259	655	
2439	2581	
2581	2439	
1887	2564	
2564	1887	
1335	2049	
2049	1335	
2105	2621	
2621	2105	
1361	2260	
2260	1361	
538	2689	
2689	538	
616	760	
760	616	
68	1391	
1391	68	
1122	2671	
2671	1122	
614	1691	
1691	614	
207	1807	
1807	207	
1721	1872	
1872	1721	
78	2131	
2131	78	
11	1179	
1179	11	
1005	1804	
1804	1005	
1034	1348	
1348	1034	
977	1358	
1358	977	
130	2296	
2296	130	
298	1470	
1470	298	
763	2204	
2204	763	
464	667	
667	464	
1073	1354	
1354	1073	
450	489	
489	450	
409	1870	
1870	409	
857	1581	
1581	857	
251	308	
308	251	
1399	1828	
1828	1399	
909	1011	
1011	909	
39	2697	
2697	39	
1195	1501	
1501	1195	
11	266	
266	11	
253	2323	
2323	253	
1143	1845	
1845	1143	
228	2194	
2194	228	
39	1672	
1672	39	
568	2304	
2304	568	
1335	1766	
1766	1335	
389	1948	
1948	389	
107	1625	
1625	107	
337	1090	
1090	337	
34	1248	
1248	34	
2270	2491	
2491	2270	
1361	2291	
2291	1361	
224	1281	
1281	224	
278	1120	
1120	278	
1543	2706	
2706	1543	
892	1910	
1910	892	
1082	1795	
1795	1082	
2134	2605	
2605	2134	
1612	2334	
2334	1612	
528	1274	
1274	528	
103	970	
970	103	
331	2064	
2064	331	
1077	2184	
2184	1077	
714	2367	
2367	714	
1208	2223	
2223	1208	
236	1177	
1177	236	
670	1265	
1265	670	
363	1449	
1449	363	
1393	1938	
1938	1393	
400	1399	
1399	400	
1937	2426	
2426	1937	
649	1724	
1724	649	
58	493	
493	58	
348	2703	
2703	348	
1275	1911	
1911	1275	
1078	1574	
1574	1078	
526	1509	
1509	526	
915	2425	
2425	915	
2046	2336	
2336	2046	
1246	2688	
2688	1246	
2069	2578	
2578	2069	
881	2585	
2585	881	
501	2613	
2613	501	
482	709	
709	482	
1347	2588	
2588	1347	
1151	2190	
2190	1151	
855	2517	
2517	855	
1612	1985	
1985	1612	
711	1948	
1948	711	
156	430	
430	156	
1351	2544	
2544	1351	
361	1866	
1866	361	
854	1780	
1780	854	
806	2665	
2665	806	
454	2686	
2686	454	
25	2701	
2701	25	
829	1703	
1703	829	
97	2387	
2387	97	
779	1596	
1596	779	
303	1539	
1539	303	
1055	2172	
2172	1055	
401	1934	
1934	401	
455	2055	
2055	455	
2151	2395	
2395	2151	
1038	2348	
2348	1038	
1801	1988	
1988	1801	
1054	2508	
2508	1054	
2180	2278	
2278	2180	
527	1402	
1402	527	
427	2185	
2185	427	
94	2699	
2699	94	
1841	2332	
2332	1841	
166	938	
938	166	
1660	1698	
1698	1660	
1	1171	
1171	1	
16	1614	
1614	16	
671	2341	
2341	671	
165	1879	
1879	165	
1513	1844	
1844	1513	
624	2655	
2655	624	
318	2117	
2117	318	
266	1360	
1360	266	
108	1902	
1902	108	
661	2154	
2154	661	
1766	2430	
2430	1766	
1012	1649	
1649	1012	
1452	1776	
1776	1452	
1418	2174	
2174	1418	
485	2603	
2603	485	
808	2265	
2265	808	
413	2484	
2484	413	
446	1540	
1540	446	
1686	2538	
2538	1686	
541	1743	
1743	541	
507	2377	
2377	507	
108	2368	
2368	108	
1268	1647	
1647	1268	
222	954	
954	222	
664	2075	
2075	664	
157	2554	
2554	157	
766	2682	
2682	766	
1511	1553	
1553	1511	
1687	2181	
2181	1687	
1632	2168	
2168	1632	
1564	2554	
2554	1564	
310	1418	
1418	310	
736	1096	
1096	736	
148	911	
911	148	
1965	1975	
1975	1965	
2559	2668	
2668	2559	
643	2272	
2272	643	
221	2047	
2047	221	
1065	2127	
2127	1065	
471	529	
529	471	
438	2241	
2241	438	
31	1017	
1017	31	
86	1994	
1994	86	
945	2010	
2010	945	
770	1599	
1599	770	
1408	2707	
2707	1408	
434	1170	
1170	434	
1466	1515	
1515	1466	
1422	2575	
2575	1422	
2122	2502	
2502	2122	
800	2392	
2392	800	
435	1216	
1216	435	
239	828	
828	239	
868	1520	
1520	868	
7	2593	
2593	7	
1562	2606	
2606	1562	
57	2458	
2458	57	
995	2590	
2590	995	
692	711	
711	692	
597	1503	
1503	597	
202	1008	
1008	202	
461	2198	
2198	461	
1037	1411	
1411	1037	
1475	1974	
1974	1475	
1639	2443	
2443	1639	
65	183	
183	65	
1490	2243	
2243	1490	
1183	1829	
1829	1183	
1891	2422	
2422	1891	
250	2579	
2579	250	
547	1081	
1081	547	
1094	2438	
2438	1094	
78	2608	
2608	78	
1382	2215	
2215	1382	
1723	2416	
2416	1723	
465	2015	
2015	465	
481	2580	
2580	481	
1418	1951	
1951	1418	
402	2218	
2218	402	
297	1269	
1269	297	
99	276	
276	99	
215	1881	
1881	215	
578	2152	
2152	578	
1229	2541	
2541	1229	
1331	1689	
1689	1331	
506	1974	
1974	506	
1030	2073	
2073	1030	
11	2094	
2094	11	
169	1849	
1849	169	
431	762	
762	431	
702	1013	
1013	702	
1652	2376	
2376	1652	
908	1778	
1778	908	
620	712	
712	620	
1726	2432	
2432	1726	
702	2160	
2160	702	
793	883	
883	793	
1609	2283	
2283	1609	
1031	1333	
1333	1031	
2199	2272	
2272	2199	
309	1509	
1509	309	
1144	2163	
2163	1144	
286	1944	
1944	286	
599	1923	
1923	599	
1956	2035	
2035	1956	
247	1369	
1369	247	
538	820	
820	538	
748	1631	
1631	748	
517	2267	
2267	517	
1529	1853	
1853	1529	
813	1000	
1000	813	
996	2444	
2444	996	
676	1991	
1991	676	
2203	2612	
2612	2203	
833	2362	
2362	833	
149	2276	
2276	149	
1094	2462	
2462	1094	
305	1838	
1838	305	
886	2004	
2004	886	
529	1109	
1109	529	
113	2513	
2513	113	
170	1242	
1242	170	
851	982	
982	851	
339	623	
623	339	
1018	1636	
1636	1018	
649	2417	
2417	649	
111	1219	
1219	111	
485	1495	
1495	485	
583	954	
954	583	
342	1377	
1377	342	
638	713	
713	638	
440	1818	
1818	440	
1116	1826	
1826	1116	
316	1808	
1808	316	
1651	2247	
2247	1651	
85	1625	
1625	85	
26	2705	
2705	26	
1108	2234	
2234	1108	
1665	1698	
1698	1665	
810	2161	
2161	810	
17	1014	
1014	17	
491	979	
979	491	
981	991	
991	981	
1782	1977	
1977	1782	
1150	2415	
2415	1150	
60	2444	
2444	60	
161	893	
893	161	
904	1929	
1929	904	
1995	2033	
2033	1995	
888	1134	
1134	888	
1182	1806	
1806	1182	
2347	2426	
2426	2347	
1604	1726	
1726	1604	
2399	2509	
2509	2399	
1966	2002	
2002	1966	
723	1659	
1659	723	
2179	2533	
2533	2179	
544	2306	
2306	544	
1188	1664	
1664	1188	
444	2279	
2279	444	
1680	2368	
2368	1680	
829	2471	
2471	829	
566	666	
666	566	
1148	2189	
2189	1148	
442	1879	
1879	442	
16	1552	
1552	16	
1011	1996	
1996	1011	
282	2507	
2507	282	
1649	2353	
2353	1649	
1633	2288	
2288	1633	
1579	2633	
2633	1579	
531	926	
926	531	
519	1079	
1079	519	
207	464	
464	207	
2101	2487	
2487	2101	
962	1494	
1494	962	
944	1285	
1285	944	
2059	2684	
2684	2059	
1314	2052	
2052	1314	
556	1429	
1429	556	
1128	1524	
1524	1128	
410	1677	
1677	410	
10	1795	
1795	10	
1229	2084	
2084	1229	
2394	2506	
2506	2394	
887	2456	
2456	887	
1704	2667	
2667	1704	
207	2377	
2377	207	
410	2518	
2518	410	
488	1353	
1353	488	
2270	2437	
2437	2270	
1279	2292	
2292	1279	
783	824	
824	783	
639	702	
702	639	
1448	2282	
2282	1448	
2307	2692	
2692	2307	
1074	1990	
1990	1074	
1014	1865	
1865	1014	
2005	2527	
2527	2005	
291	1184	
1184	291	
127	1115	
1115	127	
398	739	
739	398	
2078	2263	
2263	2078	
278	927	
927	278	
1709	2344	
2344	1709	
1256	2159	
2159	1256	
135	2125	
2125	135	
1737	2076	
2076	1737	
1369	2329	
2329	1369	
1944	2009	
2009	1944	
1401	2553	
2553	1401	
133	139	
139	133	
616	2032	
2032	616	
1273	2299	
2299	1273	
455	624	
624	455	
48	566	
566	48	
129	1331	
1331	129	
1958	2680	
2680	1958	
979	1736	
1736	979	
302	2330	
2330	302	
1086	2264	
2264	1086	
1516	2344	
2344	1516	
820	900	
900	820	
992	1352	
1352	992	
69	2170	
2170	69	
204	2691	
2691	204	
1174	2096	
2096	1174	
1208	1640	
1640	1208	
1368	1429	
1429	1368	
730	2211	
2211	730	
104	1081	
1081	104	
1309	1772	
1772	1309	
551	2668	
2668	551	
265	2034	
2034	265	
895	1644	
1644	895	
1067	1431	
1431	1067	
2305	2317	
2317	2305	
1878	2416	
2416	1878	
863	1645	
1645	863	
123	1574	
1574	123	
277	2270	
2270	277	
106	1996	
1996	106	
151	946	
946	151	
477	1939	
1939	477	
1465	1831	
1831	1465	
851	1671	
1671	851	
41	919	
919	41	
471	1404	
1404	471	
1047	1574	
1574	1047	
292	660	
660	292	
679	1034	
1034	679	
2391	2443	
2443	2391	
1543	1591	
1591	1543	
758	1649	
1649	758	
385	2233	
2233	385	
1331	2599	
2599	1331	
1112	2342	
2342	1112	
601	1012	
1012	601	
785	2369	
2369	785	
1551	2219	
2219	1551	
605	2147	
2147	605	
548	1689	
1689	548	
387	669	
669	387	
67	1479	
1479	67	
362	2432	
2432	362	
1917	2453	
2453	1917	
286	1718	
1718	286	
1039	2028	
2028	1039	
20	2057	
2057	20	
1835	2270	
2270	1835	
450	1314	
1314	450	
39	2238	
2238	39	
358	1890	
1890	358	
618	1386	
1386	618	
577	919	
919	577	
459	729	
729	459	
106	1312	
1312	106	
114	665	
665	114	
766	1690	
1690	766	
282	864	
864	282	
1127	1299	
1299	1127	
2293	2646	
2646	2293	
1265	1922	
1922	1265	
483	1739	
1739	483	
1375	2224	
2224	1375	
1652	1941	
1941	1652	
1009	1425	
1425	1009	
273	1470	
1470	273	
691	1614	
1614	691	
59	1967	
1967	59	
1204	2076	
2076	1204	
1072	1197	
1197	1072	
405	2488	
2488	405	
1350	2639	
2639	1350	
18	1906	
1906	18	
25	1535	
1535	25	
139	922	
922	139	
1170	1431	
1431	1170	
2169	2219	
2219	2169	
111	1123	
1123	111	
594	1794	
1794	594	
0	2369	
2369	0	
670	2001	
2001	670	
14	1996	
1996	14	
75	710	
710	75	
491	2127	
2127	491	
813	1901	
1901	813	
532	830	
830	532	
218	1890	
1890	218	
1170	2323	
2323	1170	
2155	2660	
2660	2155	
1673	2388	
2388	1673	
520	1650	
1650	520	
71	421	
421	71	
580	1918	
1918	580	
750	1070	
1070	750	
797	1192	
1192	797	
286	579	
579	286	
822	1519	
1519	822	
1149	2631	
2631	1149	
852	1772	
1772	852	
447	2496	
2496	447	
1584	2166	
2166	1584	
1311	2070	
2070	1311	
304	1152	
1152	304	
6	1430	
1430	6	
1918	1922	
1922	1918	
132	615	
615	132	
1139	1976	
1976	1139	
683	2487	
2487	683	
1203	1504	
1504	1203	
1340	2079	
2079	1340	
909	2073	
2073	909	
1556	2319	
2319	1556	
428	987	
987	428	
862	915	
915	862	
8	1123	
1123	8	
1508	1899	
1899	1508	
662	1025	
1025	662	
4	858	
858	4	
345	1738	
1738	345	
1013	1668	
1668	1013	
166	1747	
1747	166	
174	474	
474	174	
2000	2669	
2669	2000	
783	1302	
1302	783	
645	2204	
2204	645	
1100	2456	
2456	1100	
2162	2429	
2429	2162	
350	2508	
2508	350	
1665	2273	
2273	1665	
1547	2619	
2619	1547	
2315	2646	
2646	2315	
450	1572	
1572	450	
1437	1994	
1994	1437	
882	1983	
1983	882	
955	1383	
1383	955	
1190	2276	
2276	1190	
1749	1928	
1928	1749	
1067	2092	
2092	1067	
1529	1534	
1534	1529	
331	2225	
2225	331	
1763	2687	
2687	1763	
727	2478	
2478	727	
631	2152	
2152	631	
1470	1690	
1690	1470	
2351	2489	
2489	2351	
1758	2213	
2213	1758	
337	2442	
2442	337	
1010	1982	
1982	1010	
99	782	
782	99	
1943	2187	
2187	1943	
158	656	
656	158	
1300	1376	
1376	1300	
96	439	
439	96	
40	1848	
1848	40	
1673	2042	
2042	1673	
575	1290	
1290	575	
356	484	
484	356	
203	1028	
1028	203	
177	1048	
1048	177	
1825	2112	
2112	1825	
188	857	
857	188	
51	1754	
1754	51	
665	1271	
1271	665	
1401	2103	
2103	1401	
2	1649	
1649	2	
2433	2616	
2616	2433	
201	814	
814	201	
341	1502	
1502	341	
215	1406	
1406	215	
1744	2238	
2238	1744	
980	2152	
2152	980	
586	1223	
1223	586	
1407	2011	
2011	1407	
618	1115	
1115	618	
1356	1426	
1426	1356	
2000	2590	
2590	2000	
75	1205	
1205	75	
212	552	
552	212	
634	2655	
2655	634	
713	859	
859	713	
945	1189	
1189	945	
311	1341	
1341	311	
2330	2698	
2698	2330	
230	1170	
1170	230	
715	1928	
1928	715	
551	2144	
2144	551	
663	2529	
2529	663	
1419	2180	
2180	1419	
1333	1780	
1780	1333	
815	2147	
2147	815	
263	1924	
1924	263	
950	1208	
1208	950	
740	1706	
1706	740	
788	1967	
1967	788	
36	1423	
1423	36	
2008	2653	
2653	2008	
842	2368	
2368	842	
175	883	
883	175	
720	1620	
1620	720	
239	822	
822	239	
1599	2058	
2058	1599	
315	1720	
1720	315	
48	1258	
1258	48	
1162	2529	
2529	1162	
241	1339	
1339	241	
742	907	
907	742	
1699	2462	
2462	1699	
688	1134	
1134	688	
1542	2213	
2213	1542	
1702	1875	
1875	1702	
163	1117	
1117	163	
1345	1521	
1521	1345	
1162	1459	
1459	1162	
1105	2139	
2139	1105	
798	1825	
1825	798	
1239	1543	
1543	1239	
874	2454	
2454	874	
54	2452	
2452	54	
1351	2383	
2383	1351	
706	2045	
2045	706	
249	1767	
1767	249	
179	1709	
1709	179	
140	2215	
2215	140	
1590	1700	
1700	1590	
1101	1910	
1910	1101	
1812	2221	
2221	1812	
444	1357	
1357	444	
1078	2501	
2501	1078	
764	2034	
2034	764	
237	1865	
1865	237	
1315	1889	
1889	1315	
160	1762	
1762	160	
2610	2676	
2676	2610	
290	1370	
1370	290	
2091	2571	
2571	2091	
173	618	
618	173	
1059	2291	
2291	1059	
419	2483	
2483	419	
1701	1883	
1883	1701	
1792	2000	
2000	1792	
390	494	
494	390	
1211	2368	
2368	1211	
1691	2529	
2529	1691	
267	1609	
1609	267	
428	2002	
2002	428	
283	1182	
1182	283	
1640	1822	
1822	1640	
381	1941	
1941	381	
529	674	
674	529	
167	2047	
2047	167	
802	1352	
1352	802	
550	2359	
2359	550	
508	2112	
2112	508	
1151	1573	
1573	1151	
866	2611	
2611	866	
416	1082	
1082	416	
1599	2487	
2487	1599	
1296	1841	
1841	1296	
277	683	
683	277	
1043	1141	
1141	1043	
2187	2488	
2488	2187	
914	1081	
1081	914	
1252	2507	
2507	1252	
1334	1860	
1860	1334	
550	561	
561	550	
678	1133	
1133	678	
1404	1723	
1723	1404	
1904	2611	
2611	1904	
447	1314	
1314	447	
1040	2032	
2032	1040	
848	2066	
2066	848	
484	651	
651	484	
156	1545	
1545	156	
1044	1546	
1546	1044	
1337	2370	
2370	1337	
802	1595	
1595	802	
840	1165	
1165	840	
1214	1309	
1309	1214	
695	1087	
1087	695	
868	1025	
1025	868	
912	1713	
1713	912	
407	1350	
1350	407	
718	2174	
2174	718	
1047	1294	
1294	1047	
1425	1440	
1440	1425	
985	2191	
2191	985	
291	1502	
1502	291	
218	2462	
2462	218	
1633	2397	
2397	1633	
642	1783	
1783	642	
423	898	
898	423	
212	2132	
2132	212	
189	2365	
2365	189	
1230	2539	
2539	1230	
62	1872	
1872	62	
439	460	
460	439	
1518	1950	
1950	1518	
508	1623	
1623	508	
1067	2696	
2696	1067	
169	2410	
2410	169	
1187	2094	
2094	1187	
140	321	
321	140	
272	1600	
1600	272	
1483	1577	
1577	1483	
1277	1443	
1443	1277	
2090	2641	
2641	2090	
520	1487	
1487	520	
517	2507	
2507	517	
1966	2172	
2172	1966	
642	973	
973	642	
245	418	
418	245	
748	2373	
2373	748	
329	2577	
2577	329	
263	1465	
1465	263	
252	2022	
2022	252	
280	1849	
1849	280	
963	1952	
1952	963	
1275	2178	
2178	1275	
343	2162	
2162	343	
1186	1461	
1461	1186	
286	2404	
2404	286	
359	1648	
1648	359	
1650	2099	
2099	1650	
119	1254	
1254	119	
38	1084	
1084	38	
129	2615	
2615	129	
912	2693	
2693	912	
310	2641	
2641	310	
705	2045	
2045	705	
402	2027	
2027	402	
873	889	
889	873	
1346	2455	
2455	1346	
324	1546	
1546	324	
996	1586	
1586	996	
449	2187	
2187	449	
550	2300	
2300	550	
176	2612	
2612	176	
1580	1796	
1796	1580	
1196	1543	
1543	1196	
60	1344	
1344	60	
566	597	
597	566	
1207	1379	
1379	1207	
1551	2264	
2264	1551	
1330	2277	
2277	1330	
655	1322	
1322	655	
768	1632	
1632	768	
264	1539	
1539	264	
1136	1245	
1245	1136	
143	1978	
1978	143	
936	1040	
1040	936	
966	1573	
1573	966	
310	1819	
1819	310	
426	1128	
1128	426	
374	1279	
1279	374	
120	1400	
1400	120	
685	1495	
1495	685	
1953	2036	
2036	1953	
723	1478	
1478	723	
1146	1423	
1423	1146	
359	2227	
2227	359	
1319	2284	
2284	1319	
1266	1869	
1869	1266	
1881	2645	
2645	1881	
89	1394	
1394	89	
657	2179	
2179	657	
45	1833	
1833	45	
1561	2506	
2506	1561	
313	770	
770	313	
812	1842	
1842	812	
1140	1355	
1355	1140	
1057	1762	
1762	1057	
1043	1498	
1498	1043	
498	2417	
2417	498	
547	1908	
1908	547	
1417	2273	
2273	1417	
890	1511	
1511	890	
80	293	
293	80	
113	363	
363	113	
731	2077	
2077	731	
1202	1861	
1861	1202	
161	1172	
1172	161	
510	2298	
2298	510	
1151	2297	
2297	1151	
1300	2623	
2623	1300	
3	967	
967	3	
1465	1707	
1707	1465	
275	294	
294	275	
714	1123	
1123	714	
660	1178	
1178	660	
379	2113	
2113	379	
1812	1866	
1866	1812	
1112	1474	
1474	1112	
1512	2328	
2328	1512	
142	654	
654	142	
826	2056	
2056	826	
1529	2647	
2647	1529	
1678	1857	
1857	1678	
838	2321	
2321	838	
1658	1665	
1665	1658	
790	1919	
1919	790	
1740	2134	
2134	1740	
1989	2253	
2253	1989	
116	817	
817	116	
1745	2664	
2664	1745	
144	679	
679	144	
581	1306	
1306	581	
1245	2413	
2413	1245	
209	1260	
1260	209	
1708	2104	
2104	1708	
1034	2120	
2120	1034	
1428	2148	
2148	1428	
2299	2390	
2390	2299	
1115	1738	
1738	1115	
1831	2323	
2323	1831	
1196	2380	
2380	1196	
642	1399	
1399	642	
1224	1971	
1971	1224	
535	1149	
1149	535	
2262	2689	
2689	2262	
367	404	
404	367	
147	2168	
2168	147	
106	210	
210	106	
444	1233	
1233	444	
1709	2669	
2669	1709	
25	2498	
2498	25	
589	1302	
1302	589	
618	1072	
1072	618	
43	2284	
2284	43	
153	2692	
2692	153	
256	2659	
2659	256	
203	454	
454	203	
526	659	
659	526	
1153	1427	
1427	1153	
2177	2593	
2593	2177	
1511	2393	
2393	1511	
1038	1177	
1177	1038	
578	2600	
2600	578	
881	2055	
2055	881	
849	1594	
1594	849	
1401	1686	
1686	1401	
375	1279	
1279	375	
914	1190	
1190	914	
41	1787	
1787	41	
276	1294	
1294	276	
542	1385	
1385	542	
901	1769	
1769	901	
494	1306	
1306	494	
534	592	
592	534	
1086	1213	
1213	1086	
269	894	
894	269	
510	1803	
1803	510	
468	1552	
1552	468	
594	1565	
1565	594	
229	1059	
1059	229	
852	2454	
2454	852	
1091	2597	
2597	1091	
1855	2396	
2396	1855	
695	2497	
2497	695	
234	423	
423	234	
1956	2008	
2008	1956	
520	1688	
1688	520	
722	2096	
2096	722	
53	369	
369	53	
575	1303	
1303	575	
2155	2427	
2427	2155	
897	1956	
1956	897	
455	1021	
1021	455	
1974	2456	
2456	1974	
937	1731	
1731	937	
308	345	
345	308	
2049	2389	
2389	2049	
165	1542	
1542	165	
1065	1813	
1813	1065	
542	1501	
1501	542	
170	540	
540	170	
344	2418	
2418	344	
86	2124	
2124	86	
1394	2128	
2128	1394	
1663	2427	
2427	1663	
844	2689	
2689	844	
525	2567	
2567	525	
798	2623	
2623	798	
514	1762	
1762	514	
1584	2002	
2002	1584	
1098	2043	
2043	1098	
813	820	
820	813	
630	1276	
1276	630	
1257	2131	
2131	1257	
1174	1440	
1440	1174	
1276	1437	
1437	1276	
820	1246	
1246	820	
1469	1750	
1750	1469	
1225	2371	
2371	1225	
766	1894	
1894	766	
2212	2268	
2268	2212	
1056	2638	
2638	1056	
551	1439	
1439	551	
127	1537	
1537	127	
5	737	
737	5	
1137	2688	
2688	1137	
695	1696	
1696	695	
2015	2509	
2509	2015	
867	2007	
2007	867	
150	574	
574	150	
1349	2212	
2212	1349	
22	1731	
1731	22	
561	2263	
2263	561	
866	1040	
1040	866	
870	1859	
1859	870	
776	1233	
1233	776	
1061	2639	
2639	1061	
1266	1793	
1793	1266	
960	1364	
1364	960	
56	2010	
2010	56	
1294	2532	
2532	1294	
192	1350	
1350	192	
1886	2193	
2193	1886	
526	1260	
1260	526	
521	2380	
2380	521	
1179	2377	
2377	1179	
262	1524	
1524	262	
538	2144	
2144	538	
1265	2634	
2634	1265	
1593	2179	
2179	1593	
988	2262	
2262	988	
1022	1998	
1998	1022	
1037	1389	
1389	1037	
797	1697	
1697	797	
283	2608	
2608	283	
316	318	
318	316	
1101	2351	
2351	1101	
1440	2318	
2318	1440	
652	2302	
2302	652	
1550	2101	
2101	1550	
1355	2083	
2083	1355	
2173	2655	
2655	2173	
1398	2200	
2200	1398	
1170	2530	
2530	1170	
537	892	
892	537	
1141	2437	
2437	1141	
100	551	
551	100	
864	1172	
1172	864	
1063	2187	
2187	1063	
323	909	
909	323	
52	413	
413	52	
1119	1130	
1130	1119	
274	582	
582	274	
275	860	
860	275	
1054	2043	
2043	1054	
600	1446	
1446	600	
983	1962	
1962	983	
816	1036	
1036	816	
1374	2689	
2689	1374	
1138	2032	
2032	1138	
2077	2273	
2273	2077	
2172	2263	
2263	2172	
102	2131	
2131	102	
723	1913	
1913	723	
1345	2124	
2124	1345	
132	1550	
1550	132	
1316	2376	
2376	1316	
1162	1792	
1792	1162	
785	2620	
2620	785	
781	1396	
1396	781	
2193	2422	
2422	2193	
548	1260	
1260	548	
1154	1286	
1286	1154	
184	2106	
2106	184	
1376	2160	
2160	1376	
1839	2549	
2549	1839	
1836	2282	
2282	1836	
353	2480	
2480	353	
936	1244	
1244	936	
133	848	
848	133	
1552	1905	
1905	1552	
1601	1607	
1607	1601	
818	2503	
2503	818	
1051	1101	
1101	1051	
291	663	
663	291	
48	1714	
1714	48	
389	752	
752	389	
1668	1885	
1885	1668	
108	1826	
1826	108	
1190	2057	
2057	1190	
409	1189	
1189	409	
605	1429	
1429	605	
781	2657	
2657	781	
549	723	
723	549	
579	1094	
1094	579	
561	2016	
2016	561	
734	1007	
1007	734	
412	1228	
1228	412	
1244	2389	
2389	1244	
130	2085	
2085	130	
840	2519	
2519	840	
1336	2247	
2247	1336	
1594	2389	
2389	1594	
1508	1612	
1612	1508	
609	1841	
1841	609	
1383	2236	
2236	1383	
188	601	
601	188	
650	918	
918	650	
1414	2363	
2363	1414	
127	2081	
2081	127	
1399	2455	
2455	1399	
1520	2073	
2073	1520	
388	2319	
2319	388	
76	1336	
1336	76	
1174	2509	
2509	1174	
1429	1459	
1459	1429	
749	871	
871	749	
345	1828	
1828	345	
534	2633	
2633	534	
1890	2478	
2478	1890	
509	2141	
2141	509	
1828	2355	
2355	1828	
1590	1634	
1634	1590	
1100	1825	
1825	1100	
1426	2596	
2596	1426	
1239	1801	
1801	1239	
1102	1243	
1243	1102	
29	742	
742	29	
850	2485	
2485	850	
1229	2172	
2172	1229	
943	1999	
1999	943	
368	2660	
2660	368	
627	2475	
2475	627	
1928	2672	
2672	1928	
85	276	
276	85	
599	2336	
2336	599	
659	966	
966	659	
1241	2581	
2581	1241	
1204	2424	
2424	1204	
619	2296	
2296	619	
1094	2630	
2630	1094	
968	1892	
1892	968	
1	714	
714	1	
1127	2554	
2554	1127	
403	1255	
1255	403	
209	2613	
2613	209	
70	2103	
2103	70	
2229	2267	
2267	2229	
800	2381	
2381	800	
35	2705	
2705	35	
1562	1621	
1621	1562	
1390	1781	
1781	1390	
1977	2655	
2655	1977	
1482	1871	
1871	1482	
390	1203	
1203	390	
1094	2099	
2099	1094	
1143	1961	
1961	1143	
114	605	
605	114	
814	2116	
2116	814	
470	1559	
1559	470	
805	2610	
2610	805	
1731	2007	
2007	1731	
1898	1904	
1904	1898	
216	2357	
2357	216	
1003	1926	
1926	1003	
2332	2498	
2498	2332	
180	2324	
2324	180	
64	2570	
2570	64	
1157	1496	
1496	1157	
2291	2546	
2546	2291	
528	1300	
1300	528	
542	1493	
1493	542	
476	1467	
1467	476	
260	1500	
1500	260	
1274	2445	
2445	1274	
769	1466	
1466	769	
2097	2472	
2472	2097	
219	1888	
1888	219	
1734	1860	
1860	1734	
726	1830	
1830	726	
676	2112	
2112	676	
1154	1704	
1704	1154	
637	2674	
2674	637	
848	1157	
1157	848	
841	2680	
2680	841	
2018	2221	
2221	2018	
564	611	
611	564	
71	1868	
1868	71	
1056	1337	
1337	1056	
640	916	
916	640	
169	1704	
1704	169	
1491	2207	
2207	1491	
458	1338	
1338	458	
580	1536	
1536	580	
888	2200	
2200	888	
888	1883	
1883	888	
786	2057	
2057	786	
1595	2021	
2021	1595	
1667	2210	
2210	1667	
648	2040	
2040	648	
1208	2489	
2489	1208	
260	2338	
2338	260	
2065	2097	
2097	2065	
386	1256	
1256	386	
723	844	
844	723	
443	2521	
2521	443	
1200	2038	
2038	1200	
997	1185	
1185	997	
961	1319	
1319	961	
1764	1912	
1912	1764	
313	553	
553	313	
1909	2292	
2292	1909	
309	419	
419	309	
1210	1306	
1306	1210	
789	1922	
1922	789	
1041	2235	
2235	1041	
216	738	
738	216	
86	1301	
1301	86	
1930	1959	
1959	1930	
955	2666	
2666	955	
1696	2273	
2273	1696	
783	2543	
2543	783	
484	1433	
1433	484	
1939	2073	
2073	1939	
1106	1854	
1854	1106	
314	1902	
1902	314	
575	1541	
1541	575	
172	2203	
2203	172	
674	1086	
1086	674	
46	2371	
2371	46	
1563	2463	
2463	1563	
135	2475	
2475	135	
1373	2539	
2539	1373	
7	32	
32	7	
397	2477	
2477	397	
1608	2477	
2477	1608	
1153	1577	
1577	1153	
1905	2685	
2685	1905	
1357	1830	
1830	1357	
1832	2418	
2418	1832	
252	2377	
2377	252	
79	2333	
2333	79	
46	517	
517	46	
1575	2080	
2080	1575	
1842	1900	
1900	1842	
341	546	
546	341	
341	952	
952	341	
759	1191	
1191	759	
1008	1853	
1853	1008	
467	564	
564	467	
1751	2350	
2350	1751	
1220	1630	
1630	1220	
676	967	
967	676	
78	986	
986	78	
521	1108	
1108	521	
1019	2512	
2512	1019	
2084	2137	
2137	2084	
136	977	
977	136	
159	1097	
1097	159	
185	234	
234	185	
167	2663	
2663	167	
149	2300	
2300	149	
453	2163	
2163	453	
371	2430	
2430	371	
1466	2128	
2128	1466	
210	2275	
2275	210	
52	1644	
1644	52	
544	2451	
2451	544	
1505	2629	
2629	1505	
353	1297	
1297	353	
666	975	
975	666	
109	414	
414	109	
527	2685	
2685	527	
530	1711	
1711	530	
717	924	
924	717	
87	819	
819	87	
2117	2270	
2270	2117	
39	1611	
1611	39	
1458	2195	
2195	1458	
602	1690	
1690	602	
327	1883	
1883	327	
1075	2541	
2541	1075	
1010	2199	
2199	1010	
853	1462	
1462	853	
671	2158	
2158	671	
1565	1864	
1864	1565	
547	1629	
1629	547	
2247	2571	
2571	2247	
755	2528	
2528	755	
209	2260	
2260	209	
1525	2329	
2329	1525	
1127	1904	
1904	1127	
609	2609	
2609	609	
97	2478	
2478	97	
1584	1817	
1817	1584	
1140	2588	
2588	1140	
291	1819	
1819	291	
984	1490	
1490	984	
397	2114	
2114	397	
327	2607	
2607	327	
25	2360	
2360	25	
617	1346	
1346	617	
67	90	
90	67	
1267	1602	
1602	1267	
364	1820	
1820	364	
697	1496	
1496	697	
977	1807	
1807	977	
2247	2310	
2310	2247	
1647	1973	
1973	1647	
886	1481	
1481	886	
146	1767	
1767	146	
698	721	
721	698	
47	1697	
1697	47	
942	2666	
2666	942	
314	2356	
2356	314	
10	1631	
1631	10	
29	340	
340	29	
140	2300	
2300	140	
943	2366	
2366	943	
937	2098	
2098	937	
924	1078	
1078	924	
1339	1654	
1654	1339	
1813	2259	
2259	1813	
70	807	
807	70	
1561	2012	
2012	1561	
256	2108	
2108	256	
113	618	
618	113	
1859	2339	
2339	1859	
784	2066	
2066	784	
1443	2396	
2396	1443	
1856	1998	
1998	1856	
830	2458	
2458	830	
1893	2496	
2496	1893	
1821	2572	
2572	1821	
575	949	
949	575	
966	1004	
1004	966	
1324	1917	
1917	1324	
1550	2144	
2144	1550	
279	1710	
1710	279	
428	1355	
1355	428	
1151	1540	
1540	1151	
2620	2700	
2700	2620	
233	1398	
1398	233	
509	2674	
2674	509	
204	2177	
2177	204	
72	1642	
1642	72	
1076	1708	
1708	1076	
345	845	
845	345	
627	2631	
2631	627	
813	1037	
1037	813	
810	2428	
2428	810	
914	1334	
1334	914	
1569	1770	
1770	1569	
1087	1759	
1759	1087	
537	1288	
1288	537	
1699	2657	
2657	1699	
255	972	
972	255	
772	1073	
1073	772	
291	1743	
1743	291	
2173	2552	
2552	2173	
595	2051	
2051	595	
2382	2506	
2506	2382	
995	1293	
1293	995	
434	2652	
2652	434	
1710	2513	
2513	1710	
1306	1771	
1771	1306	
797	1037	
1037	797	
362	406	
406	362	
1092	1577	
1577	1092	
4	478	
478	4	
1967	2417	
2417	1967	
600	1494	
1494	600	
268	585	
585	268	
362	1330	
1330	362	
120	640	
640	120	
341	1553	
1553	341	
634	1621	
1621	634	
519	935	
935	519	
2677	2686	
2686	2677	
705	2657	
2657	705	
487	2169	
2169	487	
419	1629	
1629	419	
378	2082	
2082	378	
2192	2592	
2592	2192	
1383	2548	
2548	1383	
2318	2554	
2554	2318	
581	1837	
1837	581	
1827	2282	
2282	1827	
73	1335	
1335	73	
1371	2127	
2127	1371	
515	527	
527	515	
1408	2324	
2324	1408	
221	2089	
2089	221	
1416	1537	
1537	1416	
569	2123	
2123	569	
1832	1968	
1968	1832	
2492	2694	
2694	2492	
782	2511	
2511	782	
414	2240	
2240	414	
666	2308	
2308	666	
518	639	
639	518	
260	698	
698	260	
267	1782	
1782	267	
1193	2490	
2490	1193	
1482	2651	
2651	1482	
49	2706	
2706	49	
2008	2622	
2622	2008	
629	2227	
2227	629	
1171	1201	
1201	1171	
323	1483	
1483	323	
1202	2030	
2030	1202	
564	863	
863	564	
372	1766	
1766	372	
944	2064	
2064	944	
90	2405	
2405	90	
853	2530	
2530	853	
2314	2423	
2423	2314	
1211	1308	
1308	1211	
935	2540	
2540	935	
170	2543	
2543	170	
67	408	
408	67	
1018	2463	
2463	1018	
310	1148	
1148	310	
1234	1591	
1591	1234	
1220	2277	
2277	1220	
614	1954	
1954	614	
299	1187	
1187	299	
278	960	
960	278	
769	1067	
1067	769	
643	2503	
2503	643	
216	1013	
1013	216	
2178	2299	
2299	2178	
426	1860	
1860	426	
424	1766	
1766	424	
1041	1798	
1798	1041	
725	2555	
2555	725	
318	1750	
1750	318	
1887	2523	
2523	1887	
690	868	
868	690	
1710	2644	
2644	1710	
112	954	
954	112	
934	2292	
2292	934	
2359	2520	
2520	2359	
1437	2380	
2380	1437	
368	596	
596	368	
1390	1623	
1623	1390	
2590	2593	
2593	2590	
1644	2542	
2542	1644	
1048	1612	
1612	1048	
677	947	
947	677	
145	1890	
1890	145	
455	2674	
2674	455	
1795	2666	
2666	1795	
508	1829	
1829	508	
214	1121	
1121	214	
627	1956	
1956	627	
963	2167	
2167	963	
900	1385	
1385	900	
1280	2119	
2119	1280	
999	1860	
1860	999	
2200	2356	
2356	2200	
283	684	
684	283	
107	1262	
1262	107	
274	2676	
2676	274	
40	305	
305	40	
1457	1498	
1498	1457	
1611	2001	
2001	1611	
1778	2202	
2202	1778	
2266	2498	
2498	2266	
1011	1235	
1235	1011	
2185	2331	
2331	2185	
85	1723	
1723	85	
1204	1450	
1450	1204	
52	1602	
1602	52	
658	1821	
1821	658	
680	1522	
1522	680	
1693	1702	
1702	1693	
2565	2648	
2648	2565	
1010	1957	
1957	1010	
22	2278	
2278	22	
102	2539	
2539	102	
909	1051	
1051	909	
541	2388	
2388	541	
794	1639	
1639	794	
239	2329	
2329	239	
1829	2231	
2231	1829	
456	2483	
2483	456	
2145	2503	
2503	2145	
259	2102	
2102	259	
965	2693	
2693	965	
129	665	
665	129	
775	1957	
1957	775	
1970	2110	
2110	1970	
822	1542	
1542	822	
1372	2250	
2250	1372	
1236	1996	
1996	1236	
